x,y,1,2,3,4,5,6
0,73,0,0,0,3,0,0
0,74,0,0,0,74,0,0
0,75,0,0,0,26,0,0
0,77,0,0,0,26,0,0
0,78,0,0,0,35,0,0
0,79,3,0,0,38,0,0
0,80,0,0,0,3,0,0
0,82,0,0,0,3,0,0
0,101,0,0,0,3,0,0
0,125,0,0,0,7,0,0
0,126,0,0,0,7,0,0
0,127,0,0,0,7,6,0
1,13,0,0,0,3,0,0
1,72,0,0,0,11,0,0
1,79,0,0,0,22,0,0
1,125,0,0,0,13,0,0
1,127,0,0,0,4,0,0
2,70,0,0,0,3,0,0
2,71,0,0,0,4,0,0
2,72,0,0,0,6,0,0
2,101,0,0,0,3,0,0
2,125,0,0,0,10,3,0
2,126,0,0,0,6,0,0
2,127,0,0,0,11,0,0
3,70,0,0,0,5,0,0
3,71,0,0,0,9,0,0
3,101,0,0,0,3,3,0
3,124,0,0,0,7,0,0
3,125,0,0,0,3,0,0
3,127,0,3,0,3,0,0
4,11,0,0,0,10,0,0
4,70,0,0,0,10,0,0
4,71,0,0,0,3,0,0
4,101,0,0,0,4,0,0
4,124,0,0,0,3,0,0
4,125,0,0,0,3,0,0
5,10,0,0,0,3,0,0
5,11,0,0,0,3,0,0
5,12,0,0,0,3,0,0
5,68,0,0,0,3,0,0
5,69,0,0,0,7,0,0
5,70,0,0,0,8,0,4
5,71,0,0,0,0,0,3
5,101,0,0,0,3,0,0
5,102,0,0,0,3,0,0
6,11,0,0,0,11,3,0
6,67,0,0,0,3,0,0
6,68,0,3,0,3,0,0
6,70,0,0,0,3,0,0
6,71,0,0,0,0,0,3
6,102,0,0,0,3,0,0
7,11,0,0,0,5,3,0
7,68,0,0,0,3,0,0
7,69,0,0,0,6,0,0
7,71,0,0,0,3,0,0
8,5,0,0,0,4,0,0
8,6,0,0,0,4,0,0
8,7,0,0,0,4,0,0
8,8,0,0,0,8,0,0
8,11,0,3,0,7,3,0
8,68,0,0,0,8,0,0
8,69,0,3,0,8,0,0
8,70,0,0,0,6,0,0
8,71,0,0,0,3,0,0
9,5,3,0,0,8,0,0
9,6,5,3,0,9,0,0
9,7,0,0,0,12,0,0
9,8,0,0,0,15,0,0
9,11,0,0,0,7,0,0
9,67,0,0,0,0,0,4
9,68,0,0,0,14,8,0
9,69,0,4,0,19,0,3
9,71,0,0,0,4,0,0
9,100,0,0,0,3,0,0
10,6,4,4,0,14,0,0
10,7,0,3,0,17,0,0
10,8,0,0,0,23,0,0
10,11,3,0,0,13,0,0
10,68,0,3,0,49,0,0
10,69,0,0,0,17,14,0
10,71,0,0,0,13,0,0
10,72,0,0,0,13,0,0
10,73,0,0,0,7,0,0
10,74,0,0,0,4,0,0
11,6,3,0,0,14,0,0
11,7,0,0,0,10,0,0
11,8,3,0,0,22,0,0
11,9,0,0,0,3,0,0
11,11,0,0,0,3,0,0
11,66,0,0,0,3,0,0
11,67,3,0,0,15,0,0
11,68,0,0,0,46,0,0
11,73,0,0,0,5,3,0
11,74,0,0,0,13,0,0
11,75,0,3,0,13,0,0
11,76,0,0,0,11,0,0
12,6,0,0,0,4,0,0
12,7,0,0,0,10,0,0
12,11,0,0,0,3,0,0
12,12,0,0,0,3,0,0
12,66,0,0,0,4,0,0
12,67,0,0,0,20,7,0
12,68,0,3,0,21,4,0
12,74,0,0,0,12,0,0
12,75,0,0,0,17,0,0
12,76,0,0,0,11,3,0
12,77,0,0,0,7,0,0
12,78,0,0,0,7,0,0
12,79,0,0,0,7,0,0
12,80,0,0,0,29,0,0
12,81,0,3,0,28,3,0
12,82,0,0,0,18,0,0
13,7,0,11,0,20,0,0
13,8,0,3,0,11,0,0
13,11,0,0,0,12,0,0
13,12,3,4,0,9,0,0
13,67,0,0,0,9,0,6
13,68,0,0,0,49,0,0
13,69,0,0,0,16,0,0
13,70,0,0,0,3,0,0
13,73,0,0,0,8,0,0
13,74,0,0,0,10,0,0
13,75,0,0,0,14,3,0
13,77,0,0,0,3,0,0
13,78,0,0,0,10,0,0
13,79,0,0,0,11,0,0
13,80,0,0,0,9,0,0
13,81,0,0,0,7,0,0
13,82,0,0,0,9,0,0
13,83,0,0,0,7,3,0
13,84,0,0,0,3,3,0
14,7,0,0,0,5,0,0
14,8,0,3,0,17,0,0
14,9,0,3,0,13,0,0
14,11,0,0,0,4,0,0
14,66,0,0,0,3,0,0
14,67,0,3,0,11,0,0
14,75,0,0,0,3,0,0
14,76,0,0,0,8,3,0
14,77,0,0,0,14,0,0
14,78,0,0,0,9,0,0
14,79,0,0,0,13,0,0
14,80,0,0,0,9,0,0
14,81,0,0,0,8,3,0
14,82,0,0,0,13,0,0
14,83,0,3,0,10,3,0
15,5,0,0,0,4,0,0
15,7,0,0,0,8,0,0
15,8,0,0,0,9,0,0
15,9,0,0,0,9,0,0
15,10,0,0,0,3,0,0
15,66,0,3,0,8,0,0
15,67,0,7,0,37,3,0
15,68,0,0,0,8,0,0
15,75,0,0,0,7,0,0
15,76,0,0,0,7,3,0
15,77,0,0,0,7,0,0
15,78,0,3,0,10,0,0
15,79,0,0,0,3,0,0
15,80,0,0,0,6,0,0
15,81,3,0,0,9,0,0
15,82,0,0,0,5,0,0
16,8,0,0,0,10,3,0
16,9,0,0,0,3,0,0
16,17,0,0,0,3,0,0
16,64,0,0,0,4,0,0
16,65,0,3,0,25,3,0
16,66,3,4,0,25,0,0
16,75,0,0,0,4,0,0
16,79,0,0,0,4,0,0
16,80,0,0,0,5,0,0
16,81,0,0,0,5,0,0
16,82,0,0,0,3,0,0
17,6,0,0,0,3,0,0
17,7,0,0,0,14,0,0
17,8,0,0,0,8,3,0
17,9,0,0,0,3,0,0
17,18,0,4,0,5,0,0
17,19,0,0,0,7,0,0
17,20,0,0,0,3,0,0
17,64,0,0,0,6,0,0
17,66,0,0,0,7,0,0
17,70,0,3,0,12,0,0
17,71,3,5,0,25,0,0
17,72,0,4,0,13,0,0
17,73,0,0,0,8,0,0
18,0,0,0,0,4,0,0
18,3,0,0,0,4,0,0
18,4,0,0,0,3,0,0
18,9,3,0,0,10,0,0
18,14,0,3,0,0,3,0
18,15,3,0,0,6,0,0
18,16,0,0,0,4,0,0
18,17,0,0,0,12,0,0
18,18,0,0,0,10,0,0
18,19,0,0,0,6,0,0
18,64,0,3,0,4,0,0
18,70,0,6,0,24,0,0
18,71,0,5,0,16,0,0
18,72,3,3,0,7,0,0
18,73,0,8,0,11,0,0
18,74,0,0,0,6,0,0
19,0,0,3,0,3,0,0
19,1,0,0,0,3,0,0
19,9,0,0,0,11,0,0
19,13,0,0,0,4,0,0
19,14,0,0,0,19,0,0
19,15,0,0,0,6,0,0
19,16,0,0,0,4,0,0
19,18,0,0,0,9,0,0
19,19,0,0,0,14,0,0
19,20,0,0,0,3,0,0
19,21,0,0,0,6,0,0
19,63,0,0,0,10,0,0
19,64,0,0,0,3,4,7
19,65,0,4,0,0,0,0
19,67,0,3,0,13,0,0
19,68,0,0,0,4,0,0
19,69,0,0,0,3,0,0
19,70,0,0,0,9,0,0
19,71,0,0,0,7,0,0
19,72,0,0,0,14,0,0
19,73,0,0,0,8,0,0
20,9,0,0,0,6,0,0
20,12,0,0,0,3,0,0
20,13,0,0,0,9,0,0
20,14,0,0,0,3,0,0
20,18,0,0,0,7,0,0
20,19,0,0,0,3,0,0
20,20,0,0,0,3,0,0
20,21,0,0,0,3,0,0
20,22,0,0,0,6,0,0
20,43,3,0,0,0,0,0
20,64,0,3,0,25,0,0
20,65,0,0,3,0,0,0
20,68,0,0,0,12,0,0
20,69,0,0,0,11,0,0
21,12,0,0,0,3,0,0
21,13,0,0,0,9,0,0
21,18,0,0,0,5,0,0
21,19,0,3,0,5,0,0
21,20,0,3,0,0,0,0
21,21,0,3,0,5,0,0
21,71,0,0,0,3,0,0
21,72,0,0,0,11,0,0
21,73,0,0,0,8,0,0
22,13,0,0,0,6,0,0
22,14,0,0,0,5,0,0
22,16,0,4,0,5,0,0
22,17,0,0,0,3,0,0
22,18,3,0,0,4,0,0
22,19,3,3,0,20,0,0
22,20,0,0,4,11,0,0
22,21,0,3,3,62,0,0
22,22,0,0,0,4,0,0
22,71,0,0,0,8,0,0
22,72,0,0,0,10,0,0
22,73,0,0,0,11,0,0
22,74,0,0,0,5,0,0
23,13,0,0,0,8,3,0
23,14,0,3,0,4,0,0
23,16,4,6,0,10,0,0
23,17,0,3,0,9,3,0
23,18,0,0,0,21,0,0
23,19,0,0,0,6,0,0
23,20,0,0,0,3,0,0
23,21,0,0,0,9,0,0
23,31,0,0,0,6,0,0
23,32,0,0,0,6,0,0
23,33,0,0,0,9,3,0
23,34,0,0,0,5,0,0
23,63,0,3,0,5,0,0
23,64,0,3,0,0,0,0
23,72,0,3,0,6,0,0
23,73,0,0,0,3,0,0
23,74,0,0,0,3,0,0
23,75,0,0,0,6,0,0
23,103,0,0,0,3,0,0
23,104,0,3,0,7,0,0
24,15,0,0,0,7,0,0
24,16,0,5,0,20,0,0
24,17,3,0,0,8,3,0
24,18,0,3,0,47,0,0
24,19,0,0,0,48,0,0
24,30,0,0,0,4,0,0
24,31,0,0,3,17,3,0
24,32,0,0,0,13,0,0
24,33,0,3,0,15,0,0
24,34,0,3,0,11,0,0
24,35,0,3,0,6,0,0
24,63,0,0,0,10,0,0
24,72,0,0,0,3,0,0
24,73,0,0,0,4,0,0
24,74,0,0,0,3,0,0
24,75,0,0,0,15,0,0
24,76,0,0,0,3,0,0
24,104,0,3,0,7,0,0
24,105,0,0,0,7,0,0
25,15,0,0,0,3,0,0
25,16,0,0,0,19,0,0
25,17,0,0,0,12,0,0
25,18,3,4,0,5,0,0
25,30,0,0,0,7,7,0
25,31,0,4,0,9,0,0
25,32,0,0,0,11,0,0
25,33,0,0,0,8,3,0
25,34,0,0,0,10,0,0
25,35,0,0,0,6,0,0
25,62,0,0,0,3,0,0
25,63,0,0,0,5,0,0
25,64,0,0,0,17,4,0
25,71,0,0,0,0,3,0
25,73,0,0,0,3,0,0
25,74,0,0,0,3,0,0
25,75,0,0,0,9,0,0
25,104,0,0,0,3,0,0
25,105,0,0,0,5,3,0
25,106,0,0,0,3,0,0
26,11,0,0,0,3,0,0
26,15,0,5,0,5,0,0
26,16,0,0,0,15,0,0
26,17,0,0,0,5,0,0
26,18,0,3,0,0,0,0
26,23,0,0,0,3,0,0
26,29,0,0,0,5,0,0
26,30,0,0,0,21,0,0
26,31,0,0,0,5,0,0
26,32,0,0,0,9,6,0
26,33,0,3,0,11,0,0
26,34,0,3,4,14,0,0
26,35,0,0,0,7,0,0
26,37,0,0,0,8,0,0
26,38,0,0,0,13,0,0
26,39,0,3,0,10,0,0
26,62,0,0,0,3,0,0
26,63,0,0,0,11,0,0
26,64,0,0,0,4,0,0
26,105,0,0,0,5,0,0
27,17,0,0,0,15,0,0
27,18,0,0,0,64,0,0
27,29,0,0,0,16,0,0
27,30,0,0,9,11,0,0
27,31,0,3,0,20,4,0
27,32,0,0,0,10,0,0
27,33,4,3,4,18,0,0
27,34,0,0,0,4,0,0
27,37,0,0,0,3,0,0
27,38,0,0,0,9,0,0
27,39,0,3,0,8,0,0
27,40,0,0,0,5,0,0
27,62,0,0,0,4,0,0
27,63,0,8,0,4,0,0
27,64,0,0,0,7,0,0
27,104,0,0,0,3,0,0
27,105,0,0,0,8,0,0
27,106,0,0,0,8,0,0
28,16,0,0,0,3,3,0
28,17,0,0,0,15,0,0
28,18,5,3,22,52,0,0
28,29,0,0,0,29,0,0
28,30,0,0,0,40,0,0
28,31,0,0,3,15,0,0
28,32,0,0,0,13,0,0
28,33,0,3,0,6,0,0
28,34,0,0,0,4,0,0
28,38,0,0,0,12,0,0
28,39,0,0,0,5,0,0
28,40,0,3,0,11,0,0
28,41,0,0,0,10,0,0
28,63,0,0,0,6,0,0
28,64,0,0,0,3,0,0
28,106,0,0,0,5,0,0
29,16,0,0,0,8,0,0
29,17,0,4,0,11,0,0
29,18,0,0,0,11,0,0
29,21,0,0,0,4,0,0
29,29,6,0,0,12,0,0
29,30,26,0,0,56,0,0
29,31,3,0,0,23,0,0
29,32,0,0,0,3,0,0
29,33,0,0,0,5,0,0
29,34,0,0,0,5,0,0
29,35,0,0,0,8,0,0
29,36,0,0,0,11,0,0
29,37,0,0,0,11,3,0
29,38,0,0,0,8,0,0
29,39,0,0,0,15,0,0
29,40,0,0,0,7,0,0
29,63,0,0,0,28,0,0
29,64,0,0,0,23,0,0
29,66,0,0,0,9,0,0
29,67,0,0,0,8,0,0
29,68,0,3,0,6,0,0
29,69,0,0,0,3,0,0
29,70,0,0,0,3,0,0
29,106,0,0,0,11,0,0
30,16,0,0,0,4,0,0
30,17,3,0,0,10,0,0
30,18,0,0,0,3,0,0
30,19,0,0,0,5,0,0
30,20,0,0,0,3,0,0
30,21,0,0,0,6,0,0
30,35,0,0,0,3,0,0
30,36,0,0,0,4,0,0
30,37,0,0,0,8,0,0
30,38,0,0,0,16,0,0
30,39,0,0,0,12,0,0
30,40,0,0,0,7,0,0
30,62,0,0,0,7,0,0
30,63,0,5,0,4,0,0
30,66,0,0,0,8,0,0
30,67,0,0,0,5,0,0
30,68,0,0,0,8,0,0
30,105,0,0,0,3,0,0
30,106,0,3,0,11,0,0
31,16,0,0,0,5,0,0
31,17,0,0,0,4,0,0
31,18,0,0,0,55,0,0
31,19,0,0,0,3,0,0
31,20,0,0,0,3,0,0
31,21,0,0,0,4,0,0
31,22,0,3,0,3,0,0
31,23,0,0,0,7,0,0
31,37,0,0,0,6,0,0
31,38,0,0,0,21,0,0
31,39,0,0,0,22,0,0
31,40,0,0,0,8,0,0
31,62,0,0,0,8,0,0
31,63,0,3,23,11,0,0
31,66,0,0,0,3,0,0
31,67,0,0,0,3,0,0
31,68,0,0,0,4,0,0
31,105,0,0,0,3,0,0
31,106,0,3,0,5,0,0
31,107,0,4,0,9,0,0
32,16,0,0,0,3,3,0
32,17,0,0,0,98,0,0
32,18,0,0,0,25,0,0
32,20,0,0,0,3,0,0
32,21,0,0,0,8,0,0
32,22,0,0,0,6,0,0
32,23,0,3,0,6,0,0
32,24,0,0,0,4,0,0
32,38,0,0,0,8,0,0
32,39,0,3,0,5,0,0
32,61,0,3,0,9,0,0
32,62,0,0,0,59,0,0
32,63,0,0,0,26,0,0
32,64,0,5,0,23,0,0
32,65,0,0,0,3,0,0
32,66,0,0,0,9,0,0
32,67,0,0,0,10,0,0
32,68,0,0,0,6,0,0
32,69,0,0,0,3,0,0
32,106,0,0,0,9,0,0
32,107,0,0,0,9,0,0
32,108,0,0,0,11,0,0
32,109,0,0,0,4,0,0
33,16,0,0,0,5,0,0
33,17,0,0,0,72,0,0
33,18,0,0,0,7,0,0
33,20,0,0,0,4,0,0
33,21,0,0,0,8,0,0
33,22,0,0,0,8,0,0
33,23,0,0,0,8,0,0
33,24,0,0,0,4,0,0
33,38,0,0,0,4,0,0
33,60,0,0,0,3,0,0
33,61,0,0,0,8,0,0
33,62,0,3,0,40,0,0
33,63,0,7,0,34,0,0
33,64,0,0,0,8,0,0
33,66,0,0,0,3,0,0
33,67,0,0,0,14,0,0
33,68,3,0,0,17,0,0
33,69,0,0,0,7,0,0
33,105,0,0,0,5,0,0
33,107,0,0,0,3,0,0
34,16,0,0,0,7,0,0
34,17,0,0,0,66,0,0
34,18,0,3,0,6,0,0
34,19,0,0,0,6,0,0
34,20,0,3,0,0,0,0
34,21,0,0,0,3,0,0
34,22,0,0,0,5,0,0
34,23,0,3,0,3,0,0
34,38,0,0,0,8,0,0
34,39,0,0,0,3,0,0
34,58,0,3,0,5,0,0
34,59,0,0,0,3,0,0
34,60,3,3,0,24,0,0
34,61,0,3,0,12,0,0
34,62,0,0,0,12,0,0
34,63,3,0,0,12,16,0
34,68,0,0,0,5,0,0
34,69,0,0,0,3,0,0
34,106,0,0,0,3,0,0
35,15,0,0,0,3,0,0
35,16,0,0,0,5,0,0
35,17,0,0,0,8,0,0
35,18,0,0,0,6,3,0
35,19,0,0,0,9,0,0
35,22,0,0,0,0,3,0
35,58,0,0,0,3,0,0
35,59,0,0,0,10,0,0
35,60,0,3,0,21,0,0
35,63,0,0,0,5,0,0
35,106,0,0,0,3,0,0
36,16,0,3,0,15,0,0
36,17,0,3,0,9,0,0
36,18,0,3,0,6,0,0
36,19,0,0,0,7,0,0
36,38,0,0,0,3,0,0
36,39,0,0,0,3,0,0
36,59,0,3,0,8,0,0
36,60,0,0,0,3,0,0
36,63,3,3,0,22,0,0
36,64,0,4,0,7,0,0
37,16,0,0,0,10,0,0
37,17,0,0,0,11,0,0
37,18,0,0,0,18,0,0
37,19,0,0,0,9,0,0
37,35,0,3,0,5,0,0
37,38,0,0,0,8,0,0
37,39,0,0,0,4,0,0
37,40,0,0,0,5,0,0
37,57,0,0,0,5,0,0
37,58,0,0,0,8,0,0
37,59,0,0,0,4,0,0
37,60,0,6,0,10,3,0
37,61,3,0,0,15,0,0
37,62,0,0,0,7,0,0
37,63,3,5,0,5,0,0
37,64,3,12,0,28,0,0
37,65,0,6,0,31,0,0
37,66,0,3,0,25,3,0
37,67,0,0,0,18,4,0
38,0,3,5,0,12,0,0
38,16,0,0,0,6,3,0
38,17,0,0,0,6,0,0
38,18,0,0,0,10,0,0
38,19,0,0,0,6,0,0
38,35,0,4,0,11,0,0
38,36,0,0,0,3,0,0
38,37,0,3,0,4,0,0
38,38,0,0,0,15,0,0
38,39,3,0,0,8,0,0
38,40,0,0,0,5,0,0
38,58,0,0,0,5,0,0
38,59,0,0,0,11,3,0
38,61,0,0,0,13,0,0
38,65,0,3,0,7,0,0
38,66,0,7,0,23,3,0
38,67,0,5,0,19,3,0
38,68,0,0,0,12,0,0
38,69,0,0,0,7,0,0
38,70,0,0,0,4,0,0
39,2,0,0,0,3,0,0
39,16,0,0,0,7,0,0
39,17,0,3,0,7,0,0
39,18,0,0,0,12,0,0
39,19,0,0,0,3,0,0
39,30,0,0,0,8,0,0
39,31,0,0,0,6,0,0
39,32,0,3,0,3,0,0
39,34,0,0,0,31,0,0
39,35,0,0,0,3,0,0
39,59,0,0,0,5,0,0
39,61,0,0,0,10,0,0
39,62,0,0,0,6,0,0
39,126,0,0,0,5,0,0
39,127,0,0,0,3,3,0
40,0,128,0,0,0,0,0
40,1,120,0,0,0,0,0
40,17,0,0,0,3,0,0
40,18,3,0,0,3,3,0
40,29,0,0,0,9,0,0
40,30,0,3,0,16,0,0
40,31,0,0,0,15,0,0
40,32,0,3,0,10,0,0
40,33,3,0,0,15,0,0
40,34,0,0,0,83,0,0
40,35,19,0,0,38,0,0
40,39,0,0,0,4,0,0
40,61,0,0,0,5,0,0
40,66,0,0,0,5,0,0
40,67,0,0,0,10,0,0
40,126,0,0,0,3,4,0
40,127,0,0,0,5,0,0
41,0,153,0,0,0,0,0
41,1,169,0,0,0,0,0
41,2,18,0,0,0,0,0
41,26,0,0,0,12,0,0
41,27,0,0,0,23,0,0
41,28,0,0,0,33,0,0
41,29,0,0,0,41,0,0
41,30,0,3,4,29,0,0
41,31,0,0,0,14,0,0
41,32,0,0,0,12,0,0
41,33,0,0,0,14,4,0
41,34,0,0,0,53,0,0
41,35,0,0,25,60,0,0
41,36,0,0,0,60,0,0
41,37,0,0,0,27,0,0
41,38,0,0,0,42,0,0
41,39,3,0,0,7,0,0
41,40,0,0,0,3,0,0
41,61,0,5,0,6,0,0
41,67,0,0,0,4,0,0
41,107,0,0,0,3,0,0
41,108,0,0,0,4,0,0
41,109,0,0,0,3,0,0
41,125,0,0,0,5,0,0
41,126,0,0,0,7,0,0
42,1,68,0,0,0,0,0
42,24,0,3,0,4,0,0
42,25,0,0,0,8,0,0
42,26,0,0,0,13,0,0
42,27,0,0,0,21,0,0
42,28,0,0,0,83,0,0
42,29,0,0,0,84,0,0
42,30,0,0,0,30,0,0
42,31,0,0,0,7,0,0
42,32,0,0,0,23,3,0
42,33,0,0,0,16,0,0
42,34,0,0,0,82,0,0
42,35,0,0,0,103,0,0
42,36,0,0,0,61,0,0
42,37,0,0,0,12,0,0
42,38,0,0,0,4,0,0
42,39,0,0,0,6,0,0
42,60,0,0,0,6,0,0
42,69,0,0,0,3,0,0
42,104,0,0,0,4,0,0
42,105,0,0,0,5,0,0
42,106,0,3,0,3,0,0
42,107,0,0,0,8,0,0
42,108,0,4,0,12,0,0
42,125,0,0,0,10,0,0
42,126,0,0,0,3,3,0
43,1,83,0,0,0,0,0
43,2,49,0,0,0,0,0
43,22,0,0,0,3,0,0
43,23,0,0,0,11,0,0
43,24,0,0,0,9,0,0
43,25,0,3,0,3,0,0
43,26,0,3,0,8,0,0
43,27,3,0,6,19,0,0
43,28,0,0,26,60,0,0
43,29,0,0,29,35,0,0
43,30,0,0,35,29,0,0
43,31,0,0,0,55,0,0
43,32,0,0,0,16,0,0
43,33,0,0,0,25,0,0
43,34,7,0,0,64,0,0
43,35,0,0,0,43,0,0
43,36,0,6,0,20,0,0
43,37,0,0,0,8,0,0
43,38,0,0,0,9,0,0
43,39,0,0,0,4,0,0
43,60,0,0,0,11,0,0
43,65,0,0,0,3,0,0
43,68,0,0,0,6,0,0
43,69,0,0,0,8,0,0
43,70,0,0,0,6,0,0
43,105,0,3,0,15,0,0
43,106,0,0,0,5,0,0
43,107,0,0,0,9,0,0
43,108,0,3,0,14,0,0
44,0,3,0,0,0,0,0
44,1,132,0,0,0,0,0
44,2,101,0,0,0,0,0
44,18,0,0,0,3,0,0
44,23,0,0,0,7,0,0
44,24,0,0,0,4,0,0
44,25,0,0,0,4,0,0
44,28,0,0,0,39,0,0
44,29,0,0,10,15,0,0
44,30,0,0,17,53,0,0
44,31,0,0,0,79,0,0
44,32,0,0,33,36,0,0
44,33,0,3,0,8,0,0
44,34,0,0,0,38,0,0
44,35,10,4,0,68,0,6
44,36,0,7,0,66,0,0
44,37,0,0,0,12,0,0
44,38,3,7,0,31,0,0
44,39,3,3,0,22,0,0
44,69,0,3,0,4,0,0
44,70,0,0,0,3,0,0
44,105,0,0,0,20,0,0
44,107,0,0,0,4,0,0
44,108,0,0,0,3,0,0
44,109,3,0,0,8,0,0
45,30,0,0,0,5,0,0
45,31,0,0,0,49,7,0
45,32,0,0,0,37,3,0
45,33,0,0,0,41,0,0
45,34,0,5,0,65,5,0
45,35,0,0,0,10,0,0
45,36,0,0,0,35,0,0
45,37,0,0,0,12,0,0
45,38,4,3,0,17,0,0
45,39,0,6,0,26,0,0
45,70,0,0,0,15,0,0
45,105,0,3,0,0,0,0
45,106,0,0,0,5,0,0
45,107,0,0,0,3,0,0
45,109,0,0,0,4,3,0
46,28,0,5,0,0,0,0
46,29,8,0,0,0,0,0
46,30,7,0,0,24,0,0
46,31,0,0,0,31,0,0
46,32,0,0,0,67,0,0
46,33,0,9,0,75,0,0
46,34,0,3,0,105,0,0
46,35,8,4,0,58,0,0
46,36,0,3,0,14,0,0
46,37,0,3,0,16,0,0
46,38,0,0,0,3,0,0
46,39,0,0,0,3,0,0
46,106,0,0,0,8,0,0
46,107,0,0,0,5,0,0
46,108,0,0,0,6,0,0
46,109,0,0,0,3,0,0
47,27,0,3,0,0,0,0
47,29,3,0,0,0,0,0
47,31,0,14,0,34,4,0
47,32,0,7,0,41,0,0
47,33,0,5,0,61,0,0
47,34,0,14,0,27,0,0
47,35,0,6,0,25,0,0
47,36,0,11,0,40,0,0
47,37,0,0,0,15,3,0
47,38,0,0,0,3,0,0
47,57,0,3,0,3,0,0
47,105,0,0,0,5,0,0
47,106,0,0,0,8,7,0
47,107,3,0,0,4,0,0
47,108,0,0,0,3,0,0
47,109,0,0,0,3,0,0
48,27,0,0,0,7,0,0
48,29,0,0,0,13,0,0
48,30,14,0,0,22,0,0
48,31,0,3,0,17,0,0
48,32,0,0,0,13,0,0
48,33,0,0,0,14,0,0
48,34,0,3,0,12,0,0
48,35,3,9,0,53,0,0
48,36,0,0,0,35,6,0
48,37,0,0,0,35,0,0
48,57,0,0,0,14,0,0
48,105,0,0,0,4,0,0
48,106,0,0,0,13,0,0
48,107,0,0,0,7,0,0
48,108,0,0,0,4,3,0
49,29,0,0,0,39,7,0
49,30,4,0,0,32,0,0
49,31,0,0,0,8,0,0
49,32,0,0,0,21,0,0
49,33,0,4,0,9,0,0
49,34,0,0,0,5,0,0
49,35,0,6,0,25,0,0
49,36,0,0,0,10,0,0
49,37,0,0,0,12,0,0
49,56,0,0,0,3,0,0
49,57,0,28,0,4,0,0
49,64,0,0,0,35,0,0
49,104,0,0,0,4,0,0
49,105,0,0,0,5,0,0
49,108,0,0,0,10,3,0
50,27,0,0,0,9,0,0
50,28,0,9,0,21,0,0
50,29,0,0,3,6,0,0
50,30,0,5,0,31,0,0
50,31,0,0,0,10,0,0
50,32,0,0,0,6,0,0
50,33,5,0,0,16,3,0
50,34,0,0,0,37,0,0
50,37,0,0,0,3,0,0
50,56,0,0,0,9,0,0
50,57,0,0,0,21,0,0
50,61,0,0,0,3,0,0
50,62,0,0,0,3,0,0
50,63,0,0,0,3,0,0
50,102,0,0,0,3,0,0
50,103,0,0,0,3,0,0
50,104,0,0,0,76,0,0
50,105,0,0,0,10,0,0
50,106,0,3,0,11,0,0
50,107,0,0,0,3,0,0
50,108,0,0,0,10,0,0
50,109,0,0,0,3,0,0
51,25,0,0,0,3,0,0
51,27,0,0,0,4,0,0
51,29,0,0,0,17,3,0
51,30,0,4,0,4,0,0
51,31,0,0,0,8,0,0
51,32,3,0,0,16,0,0
51,33,10,5,0,27,0,0
51,34,0,3,0,18,3,0
51,55,0,0,0,4,0,0
51,56,0,3,0,17,0,0
51,57,0,3,0,10,0,0
51,58,0,0,0,4,0,0
51,59,0,0,0,8,0,0
51,60,0,0,0,3,0,0
51,61,0,0,0,4,3,0
51,62,0,0,0,3,0,0
51,103,0,0,0,19,0,0
51,104,0,0,0,69,0,0
51,106,0,0,0,22,0,0
51,107,0,0,0,8,6,0
52,29,3,0,0,6,0,0
52,30,8,0,0,30,0,0
52,31,0,3,0,5,0,0
52,32,0,0,0,3,0,0
52,33,3,0,0,17,0,0
52,34,0,3,0,10,0,0
52,55,0,4,0,9,3,0
52,56,3,16,0,9,0,0
52,57,0,3,0,11,0,0
52,58,3,3,0,8,0,0
52,59,0,0,0,8,3,0
52,60,0,3,0,18,0,0
52,61,0,0,0,11,0,0
52,62,0,3,0,7,0,0
52,63,0,0,0,3,0,0
52,104,0,0,0,26,0,0
52,108,0,0,0,5,11,0
52,115,0,0,0,3,0,0
53,26,0,0,0,0,0,3
53,28,0,0,0,4,0,0
53,30,0,0,0,3,0,0
53,32,3,6,0,11,0,0
53,33,3,4,0,12,0,0
53,34,0,0,0,10,0,0
53,54,0,0,0,3,0,0
53,55,0,10,0,8,0,0
53,56,0,0,0,13,0,0
53,57,0,0,0,18,0,0
53,58,0,0,0,8,0,0
53,59,0,0,0,3,0,0
53,60,3,3,0,10,0,0
53,61,3,0,0,15,0,0
53,62,0,0,0,4,3,0
53,104,0,0,0,15,0,0
53,113,0,0,0,9,0,0
53,114,0,0,0,5,0,0
54,9,0,0,0,3,0,0
54,11,0,0,0,3,0,0
54,20,0,0,0,8,0,0
54,29,0,0,0,6,0,0
54,32,3,3,0,53,0,0
54,33,5,0,0,60,0,0
54,54,0,3,0,3,0,0
54,55,0,5,0,14,0,0
54,56,0,0,3,9,0,0
54,57,0,0,0,10,0,0
54,58,0,0,0,4,0,0
54,59,0,0,0,4,0,0
54,60,0,3,0,11,0,0
54,61,0,5,0,18,0,0
54,114,0,3,0,12,0,0
55,12,0,18,0,0,0,0
55,13,0,0,0,3,0,0
55,25,0,7,0,46,0,8
55,26,0,0,0,57,0,0
55,32,3,0,7,5,0,0
55,33,0,0,0,11,0,0
55,54,0,0,0,3,0,0
55,55,0,0,0,4,0,0
55,56,3,0,0,0,0,0
55,59,0,0,0,3,0,0
55,60,0,0,0,10,0,0
55,61,0,3,0,5,0,0
55,114,0,0,0,3,0,0
55,115,0,0,0,7,0,0
56,7,0,0,0,22,0,0
56,25,0,0,0,85,0,0
56,26,0,17,0,167,0,0
56,27,3,0,0,80,10,0
56,28,0,0,82,7,0,0
56,29,0,0,17,0,0,0
56,32,0,3,0,19,0,0
56,33,0,6,0,17,0,0
56,34,0,0,0,17,0,0
56,54,10,0,0,7,8,0
56,55,3,0,0,49,0,0
56,56,0,0,0,13,0,0
56,115,0,0,0,10,0,0
57,6,0,10,0,3,0,0
57,7,0,0,0,14,0,0
57,8,9,0,0,18,0,18
57,23,0,0,0,7,0,0
57,24,0,0,0,48,0,0
57,25,0,0,0,128,0,0
57,26,23,8,0,97,15,8
57,27,0,0,25,23,10,0
57,28,0,0,61,0,0,0
57,29,0,0,23,0,0,0
57,30,29,0,0,0,0,0
57,33,0,0,0,18,3,0
57,52,0,0,0,3,0,0
57,53,0,0,0,3,0,0
57,54,0,0,0,6,0,0
57,55,10,0,20,35,0,0
57,56,0,4,0,10,0,0
57,115,0,0,0,4,0,0
57,116,0,0,0,5,0,0
58,7,58,0,0,0,0,0
58,8,28,0,0,0,0,38
58,9,0,0,66,0,0,0
58,10,0,0,31,0,0,0
58,20,0,3,0,3,0,0
58,23,0,8,0,44,0,0
58,24,0,3,0,41,0,0
58,25,5,4,0,74,0,0
58,26,0,0,32,89,0,0
58,27,0,0,80,0,0,0
58,28,0,0,66,0,0,0
58,29,7,0,65,0,0,0
58,30,0,0,18,29,0,0
58,31,0,0,0,7,0,0
58,53,0,0,0,3,0,0
58,54,0,0,0,8,0,0
58,55,0,3,0,7,0,0
58,56,0,0,0,6,0,0
58,115,3,0,0,3,0,0
58,116,0,0,0,7,0,0
59,3,0,0,0,15,0,0
59,4,0,0,0,33,0,0
59,5,4,0,0,0,0,0
59,6,35,0,0,4,0,0
59,7,61,0,0,37,0,0
59,8,80,0,0,0,0,16
59,9,0,0,45,0,0,4
59,10,0,0,54,0,0,0
59,11,0,0,16,0,0,0
59,16,0,0,0,4,0,0
59,19,0,0,0,26,0,0
59,20,6,6,0,6,0,0
59,23,0,0,0,17,0,0
59,25,0,0,0,61,0,0
59,26,0,0,70,0,0,0
59,27,0,0,54,0,0,0
59,28,14,11,30,17,0,0
59,29,3,0,39,14,0,0
59,30,0,0,10,47,0,0
59,31,0,0,6,3,0,0
59,54,0,0,0,14,0,0
59,55,0,0,0,22,0,0
59,113,0,0,0,3,0,0
59,114,0,0,0,3,0,0
59,116,0,0,0,7,3,0
60,3,0,0,0,75,0,9
60,4,0,10,0,40,0,0
60,5,16,0,0,19,0,10
60,6,0,0,0,65,0,0
60,7,0,0,0,56,0,8
60,8,0,0,16,0,0,16
60,9,0,0,92,0,0,0
60,10,0,0,47,0,0,0
60,11,0,0,10,0,0,0
60,12,0,0,0,4,0,0
60,18,0,7,0,15,0,0
60,19,28,22,0,70,0,0
60,20,0,10,0,69,0,0
60,21,0,22,0,27,0,0
60,22,9,0,0,38,0,0
60,23,0,0,0,36,0,0
60,24,5,0,0,30,0,0
60,25,4,3,0,41,0,0
60,26,0,0,6,47,0,0
60,27,0,0,24,36,0,0
60,28,0,0,0,26,0,0
60,29,3,0,0,37,0,0
60,30,0,0,0,14,0,0
60,31,0,0,0,9,0,0
60,53,9,0,0,22,0,0
60,54,0,3,0,23,0,0
60,55,0,6,0,49,0,26
60,56,0,0,0,47,0,0
61,3,12,10,0,58,0,0
61,4,77,9,0,41,0,0
61,5,122,0,10,0,0,0
61,6,0,17,89,46,0,0
61,7,0,0,0,27,0,14
61,8,0,0,12,0,0,31
61,9,0,0,68,0,0,0
61,10,0,0,19,0,0,0
61,12,0,3,0,7,0,0
61,17,0,3,0,0,0,0
61,20,0,23,0,50,0,0
61,21,0,0,46,65,0,0
61,22,0,9,13,28,0,0
61,23,8,3,0,25,0,0
61,24,0,0,0,9,0,0
61,25,0,3,0,52,0,0
61,26,0,8,0,24,0,0
61,27,0,3,0,26,0,0
61,28,0,0,0,17,0,0
61,29,0,3,0,17,0,0
61,31,0,3,0,15,0,0
61,32,0,0,0,3,0,0
61,53,0,0,0,12,0,0
61,54,0,4,0,27,0,0
61,55,0,4,0,33,22,9
61,56,0,0,0,6,0,0
61,57,0,0,4,7,0,0
61,64,0,0,0,36,0,0
61,65,0,3,0,36,0,0
62,2,0,0,21,0,0,0
62,3,0,0,84,0,0,0
62,4,79,0,0,73,0,0
62,5,8,9,0,86,0,0
62,6,0,0,17,87,0,0
62,7,0,0,0,70,0,0
62,8,0,0,0,18,0,0
62,9,0,0,35,0,0,0
62,12,0,0,0,3,0,0
62,13,0,0,0,7,0,0
62,18,0,0,0,16,0,0
62,19,0,0,0,11,0,0
62,20,3,4,0,0,0,0
62,21,0,8,0,36,0,0
62,22,0,3,0,37,6,4
62,23,0,0,0,45,0,0
62,25,4,20,0,14,0,0
62,26,0,6,0,16,0,0
62,27,0,0,0,16,0,0
62,28,0,0,0,11,0,0
62,29,0,0,0,8,0,0
62,30,0,0,0,5,0,0
62,31,0,6,0,12,0,0
62,32,0,0,0,11,0,0
62,33,0,0,0,3,0,0
62,34,0,0,0,0,5,0
62,52,0,0,0,0,0,3
62,53,0,0,0,14,0,0
62,54,7,9,0,35,0,6
62,55,0,8,0,30,0,5
62,63,0,0,0,34,0,0
62,64,3,3,13,46,0,0
62,65,0,0,0,4,0,0
62,79,0,0,0,3,0,0
63,2,0,0,78,3,0,0
63,3,0,0,34,18,0,0
63,4,0,10,11,78,0,0
63,5,0,0,104,0,0,0
63,6,0,0,82,0,0,0
63,12,0,0,0,0,3,0
63,13,0,0,0,3,3,0
63,18,0,0,0,11,0,0
63,19,0,5,0,10,0,0
63,20,8,8,0,12,0,0
63,21,0,6,21,17,0,0
63,22,3,0,28,83,0,0
63,23,0,7,0,106,0,0
63,24,3,0,0,0,0,0
63,25,0,0,0,10,3,0
63,26,0,0,0,14,0,0
63,27,0,3,0,9,0,0
63,28,0,0,0,25,0,0
63,29,0,0,0,16,0,0
63,30,0,0,0,4,0,0
63,31,0,0,0,34,0,0
63,32,0,0,0,13,0,0
63,33,0,0,0,3,0,0
63,52,25,3,0,22,6,0
63,53,0,0,0,26,0,0
63,54,0,10,0,63,0,0
63,55,7,0,0,20,0,0
63,59,3,0,0,0,0,0
63,62,0,0,0,27,0,0
63,63,0,3,26,25,0,0
63,64,0,0,4,12,0,0
63,65,0,3,0,9,0,0
63,66,0,0,0,3,0,0
64,2,0,5,0,15,3,0
64,3,0,0,0,14,0,0
64,4,0,0,0,132,0,0
64,5,0,0,50,17,0,0
64,6,58,0,0,0,0,23
64,18,0,0,0,57,0,0
64,19,0,0,0,37,0,0
64,20,0,0,0,52,0,0
64,21,0,8,0,72,0,0
64,22,10,0,0,113,0,0
64,23,0,4,0,125,0,0
64,26,0,0,0,8,0,0
64,27,0,0,0,3,0,0
64,28,0,0,0,6,0,0
64,29,0,0,0,5,0,0
64,30,0,3,0,21,0,0
64,31,0,0,0,22,0,0
64,32,0,0,0,13,0,0
64,33,0,0,0,3,0,0
64,50,0,0,6,0,0,0
64,52,0,3,0,18,0,0
64,53,17,3,0,39,0,0
64,54,34,11,0,60,0,0
64,62,7,7,0,32,0,0
64,63,0,4,0,8,0,0
64,64,0,3,0,11,0,0
64,65,0,0,0,13,0,0
64,66,0,3,32,3,0,0
64,67,0,0,19,0,0,0
64,68,0,0,32,0,0,0
64,69,0,0,33,0,0,0
64,70,0,0,56,0,0,0
64,71,0,0,37,0,0,0
64,72,0,0,0,4,0,0
64,73,0,0,0,7,0,0
65,0,0,0,0,66,0,0
65,3,0,8,0,45,0,0
65,4,4,7,0,127,0,0
65,5,0,0,13,23,0,0
65,6,101,0,0,0,0,26
65,18,0,0,0,13,0,0
65,19,10,7,0,152,8,0
65,20,4,0,0,0,7,0
65,21,0,0,0,47,3,0
65,22,0,3,0,119,0,0
65,23,0,0,0,48,0,0
65,26,0,0,0,9,0,0
65,27,0,0,0,14,0,0
65,28,0,0,0,5,0,0
65,29,0,0,0,10,0,0
65,30,0,0,0,12,0,0
65,31,0,5,0,16,0,0
65,32,3,0,0,9,0,0
65,33,0,0,0,7,0,0
65,50,0,6,0,18,0,0
65,51,0,0,0,24,0,0
65,52,0,0,0,3,0,0
65,53,0,0,0,10,0,0
65,61,0,0,0,0,3,0
65,62,0,0,0,5,0,0
65,64,0,5,0,9,0,0
65,65,0,6,0,12,0,0
65,66,0,0,33,4,0,0
65,67,0,0,36,0,0,0
65,68,0,0,51,0,0,0
65,69,0,0,44,0,0,0
65,70,0,0,38,0,0,0
65,71,0,0,41,0,0,0
65,72,0,0,6,8,0,0
65,73,0,0,0,7,0,0
66,0,0,0,0,4,0,0
66,4,0,10,0,54,0,8
66,10,0,0,0,19,0,0
66,14,0,0,0,10,0,0
66,15,0,6,0,8,0,9
66,16,0,0,0,10,0,0
66,19,0,0,13,55,11,19
66,20,20,0,0,55,8,64
66,21,8,4,0,146,0,0
66,22,0,0,0,69,0,0
66,26,0,0,0,17,0,0
66,27,0,0,0,19,0,0
66,28,0,0,0,58,0,0
66,29,0,3,0,8,0,0
66,30,0,0,0,21,0,0
66,31,0,0,0,9,0,0
66,50,0,0,0,11,0,0
66,51,0,0,0,35,0,0
66,52,0,0,0,14,0,0
66,53,3,0,0,3,0,0
66,54,0,0,0,81,0,10
66,55,0,7,0,95,15,0
66,56,0,5,0,30,0,10
66,60,0,0,0,12,0,0
66,61,0,0,0,11,8,0
66,62,0,0,0,4,0,0
66,63,0,0,0,3,0,0
66,64,0,3,0,13,0,0
66,65,0,0,0,5,0,0
66,66,0,0,5,4,0,0
66,67,0,0,12,3,0,0
66,72,3,8,24,11,0,0
66,73,0,3,0,21,0,0
66,74,0,0,0,3,0,0
67,0,0,0,0,12,0,0
67,1,0,14,0,32,0,16
67,2,0,3,0,25,0,0
67,4,0,0,0,6,0,0
67,8,0,0,0,23,0,7
67,9,0,8,0,118,0,0
67,10,6,0,0,141,0,0
67,11,0,0,0,44,0,0
67,13,0,0,16,18,0,0
67,14,0,8,15,75,0,0
67,15,8,7,0,96,0,0
67,16,0,0,0,104,0,0
67,17,0,0,0,127,0,0
67,18,0,0,0,18,17,8
67,19,8,6,0,26,12,39
67,20,0,8,0,85,37,41
67,21,0,0,0,34,0,0
67,26,0,3,0,21,0,0
67,27,0,3,0,30,0,0
67,28,0,0,7,25,0,0
67,29,0,0,6,28,0,0
67,30,0,3,0,7,0,0
67,51,0,0,0,29,0,0
67,52,0,16,0,99,0,0
67,53,0,9,0,77,0,0
67,54,0,0,24,83,6,9
67,55,0,6,42,49,17,8
67,56,0,0,0,51,0,0
67,57,0,0,0,36,10,0
67,58,0,0,0,6,0,0
67,60,0,0,0,35,0,0
67,61,0,0,0,9,0,0
67,62,0,0,0,16,0,0
67,63,0,3,0,0,0,0
67,64,0,0,0,14,0,0
67,65,0,0,0,7,0,0
67,66,0,5,0,7,0,0
67,72,0,0,0,3,0,0
67,73,0,4,0,0,0,0
68,0,0,0,0,0,3,0
68,2,0,7,0,3,0,0
68,4,0,0,0,10,8,0
68,5,0,0,0,10,0,9
68,6,0,0,0,130,0,0
68,7,0,12,0,81,0,0
68,8,0,0,0,79,0,18
68,9,0,0,0,49,0,0
68,10,0,0,0,10,0,0
68,11,0,0,0,135,0,16
68,12,0,0,8,85,0,0
68,13,0,0,0,14,0,0
68,14,0,9,0,80,0,0
68,15,0,16,0,78,0,0
68,16,0,0,0,47,3,9
68,17,0,21,0,104,0,6
68,18,0,16,0,29,23,111
68,19,0,7,0,45,0,79
68,20,0,0,0,30,10,0
68,28,0,0,17,28,0,0
68,29,0,0,22,28,0,0
68,52,0,0,24,53,0,0
68,53,5,10,0,84,0,0
68,54,0,0,5,92,0,0
68,55,0,0,72,29,0,0
68,56,0,3,0,9,0,0
68,57,0,0,0,49,0,0
68,59,0,0,0,5,0,0
68,60,0,0,0,8,0,0
68,61,3,0,0,7,0,0
68,62,3,0,0,7,0,0
68,66,0,0,0,6,0,0
68,67,0,0,0,4,0,0
68,68,0,0,0,5,0,0
68,69,0,0,0,7,0,0
68,70,0,0,0,5,0,0
68,71,0,0,0,6,0,0
68,73,0,0,23,3,0,0
68,74,0,0,9,0,0,0
69,0,0,0,0,22,8,0
69,2,0,0,0,10,9,0
69,3,0,0,0,26,7,0
69,4,0,27,0,0,0,0
69,5,0,0,0,116,0,0
69,7,0,15,0,79,0,5
69,8,0,0,0,12,16,0
69,10,0,11,0,104,6,0
69,11,18,10,0,156,0,13
69,12,0,9,0,68,0,7
69,13,0,8,0,88,0,0
69,14,0,32,0,120,12,0
69,15,0,0,0,95,0,0
69,16,12,0,0,101,9,0
69,17,24,7,0,146,20,0
69,18,0,32,0,79,4,19
69,19,0,0,0,120,0,24
69,20,0,0,40,13,0,0
69,21,53,0,0,0,0,0
69,51,0,6,0,42,0,0
69,52,0,10,0,50,0,0
69,53,0,0,0,25,0,0
69,54,0,0,0,138,0,0
69,55,0,0,0,67,0,0
69,59,0,0,0,8,0,0
69,60,0,0,0,13,0,0
69,61,0,0,0,14,0,0
69,62,0,0,0,7,0,0
69,63,0,0,0,9,0,0
69,64,0,0,0,8,0,0
69,65,0,3,0,21,0,0
69,66,0,0,0,14,0,0
69,67,0,3,0,0,0,0
69,69,0,0,0,3,0,0
69,70,0,0,0,5,0,0
69,71,3,0,0,3,0,0
69,72,0,0,0,18,0,6
69,73,3,0,40,12,0,0
70,0,13,0,0,88,0,0
70,3,6,0,0,32,0,0
70,5,0,0,0,16,0,0
70,6,12,0,0,119,0,0
70,7,0,3,0,83,0,9
70,8,0,0,0,6,0,0
70,9,7,0,0,16,4,0
70,10,10,0,0,48,0,0
70,11,7,9,0,106,0,0
70,12,8,0,0,80,0,9
70,13,0,0,19,86,25,0
70,14,9,8,25,168,6,0
70,15,10,13,0,74,0,0
70,16,10,8,0,147,0,0
70,17,0,0,0,115,0,0
70,18,0,0,0,67,0,0
70,19,0,0,0,47,0,0
70,20,47,8,0,45,0,0
70,51,0,8,0,54,0,0
70,52,0,0,0,26,0,0
70,59,0,0,77,0,0,0
70,60,7,0,15,40,0,0
70,61,14,3,0,67,0,0
70,62,11,0,3,20,0,0
70,63,0,0,0,9,0,0
70,64,0,0,0,4,0,0
70,65,0,0,0,5,0,0
70,66,0,0,0,3,0,0
70,67,0,0,0,3,0,0
70,72,0,0,0,39,0,0
70,73,0,3,6,60,0,0
70,74,0,7,0,17,0,0
70,75,0,0,0,11,0,0
70,76,0,0,0,5,0,0
71,0,0,0,0,43,15,0
71,5,0,0,0,12,0,0
71,6,0,0,0,16,0,0
71,7,0,0,0,92,0,0
71,8,0,0,0,10,0,0
71,9,0,3,0,39,7,3
71,10,0,0,0,38,0,0
71,11,0,0,0,40,0,0
71,12,0,8,0,68,7,12
71,13,0,7,0,39,17,0
71,14,14,0,8,146,0,6
71,15,20,15,0,108,0,8
71,16,0,0,0,92,0,0
71,17,0,17,13,66,0,9
71,18,0,10,0,52,0,0
71,19,0,4,0,38,0,0
71,33,0,0,0,0,4,0
71,50,0,9,0,43,0,0
71,51,0,15,0,13,0,0
71,57,0,0,0,3,0,0
71,59,0,0,25,6,0,0
71,60,0,0,0,45,0,0
71,61,0,0,0,36,0,0
71,62,0,0,5,7,0,0
71,73,0,0,0,11,0,0
71,74,0,0,0,7,0,0
71,75,0,0,0,6,0,0
72,0,0,0,0,36,0,10
72,1,0,0,0,27,0,0
72,2,0,0,0,48,0,0
72,8,0,5,0,97,0,0
72,9,0,0,0,25,0,0
72,10,0,16,0,115,0,13
72,11,0,9,9,28,0,0
72,12,0,11,8,62,7,8
72,13,0,7,0,60,0,0
72,14,0,8,0,30,0,0
72,15,15,0,0,86,0,0
72,16,0,16,0,88,0,0
72,17,7,26,48,65,0,0
72,18,0,5,0,80,0,0
72,19,0,3,0,4,0,0
72,48,0,0,0,17,0,0
72,49,0,0,0,6,0,0
72,50,0,0,0,105,0,0
72,51,35,0,0,63,0,0
72,52,30,7,0,37,0,0
72,53,71,0,0,0,0,0
72,59,0,3,0,21,0,0
72,60,0,0,0,7,0,0
72,61,0,3,0,8,0,0
72,63,0,0,0,7,0,0
72,64,0,0,0,7,0,0
72,65,0,0,0,7,0,0
72,66,0,0,0,10,0,0
72,67,0,0,0,5,0,0
72,69,4,4,0,7,0,0
72,70,0,0,0,6,0,0
72,71,3,3,0,18,0,0
72,72,3,3,0,27,0,0
72,73,0,0,0,6,0,0
72,74,0,0,0,5,0,0
72,75,0,0,0,3,0,0
73,1,0,0,0,3,0,0
73,5,0,0,0,36,0,0
73,6,0,7,0,143,0,0
73,7,0,31,0,49,0,0
73,8,21,0,0,95,0,0
73,9,13,9,0,188,13,0
73,10,0,0,0,86,0,15
73,11,0,12,0,19,0,0
73,12,0,3,0,41,10,0
73,13,0,0,0,50,0,0
73,14,3,0,0,10,0,0
73,15,0,0,0,109,0,0
73,16,0,0,0,13,0,0
73,17,0,9,0,24,0,0
73,18,0,10,0,11,0,0
73,48,0,0,0,34,0,0
73,49,0,0,56,93,0,0
73,50,12,14,0,66,0,6
73,51,81,0,0,13,0,0
73,52,98,0,0,0,0,0
73,53,78,0,0,0,0,0
73,59,0,0,0,20,3,0
73,60,9,3,3,15,0,0
73,61,0,3,0,21,0,0
73,62,0,3,0,8,0,0
73,63,0,0,0,8,0,0
73,64,0,0,0,5,0,0
73,65,0,0,0,11,0,0
73,66,0,0,0,3,0,0
73,67,0,3,0,3,0,0
73,69,0,0,0,14,0,0
73,70,0,11,0,14,0,0
73,71,0,0,0,85,0,0
73,72,0,0,0,41,0,0
73,73,0,0,0,23,0,0
73,74,0,0,0,3,0,0
73,75,0,3,0,6,0,0
74,2,0,0,0,4,0,0
74,3,15,0,0,38,0,0
74,4,42,0,0,14,0,0
74,5,0,25,0,122,0,5
74,6,0,17,0,159,12,0
74,7,0,6,0,232,0,0
74,8,0,9,0,78,0,0
74,9,0,5,0,77,3,0
74,10,0,0,0,96,0,0
74,11,0,13,0,39,0,0
74,12,0,0,0,30,0,11
74,13,6,3,3,55,0,0
74,14,0,23,0,72,0,0
74,15,0,3,0,67,0,0
74,16,0,0,0,22,0,0
74,49,0,0,0,73,0,0
74,50,0,0,0,34,0,0
74,52,85,0,0,0,0,0
74,53,74,0,0,0,0,0
74,59,0,0,0,8,0,0
74,60,0,3,0,27,0,0
74,61,0,0,0,16,3,0
74,62,0,3,0,9,0,0
74,63,0,0,0,12,0,0
74,64,0,0,0,14,0,0
74,65,0,0,0,3,0,0
74,66,0,0,0,5,0,0
74,69,0,0,0,81,0,0
74,70,0,0,0,39,0,0
74,71,0,0,10,59,0,0
74,72,0,0,0,45,0,0
74,75,0,3,0,4,0,0
75,0,0,0,0,31,0,0
75,2,0,0,0,41,0,0
75,3,0,0,0,52,0,0
75,4,16,0,0,61,0,0
75,5,0,0,0,97,0,0
75,6,0,0,0,116,3,0
75,7,7,0,0,113,0,4
75,8,0,8,0,32,0,0
75,9,0,0,0,40,0,8
75,10,0,0,0,40,4,0
75,11,0,0,0,67,8,0
75,12,0,0,0,42,0,0
75,13,0,6,0,78,0,0
75,14,8,3,0,33,0,0
75,15,0,22,0,42,0,12
75,16,0,36,0,30,0,0
75,47,0,0,3,5,0,0
75,48,0,0,0,8,0,0
75,49,15,0,0,145,0,0
75,50,0,0,0,133,0,0
75,51,32,0,0,15,0,0
75,52,75,0,0,0,0,0
75,53,79,0,0,0,0,0
75,60,0,3,0,22,0,0
75,61,0,0,0,10,0,0
75,70,0,0,23,67,0,0
75,71,0,0,32,92,0,0
75,72,3,3,0,16,0,0
75,73,0,0,0,19,0,0
75,74,0,3,0,12,0,0
75,75,0,0,0,4,0,0
75,76,0,3,0,5,0,0
76,0,4,0,18,43,0,3
76,1,3,3,0,19,0,0
76,2,0,0,0,20,0,0
76,3,0,9,0,105,0,0
76,4,0,0,0,105,6,0
76,5,0,4,0,156,0,0
76,6,0,6,0,47,9,0
76,7,0,11,0,78,0,0
76,8,0,5,0,35,7,0
76,9,0,12,0,25,0,0
76,10,0,0,0,41,6,0
76,11,17,23,0,72,7,0
76,12,7,7,0,31,6,8
76,13,13,0,0,70,0,3
76,14,0,31,0,86,0,0
76,15,0,0,0,103,0,0
76,16,0,17,0,66,0,0
76,47,0,0,0,8,8,0
76,48,0,3,0,21,0,0
76,49,0,4,0,102,7,0
76,50,39,6,0,57,0,0
76,51,80,0,0,0,0,0
76,52,106,0,0,0,0,0
76,53,86,0,0,0,0,0
76,55,0,0,0,3,0,0
76,58,0,0,0,3,0,0
76,59,0,0,0,3,0,0
76,60,0,0,0,14,0,0
76,61,0,3,0,29,0,0
76,70,0,0,15,72,0,0
76,71,12,0,0,53,0,0
76,72,3,20,0,91,0,0
76,73,0,0,0,29,0,0
76,74,3,0,0,10,0,0
76,75,0,3,0,7,0,0
76,76,0,0,0,3,0,0
76,85,0,0,0,3,0,0
77,0,16,0,0,44,0,6
77,1,13,0,0,35,0,0
77,2,5,0,3,41,3,0
77,3,6,4,0,138,0,0
77,4,19,0,0,17,0,0
77,5,0,0,0,64,0,0
77,6,10,3,0,22,4,8
77,7,0,15,0,31,0,0
77,8,0,0,0,53,0,0
77,9,0,17,0,48,0,0
77,10,0,0,0,77,0,0
77,11,0,8,0,70,0,9
77,12,0,5,0,56,0,4
77,13,0,5,0,88,0,0
77,14,7,27,0,111,0,0
77,15,0,9,0,125,0,16
77,16,0,0,0,49,0,22
77,20,0,0,0,7,0,0
77,45,0,3,0,0,0,0
77,46,0,0,0,11,0,0
77,47,0,0,0,51,0,0
77,48,7,8,0,32,5,7
77,49,0,0,0,64,0,0
77,50,8,0,0,38,0,0
77,51,24,0,0,0,0,0
77,52,50,0,0,0,0,0
77,53,120,0,0,0,0,0
77,55,0,3,0,11,0,0
77,56,0,3,0,21,3,0
77,57,3,4,0,14,0,0
77,58,0,0,0,17,0,0
77,59,0,0,0,10,0,0
77,60,0,0,0,3,0,0
77,61,0,0,0,3,0,0
77,70,8,0,0,47,0,0
77,72,3,0,9,69,0,0
77,73,0,0,0,111,0,0
77,74,0,0,0,10,0,0
77,75,0,0,0,10,0,0
77,76,0,0,0,5,0,0
77,77,0,3,0,4,0,0
77,85,0,0,0,5,0,0
77,86,0,0,0,9,0,0
77,87,0,3,0,6,0,0
77,88,0,0,0,3,0,0
77,89,0,0,0,5,0,0
78,0,0,0,0,51,0,0
78,1,0,12,0,73,0,0
78,2,3,0,0,70,6,0
78,3,8,12,0,103,5,0
78,4,0,0,0,89,5,0
78,5,0,8,0,91,0,0
78,6,0,0,0,49,9,0
78,7,15,0,0,39,0,0
78,8,30,0,15,80,0,0
78,9,14,0,0,194,0,0
78,10,3,0,0,36,0,0
78,11,0,0,0,45,0,0
78,12,0,0,0,38,4,0
78,13,9,13,0,23,0,0
78,14,0,4,0,52,0,0
78,15,0,7,0,11,0,0
78,46,0,0,0,11,0,0
78,47,88,0,0,5,0,0
78,48,24,13,0,31,19,0
78,49,16,0,0,49,0,12
78,50,0,0,56,0,0,0
78,55,0,0,0,13,0,0
78,56,0,0,0,24,0,0
78,57,0,3,0,14,0,0
78,58,3,3,3,19,0,0
78,59,0,4,0,19,3,0
78,70,0,11,3,24,0,0
78,71,3,0,0,26,0,0
78,72,0,0,0,36,0,0
78,73,3,0,0,8,0,0
78,75,0,0,0,45,0,0
78,76,0,4,0,0,0,0
78,80,0,0,0,5,0,0
78,85,0,0,0,3,0,0
78,86,0,0,0,3,0,0
78,87,0,0,0,7,0,0
79,0,0,8,0,111,0,0
79,1,0,6,0,62,0,0
79,2,0,0,0,57,0,0
79,3,0,0,0,58,0,0
79,4,0,0,0,70,0,0
79,5,10,0,4,32,0,0
79,6,18,4,0,44,0,4
79,9,0,0,0,109,0,0
79,10,0,0,0,50,0,12
79,11,6,20,0,69,0,0
79,12,0,0,0,103,0,0
79,13,0,4,0,45,0,0
79,45,0,0,0,3,0,0
79,46,0,0,0,8,0,0
79,47,0,0,0,111,0,0
79,48,82,12,0,24,0,12
79,49,122,0,0,0,0,0
79,50,28,0,0,0,0,0
79,54,0,0,0,3,3,0
79,55,0,0,0,16,0,0
79,56,0,3,0,22,0,0
79,57,0,4,0,20,0,0
79,58,3,0,0,22,0,0
79,59,0,0,0,4,0,0
79,70,0,0,0,4,0,0
79,73,0,3,0,7,0,0
79,74,0,0,0,4,0,0
79,75,0,0,0,3,0,0
79,85,0,0,0,3,0,0
79,86,0,0,0,7,0,0
79,87,0,0,0,4,0,0
79,89,0,0,0,7,0,0
80,0,0,0,0,13,0,12
80,1,0,0,0,101,0,0
80,2,123,0,0,16,0,0
80,3,112,0,0,47,0,0
80,4,0,0,0,53,0,0
80,5,0,0,0,5,0,0
80,6,0,0,0,18,0,0
80,7,0,0,0,36,0,0
80,8,3,0,0,33,0,0
80,9,0,14,0,35,0,0
80,10,0,0,0,10,0,0
80,11,0,6,0,88,0,0
80,12,0,0,0,17,0,0
80,13,0,0,0,25,0,0
80,45,0,3,0,6,0,0
80,47,5,10,0,34,0,6
80,48,85,0,0,24,0,0
80,49,89,0,0,0,0,0
80,54,0,0,0,3,3,0
80,55,0,4,0,10,4,0
80,56,0,3,0,22,3,0
80,57,0,0,0,24,0,0
80,58,0,0,0,3,0,0
80,73,0,0,0,5,0,0
80,85,0,0,0,3,0,0
80,86,0,3,0,3,0,0
80,89,3,0,0,4,0,0
81,0,3,3,0,73,0,0
81,1,4,0,0,27,0,0
81,2,81,0,0,0,0,0
81,3,106,0,0,34,0,0
81,4,60,0,0,86,0,0
81,5,0,36,0,77,0,0
81,6,0,0,0,14,8,0
81,7,0,0,0,9,0,0
81,8,0,0,0,5,0,0
81,10,0,0,0,3,0,0
81,11,0,0,0,44,0,0
81,12,0,3,0,48,0,0
81,13,0,0,0,32,0,0
81,45,0,0,0,7,0,0
81,46,8,0,0,16,0,0
81,47,73,0,0,24,0,0
81,48,48,0,0,0,0,0
81,49,90,0,0,0,0,0
81,50,30,0,0,0,0,0
81,54,0,0,0,0,3,0
81,55,0,3,0,6,0,0
81,56,0,0,0,13,0,0
81,86,0,0,0,8,0,0
81,87,0,0,0,13,0,0
81,89,0,0,0,4,0,0
82,0,23,8,0,85,0,0
82,1,3,0,0,58,0,0
82,2,0,0,0,139,0,0
82,3,17,0,0,76,0,0
82,4,35,14,0,138,0,0
82,5,0,14,0,33,0,10
82,6,0,9,0,101,0,0
82,7,6,0,0,4,0,0
82,44,0,4,36,10,0,0
82,45,0,3,0,65,0,0
82,46,28,0,0,21,0,0
82,47,117,0,0,0,0,0
82,48,130,0,0,0,0,0
82,49,100,0,0,0,0,0
82,50,110,0,0,0,0,0
82,86,0,0,0,8,0,0
82,87,0,3,0,25,0,0
82,89,0,0,0,3,0,0
83,0,0,6,0,102,0,0
83,1,135,7,0,131,0,0
83,2,0,0,0,17,0,0
83,3,0,0,0,30,0,0
83,4,23,0,0,75,0,0
83,5,25,8,0,142,0,0
83,6,0,24,0,94,9,0
83,7,0,0,0,9,0,0
83,28,11,0,0,0,0,0
83,43,0,4,0,6,0,0
83,44,36,20,48,66,0,0
83,45,0,0,0,108,7,6
83,46,0,12,0,49,0,0
83,47,22,0,0,75,0,0
83,48,80,0,0,15,0,0
83,49,40,0,0,0,0,0
83,50,90,0,0,0,0,0
83,53,0,0,0,59,0,0
83,54,0,0,0,62,0,0
83,64,0,0,0,4,0,0
83,87,0,0,0,3,0,0
83,89,0,0,0,4,0,0
84,0,0,4,11,101,0,0
84,1,0,31,0,119,0,0
84,2,0,12,0,119,0,0
84,3,0,0,0,61,0,0
84,4,0,4,0,129,0,0
84,5,17,0,0,36,0,0
84,6,0,10,0,76,0,0
84,7,3,5,0,17,0,0
84,43,0,3,0,28,0,0
84,44,0,10,16,104,7,0
84,45,0,12,0,59,3,0
84,46,12,44,0,77,8,7
84,47,68,0,0,42,0,0
84,48,90,0,0,28,0,0
84,49,116,0,0,0,0,0
84,50,70,0,0,0,0,0
84,52,0,0,0,3,0,0
84,53,0,0,0,51,0,0
84,54,0,0,0,124,0,0
84,55,0,0,0,7,0,0
84,65,0,3,0,5,0,0
84,69,0,0,0,15,0,0
84,70,0,0,0,6,0,0
84,88,0,0,0,4,0,0
84,89,0,3,0,0,0,0
84,90,0,0,0,3,0,0
85,0,0,0,0,7,0,0
85,1,0,0,0,6,0,0
85,2,0,0,0,28,0,0
85,3,0,0,0,42,0,0
85,4,0,0,0,66,0,0
85,5,0,0,0,48,0,0
85,6,0,0,0,127,4,0
85,7,0,0,9,48,0,0
85,42,0,0,0,3,0,0
85,43,39,4,0,57,0,0
85,44,0,0,0,32,0,7
85,45,0,7,0,88,0,15
85,46,12,23,0,142,7,0
85,47,78,0,0,33,11,6
85,48,87,0,0,0,0,0
85,49,63,0,0,9,0,0
85,50,18,0,0,0,0,0
85,54,0,0,0,14,0,0
85,67,0,0,0,36,0,0
85,68,4,0,0,13,6,0
85,69,0,0,0,8,0,0
85,70,0,0,0,12,0,0
85,71,0,0,0,6,0,0
86,4,5,0,0,0,0,0
86,5,0,0,0,3,0,0
86,6,0,0,0,48,0,0
86,7,0,0,0,26,0,0
86,10,0,0,0,3,0,0
86,42,0,0,0,75,0,0
86,43,20,12,0,181,0,0
86,44,0,6,0,39,0,0
86,45,0,0,0,74,10,0
86,46,0,0,0,87,8,0
86,47,59,0,0,0,0,12
86,48,50,0,0,0,0,0
86,67,0,0,0,17,0,0
86,68,0,0,0,16,0,0
86,69,0,0,0,10,0,0
86,70,0,4,0,7,0,0
86,71,0,0,0,11,0,0
86,72,0,0,0,3,0,0
87,24,0,0,15,0,0,0
87,41,0,0,0,13,0,0
87,42,0,0,0,47,0,0
87,43,3,0,0,0,0,0
87,44,7,10,0,17,0,0
87,68,0,0,0,8,0,0
87,69,0,3,0,4,0,0
87,70,0,3,0,3,0,0
87,71,0,0,0,3,0,0
87,72,0,0,0,3,0,0
88,23,0,12,0,59,0,0
88,24,0,0,96,0,0,0
88,25,0,0,14,20,0,0
88,26,5,0,0,15,0,0
88,27,0,0,0,30,0,0
88,39,0,8,0,27,0,0
88,40,0,0,0,18,0,0
88,41,0,0,0,64,0,0
88,42,0,0,0,35,0,0
88,44,0,0,0,8,0,0
88,63,0,0,0,6,0,0
88,68,0,0,0,5,0,0
88,69,0,5,0,3,0,0
88,70,3,3,0,10,0,0
88,71,3,3,0,17,0,0
89,8,5,0,0,5,0,0
89,9,0,0,0,20,0,0
89,10,0,0,0,45,0,8
89,11,0,3,0,3,0,0
89,22,0,0,0,19,0,0
89,23,0,15,0,132,0,0
89,24,0,0,63,65,0,0
89,25,15,0,0,89,0,0
89,26,24,0,38,13,0,0
89,37,0,0,0,21,0,0
89,38,0,5,0,48,0,0
89,39,0,12,0,64,0,0
89,40,0,0,21,85,4,0
89,41,3,0,0,41,0,0
89,42,37,0,0,155,0,0
89,43,0,0,0,95,3,0
89,66,0,0,0,43,0,0
89,67,0,0,0,52,0,0
89,69,3,0,0,17,0,0
89,70,3,3,0,13,0,0
89,71,0,6,0,12,0,0
89,72,0,3,0,3,0,0
90,8,0,0,0,16,0,0
90,9,40,0,0,17,0,0
90,10,19,0,0,29,0,0
90,11,0,0,0,8,0,0
90,12,0,3,0,0,0,0
90,13,189,0,0,0,0,0
90,20,0,0,0,23,0,0
90,21,0,19,0,20,0,0
90,22,30,20,0,110,0,0
90,23,12,19,0,113,0,0
90,24,0,12,0,55,0,0
90,25,21,0,11,47,0,0
90,26,0,0,26,3,0,0
90,36,0,3,0,43,0,0
90,37,0,0,0,65,0,0
90,38,7,0,0,61,0,0
90,39,0,3,0,79,0,0
90,40,3,3,3,34,0,0
90,41,0,3,0,20,0,0
90,42,0,9,0,131,0,0
90,43,0,61,0,62,0,0
90,44,0,0,0,5,0,0
90,49,0,0,0,19,0,0
90,51,0,0,0,10,0,0
90,52,15,0,0,17,0,0
90,53,0,0,0,29,0,0
90,54,10,0,0,0,0,0
90,61,0,0,0,6,0,0
90,67,0,0,0,160,0,0
90,68,0,0,0,8,0,0
90,72,0,0,0,3,0,0
91,7,0,0,0,3,0,0
91,8,18,10,0,16,0,0
91,9,135,0,0,64,0,0
91,10,52,0,0,79,0,0
91,11,15,0,0,21,0,0
91,12,0,0,0,3,0,0
91,13,235,0,0,3,0,0
91,19,5,0,0,49,0,0
91,20,0,0,0,90,0,0
91,21,0,10,0,94,0,0
91,22,6,3,0,92,0,0
91,23,14,9,0,137,0,0
91,24,0,0,15,119,0,0
91,25,5,0,0,20,0,0
91,27,0,0,0,11,0,0
91,36,0,0,0,26,5,0
91,37,3,7,0,49,0,0
91,38,0,0,0,82,0,0
91,39,0,0,0,75,0,0
91,40,0,0,0,105,0,0
91,41,3,0,0,50,0,0
91,42,0,0,0,81,0,0
91,43,16,10,0,55,0,0
91,44,0,0,0,88,0,0
91,51,0,0,0,3,0,0
91,52,27,0,0,24,0,0
91,53,19,0,0,38,0,0
91,54,29,0,0,0,0,0
91,55,0,0,0,28,0,0
91,56,21,0,0,19,0,0
91,57,42,0,0,22,0,0
91,58,30,0,0,7,0,0
91,59,23,0,0,8,0,0
91,67,0,0,0,11,0,0
91,68,0,0,0,47,0,0
91,69,0,0,0,8,0,0
91,71,0,0,0,6,0,0
91,72,0,3,0,5,0,0
91,73,0,0,0,3,0,0
92,8,0,8,0,30,0,0
92,9,37,0,0,44,0,0
92,10,66,0,0,87,9,0
92,11,77,0,0,0,0,0
92,12,31,0,0,3,0,0
92,18,0,0,0,14,0,0
92,19,27,0,0,39,18,0
92,20,0,7,0,125,0,0
92,21,20,11,0,72,6,0
92,22,0,0,0,51,0,0
92,23,0,0,0,71,0,0
92,24,0,0,0,64,0,0
92,25,0,0,0,11,0,0
92,36,0,3,0,14,0,0
92,37,16,0,0,35,0,4
92,38,0,7,0,76,0,0
92,39,0,0,0,104,0,0
92,40,6,8,0,139,0,0
92,41,0,8,0,113,0,0
92,42,23,17,0,118,0,0
92,43,0,8,0,78,0,0
92,44,0,0,41,76,0,0
92,50,0,0,0,30,0,0
92,52,70,0,0,68,0,8
92,53,28,0,0,8,0,0
92,54,25,0,0,0,0,5
92,55,17,0,0,0,0,0
92,56,79,0,0,0,0,0
92,57,28,0,0,0,0,0
92,58,73,0,0,7,0,0
92,59,70,0,0,0,0,0
92,60,50,0,0,0,0,0
92,61,79,0,0,10,0,0
92,64,0,0,0,4,0,0
92,67,0,4,0,8,0,0
92,68,3,4,0,22,0,0
92,70,0,0,0,10,3,0
92,71,0,0,0,7,0,0
92,72,0,0,0,6,0,0
92,73,0,0,0,5,0,0
93,9,8,0,0,24,0,0
93,10,69,0,0,50,0,5
93,11,60,0,11,20,0,0
93,12,20,0,0,43,0,0
93,13,11,0,0,5,0,0
93,14,0,3,0,0,0,0
93,17,26,11,0,13,0,0
93,18,3,0,0,66,0,0
93,19,81,3,0,11,0,0
93,20,25,0,0,43,0,0
93,21,0,19,0,81,0,0
93,22,3,9,0,67,0,0
93,23,36,0,0,40,4,0
93,24,0,0,0,24,0,0
93,34,0,3,0,5,0,0
93,35,0,0,0,5,0,0
93,36,0,0,0,8,0,0
93,37,0,5,0,28,0,0
93,38,0,0,0,96,0,0
93,39,0,8,0,32,0,0
93,40,0,0,0,100,4,0
93,41,0,19,0,126,0,0
93,42,9,14,0,58,0,0
93,43,0,0,0,128,0,0
93,44,0,5,0,92,0,0
93,47,0,0,0,31,0,0
93,48,0,5,0,65,0,0
93,49,0,0,0,8,0,0
93,50,49,0,0,11,6,0
93,51,62,0,0,24,10,0
93,52,47,0,0,71,0,0
93,53,40,0,0,42,0,0
93,54,71,0,0,0,0,0
93,55,74,0,0,0,0,0
93,56,40,0,0,0,0,0
93,57,81,0,0,0,0,0
93,58,61,0,0,0,0,0
93,59,82,0,0,0,0,0
93,60,12,0,0,28,0,0
93,61,125,0,0,74,0,0
93,64,0,0,0,10,0,0
93,65,0,3,0,7,0,0
93,66,3,0,0,0,0,0
93,67,0,7,0,23,0,0
93,68,0,5,0,17,0,0
93,69,0,0,0,3,0,0
93,70,0,0,0,6,0,0
93,71,0,3,0,10,0,0
93,72,0,0,9,17,0,0
93,73,0,3,9,4,0,0
93,119,0,0,0,5,0,0
93,120,0,0,0,17,0,0
93,121,5,0,0,19,0,0
93,122,0,0,0,7,0,0
94,10,0,6,0,18,0,0
94,11,43,0,0,0,0,0
94,12,18,0,0,0,0,0
94,16,24,0,0,51,0,0
94,17,0,0,0,25,0,0
94,18,104,7,0,95,5,0
94,19,11,0,0,0,0,0
94,20,47,8,0,89,0,0
94,21,19,10,0,99,12,0
94,22,5,4,0,72,0,0
94,23,0,0,0,29,0,0
94,34,0,3,0,12,0,0
94,35,0,0,0,6,0,0
94,36,0,0,0,25,0,0
94,37,0,4,0,47,0,0
94,38,0,0,0,69,0,0
94,39,7,6,0,66,11,8
94,40,10,0,0,82,0,0
94,41,0,0,0,43,0,0
94,42,0,0,0,82,0,0
94,43,0,0,0,35,0,0
94,44,10,0,0,98,0,0
94,45,0,0,0,54,0,0
94,47,0,0,0,12,0,0
94,48,0,3,0,60,0,0
94,49,14,0,0,48,0,0
94,50,35,0,0,57,0,0
94,51,81,0,0,13,0,0
94,52,40,0,0,0,0,0
94,53,56,0,0,0,0,0
94,54,48,0,25,0,0,0
94,55,0,0,27,0,0,0
94,56,72,0,0,0,0,0
94,57,94,0,0,0,0,0
94,58,89,0,0,0,0,0
94,59,77,0,0,0,0,0
94,60,29,0,0,0,0,0
94,61,137,0,0,0,0,0
94,62,70,0,0,0,0,0
94,65,0,0,0,10,0,0
94,66,0,0,0,16,0,0
94,67,0,0,0,6,0,0
94,70,0,0,0,7,0,0
94,71,0,0,0,10,0,0
94,72,4,3,7,6,0,0
94,73,0,0,10,6,0,0
94,74,0,0,0,5,0,0
94,119,6,0,0,9,0,0
94,120,8,0,0,12,3,0
94,121,3,5,0,10,0,0
94,122,0,0,0,3,0,0
95,11,35,0,0,10,0,0
95,12,13,0,0,11,0,0
95,13,42,0,0,43,0,0
95,14,31,10,0,31,0,0
95,15,29,0,0,15,0,0
95,16,66,0,0,29,7,0
95,17,13,0,0,111,0,0
95,18,0,0,0,56,7,0
95,19,69,10,0,27,0,0
95,20,40,0,23,51,0,0
95,21,21,0,0,94,0,0
95,22,0,0,0,83,0,0
95,23,0,0,0,45,0,0
95,33,0,0,0,15,0,0
95,34,0,0,0,24,0,0
95,35,0,0,0,93,0,0
95,36,16,0,0,84,3,0
95,37,0,3,0,60,0,0
95,38,3,20,0,41,0,3
95,39,9,0,0,83,0,0
95,40,6,0,0,76,0,0
95,41,0,0,0,20,0,0
95,42,11,0,0,102,0,6
95,43,0,0,0,154,0,0
95,44,11,50,0,70,0,0
95,45,0,23,0,0,0,0
95,47,0,6,0,92,0,0
95,48,0,17,0,117,0,0
95,49,0,0,0,91,8,0
95,50,17,0,0,116,0,0
95,51,44,0,0,23,0,0
95,52,54,0,0,0,0,0
95,53,54,0,0,0,0,0
95,54,8,0,0,0,0,0
95,56,40,0,0,0,0,0
95,57,73,0,0,0,0,0
95,58,65,0,0,0,0,0
95,59,36,0,0,0,0,0
95,60,50,0,0,0,0,0
95,61,93,0,0,0,0,0
95,62,99,0,0,0,0,0
95,65,0,3,0,5,0,0
95,66,0,0,0,12,3,0
95,67,0,3,0,8,0,0
95,70,0,3,0,0,0,0
95,71,0,0,0,11,0,0
95,72,0,0,0,8,0,0
95,73,0,0,0,7,0,0
95,74,0,0,0,7,0,0
95,85,0,3,0,10,0,0
95,119,7,0,0,0,0,0
95,120,37,0,0,7,0,0
95,121,3,0,3,7,0,0
96,6,11,0,0,0,0,0
96,7,0,0,0,5,0,0
96,12,4,8,0,54,0,0
96,13,66,0,0,0,0,0
96,14,42,0,0,32,0,0
96,16,13,0,0,151,0,0
96,17,27,0,0,73,0,0
96,18,21,0,0,25,0,0
96,19,42,7,0,74,0,14
96,20,49,0,0,16,0,0
96,21,0,0,0,108,0,0
96,22,12,6,0,63,0,0
96,23,0,0,0,24,0,0
96,33,0,0,0,23,0,0
96,34,0,0,0,8,0,0
96,35,0,11,0,65,0,0
96,36,0,3,0,14,0,0
96,37,0,14,0,75,0,0
96,38,0,0,0,46,0,0
96,39,0,7,0,73,0,0
96,40,0,9,0,18,0,0
96,41,0,11,10,51,0,0
96,42,0,12,0,79,0,0
96,43,0,0,0,141,0,0
96,44,0,14,0,108,0,0
96,47,0,0,0,90,0,0
96,48,9,9,0,82,0,0
96,49,0,0,0,78,0,0
96,50,17,0,0,129,0,0
96,51,0,6,27,55,0,0
96,52,40,0,0,6,0,0
96,53,32,3,0,5,0,0
96,55,8,0,0,0,0,0
96,56,40,0,0,0,0,0
96,57,16,0,0,0,0,0
96,61,50,0,0,0,0,0
96,62,0,0,0,71,0,0
96,65,0,0,0,6,0,0
96,66,0,0,0,12,0,0
96,67,0,0,0,8,0,0
96,68,0,0,0,5,0,0
96,69,0,0,0,3,0,0
96,71,0,3,0,6,0,0
96,72,0,3,0,3,0,0
96,73,0,0,0,3,0,0
96,74,0,0,0,9,0,0
96,85,0,0,0,3,0,0
96,86,0,0,0,4,0,0
96,120,90,0,0,37,0,0
97,1,16,0,0,0,0,0
97,2,20,0,0,4,0,0
97,5,123,0,0,14,0,0
97,6,8,0,0,6,0,0
97,7,17,0,0,27,0,0
97,8,128,0,0,8,0,0
97,12,4,0,0,18,0,0
97,13,58,0,0,19,0,0
97,14,127,0,0,0,0,0
97,15,75,0,0,0,0,0
97,16,59,0,0,0,0,0
97,17,140,0,0,33,0,0
97,18,126,0,0,34,0,0
97,19,35,0,0,45,7,0
97,20,23,0,0,83,0,0
97,21,44,0,0,26,0,0
97,22,5,10,0,69,0,0
97,23,0,0,0,6,0,0
97,33,0,0,0,31,0,3
97,34,0,0,0,10,0,0
97,35,0,14,4,76,0,0
97,36,0,3,0,19,0,0
97,37,8,7,0,72,0,0
97,38,0,16,0,81,0,0
97,39,13,0,0,40,0,0
97,40,0,0,0,64,0,0
97,41,0,5,0,52,3,0
97,42,0,12,0,101,0,0
97,43,0,0,0,133,0,0
97,44,0,0,0,32,0,0
97,45,0,0,0,37,0,0
97,47,0,0,0,68,0,0
97,48,0,0,0,69,9,0
97,49,0,0,0,54,4,0
97,50,20,0,0,18,0,0
97,51,0,0,9,11,5,0
97,52,0,0,0,11,0,0
97,53,0,0,0,7,0,0
97,54,0,3,0,8,0,0
97,55,16,0,0,10,0,0
97,56,46,0,0,0,0,0
97,66,0,0,0,8,0,0
97,67,0,0,0,7,0,0
97,69,0,0,0,5,0,0
97,71,0,0,0,12,0,0
97,72,0,3,0,5,0,0
97,73,0,0,0,8,0,0
97,77,0,0,0,11,0,0
97,78,0,0,0,3,0,0
97,79,0,0,0,5,0,0
97,85,0,0,0,3,3,0
97,86,0,0,0,12,0,0
97,87,0,0,0,4,0,0
97,127,0,0,15,0,0,0
98,2,16,0,0,0,0,0
98,3,0,0,0,0,7,0
98,4,13,0,0,22,0,0
98,5,14,0,0,6,0,0
98,6,54,0,0,69,0,0
98,7,44,0,0,54,0,0
98,9,0,0,0,3,0,0
98,12,0,0,0,9,0,0
98,13,40,0,0,36,10,0
98,14,158,0,0,14,0,0
98,15,60,0,0,0,0,0
98,16,10,0,0,0,0,0
98,17,71,8,0,72,0,0
98,18,60,0,0,74,0,0
98,19,55,0,0,0,0,0
98,20,16,0,0,61,0,0
98,21,9,0,0,0,0,0
98,22,3,4,0,50,0,0
98,23,4,0,0,12,0,0
98,32,9,0,0,3,0,0
98,33,0,4,0,0,0,0
98,34,9,6,0,40,0,0
98,35,0,0,44,50,0,0
98,36,12,8,7,47,0,3
98,37,0,0,0,11,0,0
98,38,10,8,0,79,0,0
98,39,6,14,0,61,0,0
98,40,10,0,0,61,0,0
98,41,4,0,0,79,0,8
98,42,11,0,0,196,0,0
98,43,0,0,0,130,0,0
98,46,8,0,0,39,7,0
98,47,11,18,0,119,0,0
98,48,0,0,0,93,0,0
98,49,0,0,9,32,0,0
98,50,0,0,33,0,0,0
98,51,11,0,0,3,0,0
98,54,0,3,0,8,0,0
98,55,22,0,3,11,0,0
98,56,24,0,0,24,0,0
98,67,0,0,0,4,0,0
98,68,0,0,6,58,0,0
98,69,3,0,0,26,0,0
98,71,0,0,0,3,0,0
98,72,0,0,0,26,0,0
98,77,0,0,0,3,0,0
98,78,0,0,0,12,0,0
98,79,0,0,0,20,0,0
98,80,0,0,3,0,0,0
98,81,0,0,0,3,0,0
98,82,0,0,0,11,0,0
98,83,0,0,0,3,0,0
98,84,3,0,0,5,0,0
98,85,0,0,0,19,0,0
98,86,3,3,3,19,0,0
98,87,0,0,0,27,0,0
98,119,0,0,0,10,0,0
98,120,0,0,0,3,0,0
98,126,0,0,0,3,3,0
99,3,48,0,0,11,0,0
99,4,5,0,0,0,0,0
99,5,139,0,0,0,0,0
99,6,130,0,0,15,0,0
99,7,9,3,0,31,0,0
99,12,130,0,0,0,0,0
99,13,126,0,0,0,0,0
99,14,167,0,0,0,0,0
99,15,40,0,0,13,0,0
99,16,104,0,9,23,11,0
99,17,52,9,0,19,7,0
99,18,34,0,0,0,0,8
99,19,22,0,0,0,0,0
99,20,75,0,0,69,0,0
99,21,41,0,0,60,0,0
99,22,12,0,0,24,0,0
99,23,15,0,0,0,0,0
99,31,4,0,0,33,0,0
99,32,40,3,0,14,0,0
99,33,49,0,0,13,0,0
99,34,8,0,0,33,0,0
99,35,0,9,0,52,0,0
99,36,0,9,0,25,0,0
99,38,0,0,0,7,0,0
99,39,0,0,0,80,11,0
99,40,0,10,25,28,0,0
99,41,0,0,7,3,0,0
99,42,23,3,0,4,0,0
99,43,0,0,0,84,0,0
99,45,0,0,0,57,0,0
99,46,19,10,0,117,0,0
99,47,0,0,0,98,0,0
99,48,0,0,31,110,0,0
99,49,0,0,47,48,0,0
99,50,0,0,0,83,0,0
99,51,13,3,25,9,0,0
99,52,0,0,0,3,0,0
99,53,0,0,0,3,0,0
99,54,0,0,0,7,0,0
99,55,29,0,0,33,0,0
99,56,61,0,0,23,0,0
99,57,31,0,0,0,0,0
99,66,0,0,0,16,0,0
99,67,3,0,0,8,0,0
99,68,0,0,0,137,0,0
99,69,0,0,0,72,0,0
99,70,0,0,0,19,0,0
99,72,3,0,0,5,0,0
99,78,0,0,0,22,11,0
99,79,0,0,0,10,5,0
99,80,0,0,0,17,0,0
99,81,0,3,0,37,0,0
99,82,0,0,0,5,0,0
99,83,0,0,0,3,0,0
99,84,3,0,0,9,0,0
99,85,0,0,0,6,0,0
99,86,3,3,0,9,0,0
99,87,0,0,0,8,0,0
99,88,0,3,0,5,0,0
99,119,0,0,0,13,0,0
99,120,0,0,0,3,0,0
99,125,4,3,0,23,0,0
99,127,0,0,0,6,0,0
100,0,0,28,0,20,0,0
100,1,0,0,0,3,0,0
100,2,131,0,0,0,0,0
100,3,173,0,0,0,0,0
100,4,28,0,0,7,0,0
100,5,46,0,0,0,0,0
100,6,118,0,0,8,0,0
100,12,18,0,0,0,0,0
100,13,121,0,0,12,0,0
100,14,73,0,0,12,0,0
100,15,64,0,0,23,0,0
100,16,91,0,0,0,0,0
100,18,7,0,0,0,0,0
100,20,22,0,0,0,0,0
100,21,0,5,0,37,0,0
100,22,24,0,0,106,0,0
100,23,26,6,0,40,0,0
100,30,19,0,0,14,0,0
100,31,0,3,0,9,0,0
100,32,3,0,0,35,0,0
100,33,46,0,0,44,0,0
100,34,34,0,0,70,0,0
100,35,14,0,0,119,0,0
100,36,0,0,0,43,0,0
100,37,0,5,0,28,0,0
100,38,0,0,0,3,0,0
100,39,0,0,0,8,0,0
100,40,0,0,45,17,0,0
100,41,0,0,35,32,0,0
100,42,0,0,3,30,0,0
100,43,0,0,0,23,0,0
100,44,0,0,0,31,0,0
100,45,0,18,0,76,0,0
100,46,0,7,0,121,0,0
100,47,0,11,0,121,0,0
100,48,0,0,0,47,0,0
100,49,0,25,0,60,0,0
100,50,0,0,0,30,0,0
100,51,3,0,39,7,0,0
100,55,13,0,0,7,0,0
100,56,36,0,0,0,0,0
100,66,3,3,0,13,0,0
100,67,3,6,0,12,0,0
100,68,15,0,0,58,0,0
100,69,0,4,0,7,0,0
100,70,3,0,0,9,0,0
100,72,0,0,0,5,0,0
100,73,0,0,0,6,0,0
100,74,0,0,0,3,0,0
100,76,0,0,0,5,0,0
100,77,0,0,0,24,0,0
100,78,0,3,0,16,0,0
100,79,0,0,0,15,0,0
100,80,0,0,0,15,0,0
100,81,0,0,0,13,0,0
100,82,0,3,0,45,0,0
100,83,0,0,0,15,0,0
100,84,0,0,0,11,0,0
100,85,0,0,0,8,0,0
100,86,0,4,0,9,0,0
100,87,0,0,0,12,0,0
100,88,3,3,0,30,0,0
100,120,0,4,0,14,0,0
100,121,0,0,0,45,0,0
100,122,0,3,0,6,0,0
100,124,0,0,0,43,0,0
100,125,0,33,0,12,0,0
100,126,0,15,0,0,0,0
100,127,0,0,0,36,0,0
101,0,39,10,0,102,0,0
101,1,0,0,0,29,0,0
101,2,42,0,0,0,0,0
101,3,87,0,0,0,0,0
101,4,12,0,0,83,0,0
101,5,79,0,0,13,0,0
101,6,95,0,0,64,0,0
101,7,3,0,0,23,0,0
101,13,51,0,0,24,0,0
101,14,7,0,0,0,0,0
101,16,25,0,0,28,0,0
101,22,83,0,0,16,0,0
101,23,33,0,0,119,11,0
101,24,53,0,0,10,0,0
101,25,4,0,0,3,0,0
101,29,18,0,0,0,0,0
101,30,9,0,0,0,0,0
101,32,20,0,0,10,0,0
101,33,55,0,0,57,0,0
101,34,35,0,0,29,0,0
101,35,34,0,0,54,3,0
101,36,0,0,0,60,0,0
101,37,4,0,0,17,0,0
101,38,0,0,0,3,0,0
101,39,0,0,0,39,0,0
101,40,0,0,0,19,0,0
101,41,4,5,0,25,0,0
101,44,21,0,0,68,0,0
101,45,0,0,0,170,0,0
101,46,11,0,0,123,0,0
101,47,11,0,0,110,0,0
101,48,0,10,0,74,0,0
101,49,0,0,0,109,0,0
101,50,33,0,7,91,0,21
101,51,8,3,13,3,6,0
101,52,0,3,0,7,0,0
101,53,0,0,0,12,0,0
101,54,0,0,0,11,0,0
101,55,17,0,0,7,0,0
101,56,15,0,0,0,0,0
101,66,0,0,0,3,0,0
101,67,0,0,0,7,0,0
101,68,0,0,0,17,0,0
101,69,0,8,0,17,0,0
101,70,0,3,0,22,0,0
101,71,0,3,0,4,0,0
101,74,0,0,0,6,0,0
101,75,0,0,0,10,0,0
101,76,0,20,0,40,0,0
101,77,0,6,0,15,0,0
101,78,0,3,0,9,0,0
101,79,0,0,0,12,0,0
101,80,0,0,0,13,0,0
101,81,0,3,0,10,0,0
101,82,0,0,0,6,0,0
101,83,0,5,0,14,0,0
101,84,0,3,0,8,0,0
101,85,0,0,3,6,3,0
101,87,0,3,0,0,0,0
101,88,6,3,0,20,0,0
101,89,4,0,0,10,0,0
101,118,0,0,0,0,3,0
101,122,0,3,0,10,0,0
101,124,0,5,0,14,0,0
101,125,0,4,0,0,0,0
101,126,0,0,0,10,0,0
102,0,25,0,0,183,0,0
102,1,4,0,0,62,0,0
102,2,0,0,0,3,0,0
102,3,15,0,0,56,0,0
102,4,38,0,0,9,0,0
102,5,33,0,0,8,0,0
102,6,0,7,0,31,0,0
102,7,13,0,0,45,0,0
102,8,0,0,0,14,0,0
102,9,25,0,0,0,0,0
102,10,43,5,0,11,0,0
102,13,0,0,0,49,0,0
102,14,27,0,0,15,0,0
102,15,8,0,0,13,0,0
102,16,20,0,0,3,0,0
102,17,9,0,0,13,0,0
102,18,58,0,0,0,0,0
102,19,0,10,0,0,0,0
102,20,33,0,0,0,0,0
102,23,38,0,20,4,0,0
102,24,63,0,0,0,0,0
102,27,8,0,0,0,0,0
102,29,18,0,0,8,0,0
102,30,71,0,0,43,0,0
102,31,53,0,0,28,0,0
102,32,15,0,0,32,0,0
102,33,15,0,0,35,0,0
102,34,20,0,0,0,0,0
102,35,6,0,0,0,0,0
102,36,6,0,0,17,0,0
102,37,0,0,13,70,0,0
102,38,0,0,0,58,0,0
102,39,0,7,0,38,0,0
102,40,0,5,0,80,0,0
102,41,0,0,0,68,0,0
102,43,14,0,0,30,0,0
102,44,34,12,0,88,6,0
102,45,0,11,0,160,0,0
102,46,17,19,0,126,0,0
102,47,0,12,0,135,0,0
102,48,0,17,0,105,0,0
102,49,0,5,19,189,0,0
102,50,10,11,11,107,0,0
102,51,0,0,16,13,0,0
102,52,0,3,0,15,0,0
102,53,0,0,0,26,0,0
102,54,0,0,0,6,0,0
102,55,32,0,0,0,0,0
102,56,32,0,0,0,0,0
102,68,0,0,0,3,0,0
102,69,0,0,0,13,0,0
102,70,0,0,0,5,0,0
102,74,0,0,0,3,0,0
102,75,0,0,0,9,0,0
102,76,0,0,3,3,0,0
102,77,0,0,0,4,0,0
102,78,0,3,3,41,0,0
102,79,0,0,0,21,0,0
102,80,0,4,0,11,0,0
102,81,6,0,0,14,0,0
102,82,0,0,0,13,0,0
102,83,0,0,0,5,3,0
102,84,0,0,0,12,0,0
102,88,3,3,0,3,0,0
102,118,0,0,0,4,0,0
102,123,0,0,0,3,0,0
103,0,0,0,0,92,0,0
103,1,0,8,0,45,0,0
103,3,34,3,0,5,0,0
103,4,10,0,0,0,0,0
103,5,37,0,0,7,0,0
103,6,64,10,0,49,0,0
103,7,48,13,0,44,0,0
103,8,13,0,0,20,0,0
103,12,15,0,0,0,0,0
103,13,21,0,0,0,0,0
103,14,126,0,0,9,0,0
103,15,44,0,0,17,0,0
103,16,15,0,0,11,0,0
103,17,35,0,0,0,0,0
103,18,33,0,0,18,0,0
103,19,11,0,0,18,0,0
103,21,3,0,0,0,0,0
103,22,17,0,0,7,0,10
103,23,52,0,0,23,0,0
103,24,79,0,0,0,0,0
103,25,155,0,0,0,0,0
103,26,312,0,0,0,0,0
103,27,26,0,0,20,0,0
103,28,135,5,0,79,0,0
103,29,75,0,0,24,0,0
103,31,20,0,0,33,0,0
103,32,40,0,0,0,0,0
103,33,31,0,0,11,6,0
103,34,40,0,0,0,0,0
103,35,40,0,0,4,0,0
103,36,60,13,0,18,0,0
103,37,0,0,11,61,0,0
103,38,0,0,0,49,0,0
103,39,0,9,0,14,0,8
103,40,0,23,0,59,0,0
103,41,0,0,0,59,0,0
103,43,39,21,0,25,0,0
103,44,19,9,0,83,0,0
103,45,0,6,0,94,5,0
103,46,18,15,15,50,0,0
103,47,0,10,0,113,0,0
103,48,42,11,0,80,0,0
103,49,60,0,0,79,0,0
103,50,41,0,0,97,0,0
103,51,7,3,28,5,0,0
103,52,49,0,0,0,0,0
103,53,112,0,0,0,0,0
103,54,57,0,0,0,0,0
103,55,74,0,8,0,0,0
103,56,48,0,0,0,0,0
103,73,0,0,0,4,0,0
103,74,0,0,0,10,0,12
103,75,0,0,0,3,0,0
103,76,0,0,0,6,0,0
103,77,0,0,0,47,0,0
103,78,0,0,0,26,0,0
103,79,0,0,0,36,0,0
103,80,3,0,0,20,0,0
103,81,0,0,0,14,0,0
103,82,0,0,0,3,0,0
103,83,0,0,0,3,0,0
103,116,0,0,0,5,0,0
103,117,0,0,0,10,0,0
103,118,0,0,0,3,0,0
103,122,0,3,0,14,0,0
103,123,0,0,0,3,0,0
104,0,18,5,0,118,0,0
104,1,44,3,0,54,0,0
104,2,71,0,0,0,0,0
104,3,42,0,0,0,0,0
104,4,98,0,0,21,0,0
104,5,27,9,0,10,0,0
104,6,62,0,0,73,0,0
104,7,14,13,0,36,0,0
104,8,24,0,0,40,0,0
104,9,37,0,0,17,0,0
104,10,0,0,5,0,0,0
104,13,4,0,0,0,0,0
104,14,25,0,0,12,0,0
104,15,17,0,0,4,0,0
104,17,37,0,0,10,0,0
104,18,92,0,0,20,0,0
104,19,3,0,0,5,0,0
104,21,3,0,0,0,0,0
104,23,3,0,0,0,0,0
104,25,50,0,0,0,0,0
104,26,43,0,0,19,0,0
104,27,0,0,0,85,8,0
104,28,38,10,0,31,0,0
104,29,21,0,0,11,0,0
104,31,26,0,0,0,0,0
104,32,53,0,0,19,0,0
104,33,29,0,0,39,0,0
104,34,50,0,0,35,0,0
104,35,108,0,0,0,0,0
104,36,103,21,0,10,0,0
104,37,16,14,0,84,0,13
104,38,29,0,0,36,0,0
104,39,0,8,0,116,8,0
104,40,0,0,0,97,0,0
104,42,0,0,0,48,0,0
104,43,0,9,0,113,0,0
104,44,0,0,0,38,0,0
104,45,0,0,0,122,0,0
104,46,18,21,0,98,7,0
104,47,19,8,0,109,0,0
104,48,63,8,0,35,0,0
104,49,44,0,0,20,0,0
104,50,16,0,0,23,0,0
104,51,68,0,14,0,0,0
104,52,70,0,17,0,0,0
104,53,101,0,0,0,0,0
104,54,60,0,0,13,0,0
104,55,34,0,0,49,0,0
104,56,32,0,0,14,0,0
104,72,0,0,0,3,0,0
104,73,0,0,0,5,0,0
104,76,0,0,0,35,0,0
104,77,0,4,0,11,0,0
104,78,0,0,0,9,0,0
104,79,0,0,0,27,6,0
104,80,0,0,0,14,0,0
104,81,0,8,0,43,0,0
104,82,3,3,0,14,0,0
104,83,0,0,0,9,0,0
104,109,0,0,0,5,0,0
104,117,0,0,0,3,3,0
104,120,0,0,0,5,0,0
104,121,0,0,0,5,0,0
104,122,0,3,0,6,0,0
105,0,110,0,0,75,11,0
105,1,47,0,0,14,0,0
105,2,45,0,0,16,0,0
105,3,15,0,0,53,0,0
105,4,34,0,0,24,0,0
105,5,22,0,0,0,0,0
105,6,27,0,0,24,14,0
105,7,60,0,0,53,0,0
105,8,68,0,0,77,0,0
105,9,0,0,85,0,0,0
105,14,21,0,0,0,0,0
105,15,8,0,0,0,0,0
105,16,10,0,0,3,0,0
105,17,87,0,0,0,0,0
105,18,93,0,0,0,0,0
105,23,10,0,0,0,0,0
105,26,51,9,0,32,0,0
105,27,14,0,0,13,5,0
105,34,32,0,0,0,0,0
105,35,15,0,0,0,0,0
105,36,30,0,0,44,0,27
105,37,0,12,0,126,0,0
105,38,0,9,0,106,0,0
105,39,0,3,0,33,0,0
105,41,0,0,0,7,0,0
105,42,0,0,0,149,0,0
105,43,0,3,0,35,7,0
105,44,0,12,0,46,0,0
105,45,25,0,0,50,0,0
105,46,37,19,0,65,0,0
105,47,68,12,0,22,19,0
105,48,82,0,0,34,0,0
105,49,0,0,0,19,0,0
105,50,0,0,0,18,0,0
105,51,0,4,0,12,3,0
105,52,3,3,0,12,0,0
105,53,30,0,0,14,0,0
105,54,56,0,0,0,0,0
105,55,16,0,0,0,0,0
105,56,0,0,0,8,0,0
105,57,3,0,0,3,0,0
105,70,0,0,0,6,0,0
105,71,0,0,0,12,0,0
105,72,0,0,0,13,0,0
105,73,0,0,0,5,0,0
105,74,0,0,0,6,0,0
105,76,0,0,0,5,0,0
105,77,0,0,0,41,0,0
105,78,4,3,0,10,0,0
105,79,0,6,0,11,0,0
105,80,0,0,0,12,0,0
105,81,0,4,0,21,0,0
105,82,0,3,0,9,0,0
105,83,0,0,0,8,0,0
105,84,0,0,0,11,0,0
105,109,0,0,0,5,3,0
105,110,0,0,0,7,0,0
105,111,0,0,0,5,0,0
105,113,0,0,0,4,0,0
105,114,0,3,0,3,0,0
105,115,0,0,0,6,0,0
105,116,0,0,0,8,0,0
105,117,0,0,0,10,0,0
105,119,0,0,0,7,0,0
105,120,0,0,0,4,0,0
105,121,0,0,0,6,0,0
105,122,0,0,0,12,3,0
106,0,52,0,0,10,0,0
106,1,40,0,0,21,0,0
106,2,47,11,0,20,0,0
106,3,12,0,0,38,0,0
106,4,40,0,0,50,0,0
106,5,96,0,0,45,0,0
106,6,40,0,0,0,0,0
106,7,4,0,0,31,0,0
106,8,32,0,55,24,0,0
106,9,45,0,0,0,0,0
106,13,83,0,0,0,0,0
106,14,22,0,0,0,0,0
106,16,25,0,0,7,0,0
106,17,5,0,0,0,0,0
106,18,223,12,0,47,0,0
106,19,4,3,0,3,0,0
106,20,0,0,0,10,0,0
106,22,10,0,0,0,0,0
106,23,252,0,0,0,0,0
106,24,375,7,0,0,0,0
106,25,3,0,0,14,0,3
106,26,113,0,0,26,0,0
106,37,30,33,0,20,0,0
106,38,0,17,0,0,0,0
106,39,0,3,0,24,0,0
106,40,0,3,0,4,0,0
106,41,0,5,0,68,9,0
106,42,0,5,0,40,0,0
106,43,0,0,0,30,0,0
106,44,34,0,0,21,0,0
106,45,86,0,0,0,0,0
106,46,9,3,0,58,0,0
106,47,78,12,0,11,0,0
106,48,39,0,0,61,0,0
106,49,0,0,0,24,0,0
106,50,0,0,0,25,0,0
106,51,0,3,0,18,0,0
106,52,0,0,0,19,0,0
106,53,0,3,0,15,0,0
106,57,0,0,0,3,0,0
106,58,0,0,4,3,0,0
106,66,225,0,0,0,0,0
106,69,3,3,0,15,0,0
106,70,0,0,0,7,0,0
106,71,0,3,0,10,0,0
106,72,0,3,0,13,0,0
106,73,0,4,0,12,0,0
106,77,0,0,0,33,0,0
106,78,0,3,0,15,0,0
106,79,0,3,0,14,0,0
106,80,0,0,0,23,0,0
106,81,0,0,0,5,0,0
106,82,0,3,0,9,0,0
106,83,0,0,0,16,0,0
106,84,0,0,0,10,0,0
106,85,5,0,0,0,0,0
106,110,0,3,0,5,0,0
106,111,0,0,0,13,3,0
106,112,0,3,0,10,0,0
106,113,0,0,0,3,0,0
106,114,0,0,0,4,0,0
106,115,0,0,0,3,0,0
106,116,0,0,0,4,3,0
106,117,0,0,0,5,0,0
106,122,0,0,0,5,0,0
106,124,0,0,0,0,3,0
107,0,49,0,0,31,0,0
107,1,31,0,0,6,0,0
107,2,111,0,0,11,0,0
107,3,78,0,0,0,0,0
107,4,186,0,0,21,0,0
107,5,187,0,0,0,0,0
107,6,54,0,0,0,0,0
107,7,231,0,13,6,0,0
107,8,69,0,0,0,0,0
107,9,17,0,0,7,0,0
107,10,25,0,0,59,0,0
107,11,36,0,0,13,0,0
107,15,0,0,0,3,0,0
107,16,18,0,0,7,0,0
107,17,45,0,0,27,0,0
107,18,9,11,0,0,0,0
107,19,29,0,0,32,0,0
107,20,0,0,0,4,0,0
107,26,9,0,0,0,0,0
107,27,28,0,0,0,0,0
107,28,0,0,0,30,0,0
107,38,0,0,0,17,0,0
107,39,0,3,0,3,0,0
107,40,0,10,0,18,0,0
107,41,7,0,0,26,0,0
107,42,0,0,28,17,0,0
107,43,0,0,12,9,0,0
107,44,0,0,0,27,0,0
107,45,30,0,0,12,0,0
107,46,0,0,0,8,0,0
107,47,0,8,0,21,0,0
107,48,27,4,0,16,0,0
107,49,0,0,0,16,0,0
107,50,3,0,0,10,0,0
107,51,0,0,0,10,0,0
107,53,0,0,0,3,0,0
107,66,3,0,0,13,0,0
107,67,0,0,0,3,0,0
107,69,0,0,0,7,0,0
107,70,0,0,0,7,0,0
107,71,0,3,0,11,0,0
107,72,0,3,0,7,0,0
107,73,0,3,0,9,0,0
107,74,0,0,0,3,0,0
107,78,3,3,0,10,0,0
107,79,0,3,0,11,0,0
107,80,0,0,0,18,0,0
107,81,0,0,0,3,0,0
107,82,0,0,0,15,0,0
107,83,0,3,0,16,0,0
107,84,0,0,0,4,0,0
107,85,0,0,0,6,0,0
107,86,3,0,0,0,0,0
107,110,3,0,0,10,0,0
107,111,0,0,0,5,0,0
107,112,0,0,0,5,0,0
107,116,0,0,0,4,0,0
107,117,0,0,0,4,0,0
108,0,28,0,0,92,4,0
108,1,31,7,0,32,0,0
108,2,100,0,0,17,0,0
108,3,10,0,0,20,0,6
108,4,18,0,0,0,0,0
108,6,46,0,0,0,0,0
108,7,232,0,0,0,0,0
108,10,0,0,0,3,0,0
108,11,58,0,0,22,0,0
108,12,41,0,0,0,0,0
108,16,7,0,0,0,0,0
108,17,0,0,0,12,0,0
108,27,18,13,0,0,0,0
108,28,16,0,0,10,0,0
108,39,0,0,0,24,0,0
108,40,0,0,0,10,0,7
108,41,0,0,25,69,5,8
108,42,0,0,60,0,0,32
108,43,0,0,7,53,0,0
108,44,0,0,0,41,3,0
108,45,0,0,0,5,0,0
108,46,0,7,0,0,0,0
108,64,3,0,0,7,0,0
108,65,0,0,0,13,0,0
108,66,3,3,0,18,0,0
108,67,0,3,0,10,0,0
108,70,3,0,0,7,0,0
108,71,0,0,0,10,0,0
108,72,0,0,0,7,0,0
108,73,0,0,0,11,0,0
108,74,0,0,0,8,0,0
108,78,0,0,0,6,0,0
108,79,3,4,0,10,0,0
108,80,0,3,0,18,0,0
108,81,0,0,0,6,0,0
108,82,3,3,0,4,0,0
108,83,3,0,0,10,0,0
108,84,0,0,0,13,0,0
108,85,0,0,0,4,0,0
108,110,0,0,0,4,0,0
108,115,0,0,0,7,0,5
108,116,0,0,0,10,0,0
108,117,0,0,0,3,0,0
109,0,0,7,0,8,0,0
109,1,85,0,0,80,0,0
109,2,35,0,0,20,0,0
109,3,3,0,0,0,0,0
109,7,87,0,0,0,0,0
109,8,155,0,0,0,0,0
109,10,70,9,0,30,0,0
109,11,15,7,0,41,0,0
109,12,37,0,0,0,0,0
109,13,45,0,0,29,0,0
109,29,13,0,0,14,0,0
109,30,0,0,0,9,0,0
109,31,0,0,0,8,0,0
109,38,0,0,0,34,0,9
109,39,0,0,0,111,0,0
109,40,0,0,0,114,13,0
109,41,0,0,0,67,0,0
109,42,0,3,0,103,0,0
109,43,0,9,0,111,0,0
109,44,0,0,0,33,0,0
109,45,0,7,0,30,0,0
109,46,0,0,0,53,0,0
109,47,0,0,0,56,0,0
109,51,0,0,0,7,0,0
109,52,0,0,0,3,0,0
109,53,0,0,0,52,0,0
109,54,0,3,0,17,0,0
109,55,0,0,0,16,0,0
109,56,0,0,3,3,0,0
109,63,0,0,0,6,0,0
109,64,3,3,0,9,0,0
109,65,0,0,0,9,0,0
109,66,0,0,0,9,0,0
109,67,0,0,0,14,0,0
109,68,0,0,0,6,0,0
109,71,0,0,0,7,0,0
109,72,0,3,0,9,0,0
109,73,0,3,0,6,0,0
109,74,0,0,0,3,0,0
109,79,0,3,0,8,0,0
109,80,3,3,0,3,0,0
109,81,0,0,0,10,0,0
109,82,3,0,0,3,0,0
109,83,0,7,0,21,0,0
109,85,0,0,0,13,0,0
110,0,0,6,0,8,0,0
110,4,85,0,0,0,0,0
110,5,0,0,0,4,0,0
110,6,12,0,0,0,0,0
110,8,32,0,0,0,0,0
110,9,83,0,0,0,0,0
110,10,68,0,0,0,0,0
110,11,12,0,0,17,0,0
110,12,53,0,0,4,0,0
110,17,47,0,0,0,0,0
110,18,72,0,0,0,0,5
110,19,226,0,0,0,0,0
110,30,0,0,0,10,0,0
110,38,6,0,0,10,0,0
110,39,14,0,0,101,0,0
110,40,0,0,0,158,0,0
110,41,16,0,0,152,7,0
110,42,0,0,0,92,0,0
110,43,0,0,0,67,0,0
110,44,0,7,0,22,0,0
110,45,0,5,0,10,0,0
110,46,0,3,0,25,0,0
110,47,0,0,0,9,0,0
110,49,0,4,0,30,0,0
110,50,3,0,0,6,0,0
110,51,0,0,0,30,7,0
110,53,0,0,21,38,0,0
110,54,0,23,0,30,0,0
110,55,0,7,0,43,0,0
110,56,0,0,0,0,0,50
110,64,3,3,0,22,0,0
110,65,0,0,0,7,0,0
110,66,0,0,0,12,0,0
110,67,0,0,0,8,0,0
110,68,0,0,0,10,0,0
110,69,0,0,0,3,0,0
110,70,0,0,0,3,0,0
110,71,0,3,0,9,0,0
110,79,0,0,0,3,0,0
110,80,3,3,0,21,3,0
110,81,0,3,0,3,0,0
110,82,0,0,0,13,0,0
110,83,0,0,0,19,0,0
110,84,0,0,0,3,0,0
111,3,172,0,0,0,0,0
111,4,0,0,0,10,0,0
111,5,15,0,0,166,0,0
111,6,0,0,0,7,0,0
111,8,77,0,0,21,0,0
111,10,204,0,0,0,0,0
111,11,135,0,0,16,0,0
111,12,78,0,0,20,0,0
111,13,34,0,0,10,0,0
111,14,0,0,0,8,0,0
111,16,4,0,0,0,0,0
111,17,16,0,0,0,0,0
111,18,113,0,0,0,0,0
111,19,0,0,0,4,0,0
111,20,0,0,0,24,0,0
111,37,0,0,0,3,0,0
111,39,0,0,0,16,0,0
111,40,0,0,0,108,0,0
111,41,0,16,0,102,0,0
111,42,0,0,0,77,0,0
111,43,0,0,0,117,0,11
111,44,0,0,0,82,0,6
111,45,0,7,0,40,0,0
111,46,0,7,0,15,0,0
111,47,0,4,0,43,0,6
111,48,0,0,47,0,0,0
111,49,0,9,9,10,0,0
111,50,0,0,0,21,0,0
111,51,0,0,0,14,21,0
111,52,0,9,0,28,0,0
111,53,0,0,0,77,0,0
111,54,0,0,0,28,0,0
111,55,0,0,0,58,0,0
111,64,0,3,0,8,0,0
111,65,0,0,0,16,0,0
111,66,0,3,0,12,0,0
111,67,3,0,0,7,0,0
111,68,0,0,0,8,0,0
111,69,0,3,0,8,0,0
111,70,0,3,0,10,0,0
112,0,3,0,0,0,0,0
112,2,214,0,0,0,0,0
112,4,132,0,0,22,0,0
112,5,91,0,0,31,13,0
112,8,7,0,0,0,0,0
112,9,96,0,0,31,0,11
112,10,183,0,0,9,0,0
112,11,90,0,0,37,0,0
112,12,51,0,0,45,0,10
112,13,10,0,0,48,0,0
112,14,0,0,0,9,0,0
112,15,306,0,0,0,0,0
112,17,0,0,0,20,0,0
112,19,0,0,0,14,0,0
112,20,5,0,0,27,0,6
112,38,0,0,0,48,0,0
112,39,0,0,0,53,0,0
112,40,18,0,0,10,0,0
112,41,59,11,0,90,0,0
112,42,79,15,0,43,0,0
112,43,112,0,0,11,0,0
112,44,50,0,0,43,0,0
112,45,3,0,0,12,4,0
112,47,0,0,63,14,0,0
112,48,0,0,54,0,0,0
112,52,12,3,0,0,0,0
112,53,8,3,0,4,0,0
112,55,0,0,0,4,0,0
112,63,0,8,0,23,0,0
112,65,0,4,0,0,8,0
112,69,0,3,0,3,0,0
112,70,0,3,0,3,0,0
112,94,0,0,0,52,0,0
113,0,44,0,0,0,0,0
113,2,93,0,0,32,0,0
113,3,27,0,0,41,0,0
113,8,38,0,0,24,0,0
113,9,43,0,0,17,0,0
113,10,42,0,0,26,0,0
113,11,6,0,0,9,0,0
113,15,168,0,0,0,0,0
113,16,0,0,0,29,0,0
113,17,10,0,0,0,0,0
113,19,90,6,0,56,0,0
113,20,34,0,0,26,0,0
113,21,16,0,0,0,0,0
113,22,23,10,0,12,0,0
113,36,0,0,0,12,0,0
113,39,0,0,0,42,0,0
113,40,0,0,0,54,0,0
113,41,32,0,0,60,0,0
113,42,112,0,0,12,0,0
113,43,63,0,0,25,10,0
113,44,59,0,0,29,0,0
113,45,10,0,0,20,0,0
113,47,0,0,42,0,0,0
113,48,0,0,68,0,0,0
113,52,11,0,0,0,0,0
113,53,9,4,0,16,0,0
113,56,0,0,0,25,0,0
113,63,0,0,0,51,0,0
113,65,0,0,0,20,0,0
113,68,0,0,0,3,0,0
113,94,0,0,0,24,0,0
114,0,128,0,0,0,0,0
114,1,130,0,0,0,0,0
114,2,128,0,0,0,0,0
114,3,12,0,0,0,0,0
114,10,3,0,0,0,0,0
114,17,50,0,0,0,0,0
114,18,56,11,0,39,0,0
114,19,23,0,0,3,0,0
114,20,26,0,0,0,0,0
114,22,12,12,0,7,0,11
114,23,17,0,0,9,9,0
114,37,0,0,0,8,0,0
114,40,31,0,0,0,0,0
114,41,88,0,0,0,8,0
114,42,38,12,0,54,0,0
114,43,46,0,45,40,0,0
114,44,0,0,10,43,0,0
114,45,0,0,32,14,0,0
114,48,0,0,58,0,0,0
114,53,4,0,0,0,0,0
114,63,0,0,0,18,0,0
114,65,7,3,0,33,0,0
114,67,0,0,3,0,0,0
114,69,0,0,0,3,0,0
115,0,331,0,0,0,0,0
115,1,80,0,0,0,0,0
115,2,173,0,0,0,0,0
115,3,191,0,0,0,0,0
115,14,10,0,0,8,0,0
115,15,16,0,0,55,0,0
115,16,0,0,0,30,0,0
115,17,5,0,17,21,0,0
115,18,36,0,0,21,0,0
115,19,38,0,0,54,0,0
115,20,0,0,0,13,0,0
115,21,17,0,0,10,8,0
115,22,0,0,0,3,0,0
115,23,86,0,0,6,0,0
115,24,0,0,0,6,0,0
115,37,8,0,0,0,0,0
115,39,8,0,0,5,0,0
115,40,100,0,0,0,0,0
115,41,99,0,0,21,0,0
115,42,22,0,0,32,0,3
115,43,87,0,0,11,0,0
115,44,30,0,37,22,0,0
115,48,0,0,0,44,0,0
115,62,0,0,0,0,0,5
115,63,0,3,0,28,0,0
116,0,132,0,0,0,0,0
116,1,21,0,0,0,0,0
116,14,23,0,0,29,0,0
116,15,111,0,0,13,0,0
116,16,0,0,0,18,0,0
116,17,3,0,0,48,0,0
116,18,22,0,0,30,0,0
116,19,14,0,0,0,0,0
116,20,7,0,0,35,0,0
116,21,91,0,0,25,0,0
116,22,0,0,0,9,0,0
116,23,0,0,0,0,0,7
116,40,8,0,0,0,0,0
116,41,88,0,0,0,0,0
116,42,110,0,0,8,0,0
116,43,32,0,0,0,0,0
116,44,31,27,0,41,0,0
116,48,0,0,0,32,0,0
116,58,14,0,0,0,0,0
117,0,25,0,0,0,0,0
117,13,78,0,0,0,0,0
117,14,75,0,0,0,0,0
117,15,147,0,0,0,0,0
117,16,37,0,0,49,0,0
117,17,12,0,0,37,19,0
117,18,44,0,0,41,0,0
117,19,34,0,0,32,0,0
117,20,21,0,0,0,0,0
117,23,0,0,0,38,0,0
117,36,0,0,0,3,0,0
117,37,0,0,0,3,0,0
117,39,16,0,0,27,0,0
117,40,37,0,8,12,0,0
117,41,0,9,0,39,0,0
117,42,38,0,0,10,0,0
117,43,48,0,0,57,0,0
117,44,20,0,0,87,0,0
117,58,0,0,0,3,0,0
118,6,0,0,0,24,0,0
118,8,11,0,0,0,0,0
118,9,10,0,0,10,0,0
118,12,52,0,0,0,0,0
118,13,15,0,0,13,0,0
118,15,9,4,0,0,0,0
118,16,0,0,9,11,0,0
118,17,0,0,0,7,0,0
118,19,0,0,0,10,0,0
118,21,45,0,0,32,0,0
118,23,30,0,0,27,0,34
118,24,34,0,0,0,0,0
118,33,0,0,0,60,0,0
118,34,0,0,0,12,0,0
118,38,0,0,0,45,0,0
118,39,7,0,0,0,0,0
118,43,0,0,0,45,0,0
118,44,0,0,0,24,0,0
118,52,0,0,0,3,0,0
119,7,30,0,0,0,0,0
119,8,26,9,0,34,0,0
119,9,43,0,0,85,0,0
119,10,12,0,0,14,0,0
119,12,19,6,0,25,0,0
119,13,10,0,0,0,0,0
119,14,54,0,0,0,0,0
119,15,64,11,0,26,0,0
119,16,35,0,0,0,0,0
119,17,88,0,0,0,0,0
119,18,119,0,0,0,0,0
119,19,0,0,0,19,0,0
119,20,9,0,0,16,0,0
119,21,140,0,0,83,0,0
119,22,82,0,0,35,0,0
119,23,56,0,0,90,0,16
119,24,10,0,0,0,11,0
119,25,0,9,0,0,0,0
119,32,0,0,0,23,0,0
119,33,0,0,5,63,0,8
119,34,0,0,0,0,0,8
119,35,0,0,0,8,0,0
119,55,0,0,0,0,15,0
119,61,10,0,0,0,0,0
119,63,0,0,0,4,0,0
120,6,16,0,0,16,0,0
120,7,71,10,0,77,0,0
120,8,63,17,0,56,0,0
120,9,40,12,20,65,0,0
120,10,0,0,0,42,0,0
120,11,0,11,0,0,0,0
120,12,15,30,0,25,6,0
120,14,70,0,0,14,0,0
120,15,96,0,0,9,0,0
120,16,39,0,0,0,0,0
120,17,109,0,0,9,0,0
120,18,126,0,0,0,0,0
120,19,42,0,0,38,8,5
120,20,0,0,0,27,0,0
120,21,70,0,0,57,0,0
120,22,55,0,0,27,0,0
120,23,0,0,14,90,0,0
120,24,55,14,0,114,11,0
120,25,57,0,0,59,10,0
120,56,33,0,7,43,0,0
120,57,13,0,0,35,0,0
120,58,26,0,0,0,0,0
120,59,60,0,0,0,0,0
120,60,50,0,0,0,0,0
120,61,60,0,0,0,0,0
120,62,69,0,0,0,0,0
120,63,50,0,0,0,0,0
120,64,0,3,0,8,3,0
120,65,0,3,0,3,0,0
120,66,0,0,0,8,3,0
120,79,0,0,0,3,0,0
121,4,3,0,0,0,0,0
121,6,21,0,0,40,0,0
121,7,67,0,0,40,0,0
121,8,54,0,0,37,9,15
121,9,64,0,0,0,0,0
121,11,0,0,0,23,0,0
121,12,0,0,0,83,0,0
121,13,0,10,0,54,25,0
121,14,0,0,0,59,0,0
121,16,90,0,0,0,0,0
121,17,179,0,0,0,0,0
121,18,96,0,0,0,0,6
121,19,0,11,0,52,0,0
121,20,10,0,0,20,0,0
121,23,68,6,0,42,0,0
121,24,54,0,0,107,23,0
121,25,133,16,0,43,0,0
121,26,27,0,0,12,0,0
121,46,0,0,0,3,0,0
121,56,72,0,0,3,0,0
121,57,34,0,0,36,0,0
121,58,41,0,0,0,0,0
121,59,80,0,0,8,0,0
121,60,130,0,0,0,0,0
121,61,120,0,0,0,0,0
121,62,110,0,0,0,0,0
121,63,59,0,0,4,0,0
121,64,0,0,0,8,3,0
121,65,0,0,0,5,0,0
121,66,0,0,0,7,0,0
121,67,0,0,0,3,0,0
121,84,0,0,3,0,0,0
122,2,42,0,0,0,0,0
122,4,21,0,0,0,0,0
122,5,14,0,0,0,0,0
122,6,43,0,0,26,0,0
122,7,34,0,0,22,0,0
122,11,71,0,0,51,0,0
122,12,0,0,0,4,0,0
122,13,13,11,0,127,0,0
122,14,0,8,0,93,0,0
122,15,0,0,0,58,0,0
122,16,42,0,0,41,0,0
122,17,138,0,0,0,0,0
122,18,127,0,0,47,0,0
122,19,41,0,0,22,0,0
122,20,26,0,0,55,0,0
122,21,13,0,20,50,10,0
122,23,0,0,9,38,0,8
122,24,35,9,0,82,0,3
122,25,86,0,0,72,0,15
122,26,53,0,0,33,0,5
122,55,0,0,0,3,0,0
122,56,0,3,0,15,0,0
122,57,24,0,0,0,0,0
122,61,109,0,3,6,0,0
122,62,84,0,0,0,0,0
122,63,3,0,0,5,0,0
122,64,0,3,0,12,0,0
122,65,0,0,0,7,0,0
122,66,0,0,0,7,0,0
122,67,0,0,0,3,0,0
122,126,0,0,0,8,0,0
122,127,0,0,0,11,3,0
123,1,10,0,0,27,0,0
123,2,66,0,0,8,0,0
123,3,0,0,0,6,0,0
123,4,73,0,0,0,0,0
123,5,84,0,0,0,0,0
123,6,15,0,0,0,0,0
123,9,19,0,0,18,0,0
123,10,42,0,0,29,0,0
123,11,7,10,0,3,0,0
123,12,0,0,0,20,0,0
123,13,0,0,0,5,0,0
123,14,0,0,0,29,0,0
123,15,0,0,0,62,0,4
123,16,0,7,0,6,0,20
123,17,22,0,0,33,8,0
123,18,20,0,0,32,12,0
123,19,44,0,0,36,0,0
123,20,46,0,0,56,18,0
123,21,3,0,0,13,0,0
123,23,0,0,0,30,0,28
123,24,52,0,0,66,12,0
123,25,53,0,0,43,5,6
123,26,49,0,0,27,8,19
123,43,0,0,0,20,0,0
123,44,9,0,0,48,0,0
123,45,12,5,0,57,3,0
123,46,0,18,0,24,0,0
123,47,3,0,0,0,0,0
123,48,0,0,0,3,0,0
123,52,29,0,0,0,0,0
123,55,0,0,0,5,0,0
123,56,9,0,5,6,0,0
123,57,38,0,0,0,0,0
123,58,139,0,0,0,0,0
123,59,135,0,0,0,0,0
123,60,105,0,0,0,0,0
123,61,3,0,3,7,0,0
123,62,124,0,0,0,0,0
123,63,0,3,0,11,0,0
123,64,0,0,3,3,0,0
123,65,0,3,0,10,0,0
123,66,0,0,0,5,0,0
123,67,3,0,0,9,0,0
123,126,0,0,0,16,0,0
123,127,0,0,0,7,0,0
124,3,121,0,0,0,0,0
124,4,184,0,0,15,0,0
124,5,192,0,0,21,0,0
124,6,64,0,0,0,0,0
124,8,8,0,0,54,0,0
124,9,0,0,0,35,0,0
124,10,59,0,0,40,0,0
124,13,0,0,0,12,0,0
124,14,0,0,0,31,0,0
124,15,6,0,0,40,0,0
124,16,0,0,0,6,0,0
124,17,0,0,0,5,0,0
124,18,50,0,0,63,0,10
124,19,27,0,0,9,0,9
124,20,36,0,0,32,0,7
124,23,0,0,0,88,0,3
124,24,64,0,0,63,11,13
124,25,57,0,0,54,12,12
124,26,7,9,0,0,0,0
124,43,0,0,0,56,10,6
124,44,8,12,0,54,0,0
124,45,0,15,0,38,7,0
124,46,0,21,0,60,0,0
124,47,0,0,49,36,0,0
124,48,0,0,7,28,0,0
124,51,14,0,0,0,0,0
124,52,52,0,0,9,0,0
124,53,68,0,0,0,0,0
124,54,58,0,0,0,0,0
124,55,19,0,0,0,0,0
124,56,35,0,0,3,0,0
124,57,0,0,0,39,0,0
124,58,0,0,0,6,0,0
124,59,124,0,0,0,0,0
124,60,107,0,0,0,0,0
124,61,71,0,39,3,0,16
124,62,102,0,0,3,0,0
124,63,0,0,0,7,0,0
124,64,0,0,0,5,0,0
124,65,0,0,0,9,0,0
124,66,0,3,0,8,0,0
124,67,0,0,0,3,0,0
124,125,0,0,0,3,0,0
124,126,5,0,0,4,0,0
124,127,0,0,3,14,4,0
125,3,3,0,0,0,0,0
125,4,120,0,0,0,0,15
125,5,81,10,0,43,8,9
125,6,24,0,0,110,18,6
125,7,0,0,0,72,0,0
125,8,0,0,0,154,0,19
125,9,17,0,0,45,0,0
125,10,30,0,0,79,0,0
125,11,0,0,0,163,0,0
125,12,18,0,0,82,0,0
125,13,34,0,0,0,0,0
125,14,0,0,0,8,0,0
125,15,0,7,0,97,0,0
125,16,5,0,0,120,0,0
125,17,0,7,0,77,0,0
125,18,9,0,0,0,0,0
125,19,53,0,0,33,0,23
125,20,0,0,0,3,0,0
125,22,0,0,15,25,0,0
125,23,18,15,0,34,0,19
125,24,18,11,0,109,4,35
125,25,56,0,0,91,0,0
125,26,47,13,0,29,10,0
125,29,0,4,0,0,0,0
125,30,26,0,0,0,0,0
125,31,0,0,0,29,0,0
125,32,7,0,0,0,0,0
125,36,4,0,0,0,0,0
125,42,0,0,0,13,0,0
125,48,0,0,28,56,0,0
125,49,15,0,0,80,9,0
125,50,0,0,0,8,0,0
125,51,12,0,0,0,0,0
125,52,53,0,0,0,0,0
125,53,82,0,0,25,0,0
125,54,89,0,0,0,0,0
125,55,26,0,0,0,0,0
125,56,9,0,0,9,0,0
125,57,0,3,0,26,0,0
125,58,0,0,0,33,0,0
125,59,0,0,0,25,0,0
125,60,0,0,0,7,0,0
125,61,0,0,0,3,0,17
125,62,0,3,0,4,0,0
125,63,3,0,0,3,0,0
125,64,0,3,0,4,0,0
125,65,0,0,0,8,0,0
125,66,3,0,0,7,0,0
125,67,0,0,0,5,0,0
125,124,0,0,0,3,0,0
125,125,0,0,0,5,0,0
125,126,0,0,0,7,3,0
125,127,0,0,0,7,3,0
126,0,24,0,0,24,0,0
126,4,108,0,0,0,0,0
126,5,101,0,0,0,0,0
126,6,25,0,0,62,0,0
126,7,0,12,0,97,11,0
126,8,0,0,0,60,0,3
126,9,0,0,0,36,0,0
126,10,92,0,0,88,0,0
126,11,121,0,0,68,0,0
126,12,11,17,0,98,0,0
126,13,7,12,0,94,0,9
126,14,0,4,0,44,0,0
126,15,0,15,0,65,0,6
126,16,0,0,0,91,0,0
126,17,0,12,0,38,0,0
126,18,29,0,0,27,0,8
126,19,82,0,0,12,0,0
126,20,50,0,0,29,0,0
126,21,158,0,0,0,0,0
126,22,82,18,0,27,0,0
126,23,0,9,0,61,15,52
126,24,14,0,0,101,13,43
126,25,0,0,0,13,0,0
126,26,3,0,0,0,0,0
126,29,0,0,0,46,0,0
126,30,21,18,0,33,0,0
126,31,51,0,0,57,0,0
126,32,61,0,0,56,0,0
126,33,60,0,0,45,0,0
126,34,78,0,0,40,0,0
126,35,82,0,0,5,0,0
126,36,89,0,0,0,0,0
126,37,24,0,0,0,0,0
126,49,0,0,0,8,0,0
126,50,0,11,0,95,10,8
126,51,0,0,0,33,0,0
126,52,8,9,0,64,0,0
126,53,62,0,0,23,0,0
126,54,51,0,0,109,0,0
126,55,31,0,0,3,0,0
126,56,38,0,0,0,0,0
126,57,0,3,0,31,0,0
126,58,0,0,0,5,0,0
126,59,0,0,0,8,0,0
126,60,0,0,0,12,0,0
126,61,3,0,3,5,0,0
126,62,0,4,0,9,0,0
126,63,0,4,0,8,0,0
126,64,0,3,0,7,0,0
126,65,0,0,0,3,0,0
126,66,0,0,0,5,0,0
126,67,0,0,0,7,0,0
126,68,0,3,0,4,0,0
126,69,0,0,3,0,0,0
126,86,0,3,0,5,0,0
126,87,0,0,0,3,0,0
126,90,0,0,0,6,0,0
126,124,0,0,0,3,0,0
127,1,0,0,0,21,0,0
127,5,60,0,0,18,0,0
127,6,0,8,0,17,0,0
127,7,19,10,0,112,11,0
127,8,0,0,0,157,0,0
127,9,7,10,0,26,0,0
127,10,0,7,0,61,8,6
127,11,24,8,0,66,0,0
127,12,83,0,0,0,0,0
127,13,0,7,0,77,6,9
127,14,11,10,0,74,0,0
127,15,0,12,0,30,0,26
127,16,0,6,0,93,0,15
127,17,0,0,0,62,10,0
127,18,109,0,0,3,0,0
127,19,96,0,0,0,0,0
127,20,159,0,0,0,0,0
127,21,45,0,0,8,0,6
127,22,44,15,0,82,10,0
127,23,0,9,0,93,36,8
127,24,0,12,0,205,28,18
127,26,0,0,0,22,0,0
127,29,0,0,0,10,0,0
127,30,11,0,0,57,25,30
127,31,69,0,0,63,0,0
127,32,34,3,0,111,12,0
127,33,106,8,0,65,0,0
127,34,98,12,0,32,0,0
127,35,73,0,0,55,11,31
127,36,65,0,0,65,0,0
127,37,40,0,0,0,0,0
127,38,0,0,0,0,3,0
127,47,0,0,0,5,3,0
127,48,0,7,0,19,3,0
127,49,0,3,3,32,3,0
127,50,6,5,0,13,5,0
127,51,16,0,0,0,0,0
127,52,40,0,0,17,0,0
127,53,55,7,0,29,0,0
127,54,64,0,11,44,0,0
127,55,0,0,0,9,0,0
127,56,48,0,0,0,0,0
127,57,0,0,0,34,0,0
127,58,0,0,0,7,0,0
127,59,0,3,0,6,0,0
127,60,0,0,0,8,0,0
127,61,0,0,0,8,0,0
127,62,0,3,0,8,0,0
127,63,0,0,0,3,0,0
127,64,0,3,0,3,0,0
127,65,0,0,0,6,0,0
127,66,0,3,0,7,3,0
127,67,0,3,0,12,0,0
127,68,0,3,0,8,3,0
127,69,0,0,0,6,0,0
127,85,0,0,0,3,0,0
127,86,0,0,0,16,0,0
127,87,0,4,0,0,0,0
127,89,0,0,0,4,0,0
127,90,0,0,0,6,3,0
127,91,0,0,0,12,0,0