x,y,0
0,195,3
0,238,18
1,32,3
3,194,5
4,7,5
4,8,11
4,9,3
4,27,3
4,30,8
4,31,6
4,197,7
5,6,14
5,7,17
5,8,11
5,9,20
5,10,28
5,11,17
5,12,14
5,13,4
5,14,3
5,30,3
5,169,5
5,194,12
5,195,3
5,196,22
6,3,3
6,4,15
6,5,21
6,6,19
6,7,30
6,8,19
6,9,11
6,10,35
6,11,20
6,12,26
6,13,8
6,14,3
6,120,3
6,221,8
7,3,21
7,4,24
7,5,28
7,6,22
7,7,15
7,8,9
7,9,19
7,10,26
7,11,25
7,12,4
7,13,5
7,14,4
7,15,4
7,16,4
8,3,14
8,4,22
8,5,31
8,6,35
8,7,5
8,8,13
8,9,5
8,10,5
8,11,15
8,12,9
8,13,8
8,14,19
8,15,25
8,61,9
8,172,5
9,0,4
9,1,8
9,2,25
9,3,35
9,4,48
9,5,33
9,6,23
9,7,10
9,10,4
9,171,10
9,172,4
9,255,9
10,5,13
10,6,16
10,7,20
10,8,5
10,9,20
10,173,4
10,253,3
10,254,18
10,255,12
11,5,5
11,6,5
11,173,4
11,252,16
11,253,5
11,254,7
14,14,4
15,16,3
15,77,4
16,17,5
16,180,3
16,182,4
17,30,3
17,31,12
17,32,3
17,182,4
18,30,11
18,31,21
18,32,195
18,33,39
18,34,36
18,35,5
19,30,20
19,31,28
19,32,45
19,33,51
19,34,44
19,35,40
19,36,6
19,73,5
19,85,12
20,30,15
20,31,44
20,32,32
20,33,40
20,34,42
20,35,43
20,36,39
20,80,3
21,30,36
21,31,50
21,32,45
21,33,110
21,34,101
21,35,63
21,36,29
21,37,8
21,38,30
21,39,38
21,84,3
21,185,5
22,30,6
22,31,55
22,32,106
22,33,159
22,34,32
22,35,42
22,36,61
22,37,62
22,38,66
22,116,3
22,184,13
22,185,8
23,31,6
23,34,54
23,35,53
23,36,37
23,37,73
23,38,32
23,116,3
23,184,51
23,185,15
23,186,17
23,187,36
23,188,13
24,33,32
24,34,22
24,35,37
24,36,45
24,37,40
24,38,11
24,183,5
24,184,21
24,185,42
24,186,28
24,187,26
24,188,11
25,0,23
25,1,9
25,28,24
25,29,44
25,30,58
25,31,3
25,32,53
25,33,57
25,34,42
25,35,32
25,36,24
25,37,6
25,122,8
25,123,5
25,183,7
25,184,10
25,185,16
25,186,24
25,187,27
25,188,21
26,0,31
26,1,19
26,2,10
26,28,23
26,29,46
26,30,30
26,31,24
26,32,41
26,33,37
26,34,31
26,35,41
26,36,57
26,37,7
26,122,19
26,123,32
26,124,42
26,125,12
26,181,6
26,182,11
26,183,8
26,184,36
26,185,31
26,186,30
26,187,10
27,0,31
27,1,22
27,2,8
27,28,16
27,29,45
27,30,33
27,31,25
27,32,38
27,33,26
27,34,31
27,35,39
27,36,42
27,48,12
27,49,36
27,50,15
27,122,39
27,123,42
27,124,28
27,125,31
27,126,29
27,127,24
27,128,5
27,181,15
27,182,11
27,183,7
27,184,32
27,185,18
27,186,16
27,187,3
28,0,39
28,1,13
28,28,16
28,29,53
28,30,12
28,31,3
28,32,54
28,33,43
28,34,16
28,35,21
28,36,24
28,37,6
28,47,29
28,48,40
28,49,26
28,50,35
28,56,3
28,90,4
28,91,26
28,92,24
28,93,36
28,94,25
28,95,4
28,122,33
28,123,30
28,124,44
28,125,35
28,126,39
28,127,53
28,128,19
28,181,24
28,182,30
28,183,9
28,184,26
28,185,24
28,186,18
28,187,5
29,0,17
29,28,20
29,29,19
29,32,10
29,33,33
29,34,49
29,35,29
29,36,47
29,45,5
29,46,9
29,47,68
29,48,187
29,49,49
29,50,32
29,51,6
29,89,11
29,90,33
29,91,28
29,92,54
29,93,28
29,94,22
29,95,6
29,122,19
29,123,23
29,124,49
29,125,48
29,126,16
29,127,39
29,128,4
29,181,18
29,182,36
29,183,25
29,184,29
29,185,30
29,186,12
30,28,6
30,29,25
30,30,8
30,31,32
30,32,51
30,33,47
30,34,53
30,35,37
30,36,14
30,45,26
30,46,49
30,47,127
30,48,93
30,49,63
30,50,19
30,51,3
30,58,3
30,61,5
30,89,26
30,90,45
30,91,28
30,92,32
30,94,33
30,95,26
30,121,6
30,122,42
30,123,73
30,124,37
30,125,95
30,126,59
30,130,5
30,182,25
30,183,30
30,184,28
30,185,25
30,186,15
31,29,40
31,30,34
31,31,57
31,32,61
31,33,48
31,34,60
31,35,36
31,36,53
31,44,11
31,45,38
31,46,72
31,47,68
31,48,45
31,49,4
31,50,16
31,51,14
31,60,4
31,89,4
31,90,16
31,91,33
31,93,11
31,94,26
31,95,6
31,121,14
31,122,36
31,123,61
31,124,83
31,125,84
31,126,74
31,127,15
31,130,8
31,131,15
31,182,4
31,183,29
31,184,26
31,185,18
31,186,4
32,29,14
32,30,46
32,31,36
32,32,52
32,33,45
32,34,51
32,35,46
32,36,45
32,37,3
32,38,3
32,39,10
32,40,18
32,41,6
32,42,53
32,43,38
32,44,39
32,45,63
32,47,5
32,48,36
32,49,40
32,50,15
32,51,16
32,58,8
32,61,4
32,90,13
32,91,30
32,92,9
32,93,20
32,94,35
32,95,5
32,96,7
32,121,27
32,122,24
32,123,63
32,124,13
32,126,45
32,127,40
32,128,8
32,129,21
32,182,28
32,183,25
33,26,3
33,29,19
33,30,53
33,31,80
33,32,27
33,33,57
33,34,50
33,35,43
33,36,15
33,37,3
33,40,62
33,41,100
33,42,124
33,43,74
33,44,88
33,45,58
33,46,16
33,47,66
33,48,25
33,49,28
33,50,40
33,51,20
33,61,5
33,91,5
33,92,5
33,93,13
33,94,34
33,95,13
33,96,6
33,120,4
33,121,6
33,122,6
33,123,46
33,125,4
33,126,27
33,127,25
33,130,21
33,131,4
33,132,5
33,134,4
33,135,3
34,29,14
34,30,29
34,31,17
34,32,6
34,33,19
34,34,25
34,35,44
34,36,35
34,39,46
34,40,26
34,43,20
34,44,59
34,45,80
34,46,10
34,47,21
34,48,23
34,49,37
34,50,41
34,51,29
34,52,8
34,93,22
34,94,25
34,95,40
34,96,4
34,97,7
34,120,11
34,121,26
34,122,38
34,123,45
34,124,15
34,125,6
34,126,51
34,127,21
34,131,6
34,132,8
34,165,4
34,167,8
35,0,3
35,27,3
35,35,6
35,36,81
35,37,6
35,39,23
35,40,28
35,41,49
35,42,57
35,43,19
35,44,42
35,45,77
35,46,5
35,47,27
35,48,112
35,49,47
35,50,52
35,51,27
35,91,25
35,92,25
35,93,22
35,94,33
35,95,18
35,96,22
35,97,10
35,114,3
35,120,10
35,121,16
35,122,16
35,123,10
35,124,27
35,125,13
35,126,60
35,127,19
35,132,11
35,164,6
35,165,14
35,166,16
35,167,13
36,1,3
36,26,4
36,36,33
36,37,49
36,38,31
36,39,8
36,40,31
36,41,22
36,43,24
36,44,54
36,45,54
36,46,65
36,47,25
36,48,12
36,49,47
36,50,43
36,51,21
36,91,3
36,92,29
36,93,28
36,94,24
36,95,6
36,96,6
36,120,6
36,121,20
36,122,19
36,123,19
36,124,32
36,125,69
36,126,58
36,127,39
36,128,5
36,129,5
36,164,25
36,165,10
36,166,13
37,35,40
37,36,70
37,37,89
37,38,53
37,39,70
37,40,21
37,41,17
37,42,16
37,43,28
37,44,38
37,45,69
37,46,81
37,47,55
37,48,43
37,49,76
37,50,88
37,51,51
37,91,3
37,92,9
37,93,19
37,94,39
37,95,22
37,96,13
37,123,5
37,124,25
37,125,28
37,126,21
37,127,20
37,128,10
37,129,18
37,163,3
37,164,19
37,165,9
37,166,8
38,34,4
38,35,12
38,36,83
38,37,50
38,38,49
38,39,4
38,40,7
38,42,3
38,43,8
38,44,21
38,45,20
38,46,38
38,47,98
38,48,88
38,49,68
38,50,13
38,51,4
38,92,5
38,93,6
38,94,36
38,95,28
38,123,12
38,124,33
38,125,3
38,126,10
38,128,5
38,131,9
38,163,5
38,164,9
38,165,11
38,166,7
39,34,10
39,35,3
39,36,17
39,37,148
39,38,136
39,39,63
39,40,6
39,41,3
39,93,15
39,94,15
39,95,17
39,110,3
39,123,17
39,124,26
39,125,25
39,126,53
39,164,9
39,165,14
39,166,10
40,28,3
40,29,7
40,31,16
40,32,3
40,33,6
40,34,17
40,35,61
40,36,29
40,37,60
40,38,83
40,39,67
40,40,32
40,41,24
40,122,6
40,123,20
40,124,57
40,125,60
40,126,40
40,127,3
40,165,6
41,8,12
41,10,16
41,11,10
41,28,3
41,29,3
41,34,84
41,35,91
41,36,104
41,37,62
41,38,66
41,39,66
41,40,40
41,41,14
41,121,29
41,122,12
41,123,14
41,124,26
41,125,39
41,126,17
41,127,14
41,235,4
42,7,23
42,8,28
42,9,48
42,10,35
42,11,24
42,29,3
42,32,14
42,33,43
42,34,25
42,35,47
42,36,142
42,37,19
42,38,15
42,39,64
42,40,33
42,41,9
42,120,11
42,121,40
42,122,14
42,123,33
42,124,46
42,125,36
42,126,31
42,127,34
42,128,18
42,235,5
42,236,6
43,6,12
43,7,48
43,8,37
43,9,41
43,10,37
43,11,3
43,15,6
43,16,4
43,31,11
43,37,8
43,38,14
43,39,24
43,40,30
43,41,26
43,42,19
43,43,3
43,123,33
43,124,39
43,125,66
43,126,28
43,127,49
43,128,11
43,235,6
44,5,3
44,6,13
44,7,32
44,8,16
44,9,34
44,10,23
44,13,3
44,14,28
44,35,6
44,36,5
44,37,4
44,39,5
44,40,8
44,41,52
44,42,51
44,43,15
44,44,34
44,45,37
44,123,25
44,124,50
44,125,79
44,126,72
44,127,64
44,128,27
45,4,3
45,5,33
45,6,25
45,7,19
45,8,42
45,9,11
45,10,11
45,12,5
45,13,37
45,14,22
45,37,4
45,41,20
45,42,3
45,43,19
45,44,23
45,45,16
45,123,25
45,124,41
45,125,38
45,126,74
45,127,75
45,128,43
45,228,5
45,229,15
46,4,19
46,5,31
46,6,13
46,7,9
46,8,48
46,9,13
46,12,24
46,13,35
46,14,12
46,15,20
46,35,3
46,37,3
46,44,62
46,45,70
46,123,25
46,124,24
46,125,40
46,126,66
46,127,59
46,128,59
46,129,14
46,228,6
46,229,25
46,230,4
47,3,13
47,4,42
47,5,28
47,6,45
47,7,37
47,8,12
47,9,21
47,11,11
47,12,14
47,13,41
47,14,9
47,35,3
47,44,56
47,45,55
47,125,9
47,126,34
47,127,49
47,128,51
47,129,5
47,226,4
47,228,6
47,229,15
47,230,30
47,231,6
48,3,17
48,4,43
48,5,34
48,6,51
48,7,34
48,8,10
48,9,3
48,10,27
48,11,18
48,12,38
48,13,9
48,18,5
48,43,3
48,44,68
48,45,103
48,46,10
48,224,4
48,225,25
48,226,8
48,228,5
48,229,15
48,230,18
48,231,58
48,232,8
48,233,3
48,235,5
49,3,5
49,4,29
49,5,49
49,6,33
49,7,6
49,8,3
49,9,35
49,10,10
49,11,18
49,12,21
49,13,14
49,44,80
49,45,123
49,46,37
49,224,31
49,225,44
49,226,44
49,227,13
49,228,17
49,229,16
49,230,24
49,231,21
49,232,21
50,3,4
50,4,25
50,5,25
50,6,7
50,7,9
50,8,3
50,9,7
50,10,38
50,11,20
50,12,36
50,13,22
50,38,7
50,43,82
50,44,181
50,45,81
50,46,4
50,162,3
50,223,8
50,224,38
50,225,50
50,226,23
50,227,17
50,228,32
50,229,21
50,230,15
51,3,13
51,4,32
51,6,17
51,7,31
51,8,6
51,9,18
51,10,23
51,11,17
51,43,90
51,44,133
51,45,190
51,46,78
51,47,19
51,158,4
51,163,17
51,222,11
51,223,29
51,224,28
51,225,31
51,226,20
51,227,29
51,228,12
51,229,17
51,230,21
51,231,13
51,232,9
52,7,9
52,9,29
52,10,21
52,11,9
52,43,38
52,44,53
52,45,13
52,46,66
52,47,59
52,160,3
52,161,25
52,162,21
52,164,9
52,165,18
52,166,12
52,167,5
52,168,3
52,222,3
52,223,38
52,224,34
52,225,24
52,226,25
52,227,17
52,228,23
52,229,36
52,230,6
53,9,13
53,45,13
53,46,54
53,47,7
53,160,4
53,161,24
53,162,26
53,163,21
53,164,11
53,167,10
53,223,25
53,224,26
53,225,14
53,226,22
53,227,22
53,228,3
53,229,8
53,230,4
53,231,17
53,234,5
54,22,3
54,161,10
54,162,14
54,163,8
54,164,45
54,223,13
54,224,11
54,225,37
54,226,22
54,227,25
54,228,3
54,231,4
54,235,5
55,23,10
55,24,5
55,25,10
55,111,13
55,163,12
55,164,27
55,222,3
55,223,5
55,225,19
55,226,17
55,227,23
56,11,3
56,13,5
56,15,4
56,111,4
56,112,3
56,221,6
57,43,4
57,44,6
57,49,7
57,50,13
57,51,4
57,214,3
57,223,3
58,40,12
58,41,18
58,42,10
58,43,25
58,44,35
58,47,16
58,48,44
58,49,16
58,50,3
58,214,3
59,40,31
59,41,64
59,42,39
59,43,42
59,44,33
59,45,30
59,46,50
59,47,18
59,48,12
59,49,48
59,50,3
59,82,4
59,156,3
59,219,3
60,40,6
60,41,25
60,42,40
60,43,28
60,44,21
60,45,21
60,46,31
60,47,44
60,48,18
60,49,23
60,77,7
60,81,3
60,82,5
60,83,6
60,162,7
61,41,28
61,42,48
61,43,51
61,44,24
61,45,8
61,46,26
61,47,5
61,48,12
61,49,4
61,78,3
61,80,3
61,82,23
61,83,25
62,41,9
62,42,33
62,43,10
62,44,26
62,45,16
62,46,9
62,47,23
62,48,9
62,49,29
62,80,7
62,81,13
62,82,18
62,83,23
63,41,4
63,42,23
63,43,17
63,44,3
63,45,6
63,46,21
63,77,5
63,78,16
63,79,6
63,80,5
63,81,18
63,82,9
63,83,22
63,84,7
63,205,10
64,40,4
64,45,4
64,46,5
64,77,9
64,78,11
64,79,17
64,80,27
64,81,18
64,82,10
64,83,25
64,84,19
64,85,3
64,205,34
64,206,4
65,78,9
65,79,23
65,80,16
65,81,18
65,82,18
65,83,30
65,84,27
65,85,9
65,205,27
66,79,3
66,80,24
66,81,15
66,82,18
66,83,7
66,84,5
66,204,6
66,205,26
67,41,5
67,65,6
67,78,3
67,80,12
67,81,10
67,82,14
67,83,13
67,202,3
67,204,7
67,205,3
68,79,3
68,80,11
68,81,25
68,82,6
68,203,14
68,204,32
68,205,19
69,79,3
69,80,34
69,81,31
69,203,3
69,204,22
69,255,4
70,80,4
70,81,9
71,160,5
72,159,17
72,160,9
72,161,4
73,131,11
73,132,4
73,156,6
73,157,6
73,158,12
73,159,15
73,160,14
73,161,6
74,132,23
74,156,5
74,157,33
74,158,20
74,159,25
74,160,10
75,72,3
75,132,14
75,133,6
75,156,5
75,157,14
75,158,26
75,159,17
75,160,29
75,161,27
75,162,7
76,56,3
76,57,7
76,58,4
76,71,12
76,72,8
76,78,3
76,131,3
76,132,22
76,133,24
76,134,11
76,135,10
76,136,24
76,137,9
76,156,7
76,157,11
76,158,24
76,159,4
76,160,16
76,161,22
76,162,28
76,163,6
77,57,3
77,69,6
77,70,27
77,71,34
77,72,14
77,131,5
77,132,13
77,133,22
77,134,16
77,135,18
77,136,41
77,137,19
77,156,4
77,157,7
77,158,4
77,161,30
77,162,24
77,163,12
78,58,4
78,70,15
78,71,18
78,72,3
78,73,10
78,77,8
78,78,5
78,79,14
78,80,3
78,81,12
78,82,23
78,84,3
78,132,25
78,133,11
78,134,4
78,135,25
78,136,23
78,156,3
78,157,11
78,158,3
78,161,4
78,162,20
78,163,4
79,29,6
79,58,3
79,59,8
79,67,20
79,68,27
79,69,3
79,71,20
79,72,25
79,73,9
79,76,5
79,77,16
79,78,26
79,79,5
79,80,14
79,81,21
79,82,9
79,132,3
79,133,3
79,135,22
79,136,19
79,137,3
79,158,4
79,192,3
80,29,13
80,30,22
80,31,7
80,58,3
80,59,34
80,68,9
80,69,22
80,70,18
80,71,9
80,72,10
80,76,21
80,77,43
80,78,42
80,79,17
80,80,19
80,81,29
80,82,12
80,83,3
80,131,11
80,132,18
80,135,6
80,136,7
80,137,3
80,192,3
80,232,16
80,233,13
80,234,8
81,28,6
81,29,23
81,58,10
81,59,23
81,60,3
81,68,19
81,69,14
81,70,22
81,71,18
81,76,28
81,77,27
81,78,24
81,79,6
81,80,20
81,81,15
81,82,19
81,83,11
81,85,6
81,131,5
81,136,5
81,137,5
81,232,27
81,233,23
81,234,37
82,29,16
82,30,4
82,58,7
82,59,12
82,61,7
82,62,10
82,63,16
82,69,5
82,70,23
82,71,3
82,76,18
82,77,25
82,78,21
82,79,12
82,80,27
82,81,21
82,82,6
82,83,6
82,192,20
82,230,10
82,231,14
82,232,11
82,233,14
82,234,5
83,28,3
83,29,6
83,30,7
83,58,19
83,59,4
83,60,4
83,61,16
83,62,30
83,63,8
83,64,11
83,65,5
83,76,14
83,77,20
83,78,27
83,79,29
83,80,17
83,81,10
83,82,8
83,83,21
83,178,3
83,180,3
83,231,14
83,232,23
83,233,6
83,234,37
83,235,27
84,29,8
84,30,3
84,57,12
84,58,45
84,59,3
84,61,13
84,62,4
84,63,4
84,64,15
84,65,6
84,76,9
84,77,10
84,78,15
84,79,26
84,80,20
84,81,29
84,82,37
84,83,27
84,189,9
84,231,33
84,232,17
84,234,46
84,235,20
84,236,8
85,28,6
85,29,18
85,57,5
85,59,3
85,60,19
85,61,15
85,62,37
85,63,18
85,64,29
85,65,14
85,66,33
85,67,15
85,78,39
85,79,16
85,80,6
85,81,17
85,82,20
85,83,25
85,84,3
85,177,4
85,211,3
85,212,8
85,230,13
85,231,11
85,232,29
85,234,11
86,28,22
86,29,21
86,55,9
86,56,4
86,58,4
86,59,15
86,60,16
86,61,18
86,62,18
86,63,29
86,64,17
86,65,7
86,78,35
86,79,12
86,80,10
86,81,17
86,82,21
86,83,22
86,177,7
86,193,4
86,209,16
86,210,3
86,230,6
86,231,31
86,232,40
86,233,12
86,234,27
86,235,8
87,17,3
87,28,12
87,29,14
87,55,7
87,56,7
87,57,3
87,58,15
87,59,17
87,60,14
87,61,14
87,62,29
87,63,33
87,64,20
87,65,11
87,77,29
87,78,20
87,79,40
87,80,19
87,81,10
87,82,21
87,191,5
87,192,5
87,194,4
87,208,3
87,209,12
87,210,10
87,211,3
87,228,3
87,229,14
87,230,9
87,231,12
87,232,28
87,233,30
87,234,30
87,235,20
88,61,9
88,62,15
88,63,9
88,64,7
88,65,21
88,77,17
88,78,16
88,79,20
88,80,14
88,81,12
88,82,21
88,83,6
88,210,4
88,229,8
88,230,28
88,231,3
88,232,18
88,233,7
89,51,3
89,77,5
89,78,12
89,209,3
89,229,8
89,230,12
89,231,12
89,232,3
89,233,14
90,49,6
90,51,5
90,55,9
90,56,10
90,57,9
90,230,6
90,231,3
91,51,5
91,55,27
91,56,5
91,102,4
91,104,8
91,184,3
91,190,3
92,49,15
92,50,16
92,51,19
92,52,9
92,54,8
92,55,26
92,56,32
92,57,36
92,58,13
92,78,3
92,100,3
92,102,23
92,103,7
92,189,8
92,190,18
92,191,13
93,49,21
93,50,17
93,51,12
93,52,9
93,54,19
93,55,21
93,56,40
93,57,44
93,58,29
93,100,11
93,101,14
93,102,3
93,188,19
93,189,51
93,190,56
93,191,48
93,192,8
93,193,27
93,194,22
94,48,4
94,49,21
94,50,16
94,51,16
94,52,10
94,54,19
94,55,17
94,56,35
94,57,70
94,58,25
94,59,27
94,98,3
94,99,5
94,100,6
94,177,5
94,189,55
94,190,28
94,191,28
94,192,31
94,193,33
94,194,37
95,48,10
95,49,22
95,50,13
95,51,26
95,52,5
95,53,9
95,56,30
95,57,29
95,58,33
95,59,16
95,75,3
95,93,6
95,94,9
95,95,10
95,96,3
95,97,19
95,98,18
95,99,3
95,186,4
95,189,48
95,190,37
95,191,36
95,192,33
95,193,78
95,194,58
96,49,4
96,50,20
96,51,11
96,53,8
96,54,8
96,55,11
96,56,32
96,57,45
96,58,31
96,59,8
96,75,5
96,93,7
96,94,19
96,95,22
96,96,18
96,97,7
96,98,7
96,187,3
96,188,14
96,189,47
96,190,8
96,191,3
96,192,26
96,193,28
96,194,36
96,195,9
97,48,13
97,49,24
97,50,18
97,53,7
97,55,30
97,56,42
97,57,23
97,58,31
97,62,3
97,93,12
97,94,9
97,95,18
97,96,24
97,97,12
97,98,18
97,99,6
97,187,3
97,188,48
97,189,21
97,192,27
97,193,40
97,194,44
97,195,3
98,49,4
98,50,3
98,54,5
98,55,34
98,56,28
98,57,29
98,58,9
98,75,7
98,93,8
98,94,3
98,95,18
98,97,6
98,98,33
98,99,30
98,100,6
98,187,17
98,188,44
98,189,4
98,191,16
98,192,47
98,193,24
98,194,44
98,195,10
99,27,3
99,49,3
99,62,5
99,63,3
99,91,3
99,92,10
99,95,14
99,96,6
99,97,17
99,98,7
99,99,11
99,187,8
99,188,25
99,189,19
99,191,10
99,192,20
99,193,3
99,194,3
100,45,5
100,46,7
100,58,10
100,59,6
100,60,7
100,61,10
100,62,22
100,63,14
100,64,18
100,65,3
100,71,4
100,94,20
100,95,18
100,96,7
100,97,21
100,98,18
100,186,12
100,187,20
100,188,71
100,189,124
101,58,19
101,59,28
101,60,4
101,61,22
101,62,20
101,63,11
101,64,16
101,65,6
101,93,12
101,94,29
101,95,26
101,96,10
101,97,15
101,98,4
101,183,6
101,186,8
101,187,4
101,188,47
101,189,6
101,233,6
101,234,3
102,58,16
102,59,13
102,60,4
102,61,12
102,62,17
102,63,7
102,64,12
102,94,9
102,95,19
102,182,4
102,185,7
102,186,49
102,187,7
102,188,24
102,189,15
102,233,11
103,58,7
103,59,10
103,60,3
103,61,13
103,62,16
103,63,11
103,64,3
103,94,18
103,95,27
103,185,54
103,186,73
103,187,22
103,188,23
103,189,33
103,190,48
103,191,25
103,233,3
103,234,3
103,235,8
104,58,3
104,59,16
104,184,14
104,185,85
104,186,58
104,187,13
104,188,19
104,189,23
104,190,19
104,191,11
104,192,17
104,193,38
104,194,24
104,233,12
104,234,3
104,235,5
105,183,3
105,184,28
105,185,44
105,186,35
105,187,7
105,188,26
105,189,19
105,190,5
105,191,12
105,192,38
105,193,51
105,194,29
105,233,6
105,234,14
106,179,3
106,183,11
106,184,4
106,185,9
106,186,3
106,191,11
106,192,28
106,193,35
106,194,18
106,233,8
106,234,12
106,235,3
107,181,7
107,182,7
107,184,10
107,192,27
107,193,29
107,194,14
108,180,10
108,181,10
108,192,23
108,193,50
108,194,5
109,192,7
109,193,3
110,49,12
110,50,5
110,185,13
110,187,9
111,48,3
111,49,17
111,50,15
111,51,8
111,52,3
111,53,9
111,54,13
111,186,3
112,49,19
112,50,28
112,51,15
112,52,6
112,53,3
112,54,13
112,188,3
112,204,4
112,205,4
112,206,7
112,208,3
112,209,7
113,49,16
113,50,27
113,51,18
113,52,27
113,53,14
113,54,3
113,55,6
113,188,5
113,203,6
113,204,31
113,205,42
113,206,32
113,207,38
113,208,28
113,209,3
114,51,3
114,52,16
114,53,18
114,54,17
114,55,5
114,169,5
114,204,32
114,205,22
114,206,21
114,207,27
114,208,43
114,209,32
114,210,9
114,211,20
115,52,11
115,53,13
115,54,17
115,121,10
115,122,6
115,169,3
115,191,5
115,204,16
115,205,26
115,206,40
115,207,35
115,208,12
115,209,8
115,210,14
115,211,21
115,212,16
115,216,6
116,52,11
116,53,5
116,121,39
116,122,32
116,123,12
116,128,3
116,129,10
116,205,43
116,206,34
116,207,23
116,208,11
116,209,16
116,210,18
116,211,23
116,212,18
116,213,3
116,214,4
116,216,8
116,245,3
116,246,6
117,121,25
117,122,32
117,124,10
117,125,3
117,128,15
117,129,36
117,166,3
117,207,6
117,208,3
117,209,9
117,210,18
117,211,37
117,212,29
117,213,18
117,243,25
117,244,18
117,245,12
117,246,14
118,121,20
118,122,37
118,123,39
118,124,17
118,127,29
118,128,35
118,129,15
118,207,4
118,210,14
118,211,10
118,212,3
118,213,6
118,243,6
118,244,22
118,245,12
118,249,6
119,121,7
119,122,40
119,123,23
119,124,6
119,126,13
119,127,30
119,128,19
119,129,9
119,210,10
119,245,9
119,249,6
120,34,5
120,35,4
120,36,4
120,121,4
120,122,27
120,123,31
120,124,27
120,125,22
120,126,21
120,127,18
120,128,30
121,6,3
121,33,18
121,34,4
121,35,10
121,36,7
121,37,6
121,38,3
121,121,11
121,122,20
121,123,35
121,124,41
121,125,28
121,126,13
121,127,24
121,128,10
121,210,3
122,32,4
122,33,9
122,34,15
122,35,11
122,36,9
122,37,8
122,121,11
122,122,36
122,123,22
122,124,32
122,125,12
122,126,17
122,127,60
122,128,24
122,129,3
122,160,8
122,210,3
123,32,4
123,33,10
123,34,23
123,35,21
123,36,22
123,37,3
123,121,3
123,122,21
123,123,43
123,124,16
123,125,10
123,126,3
123,127,3
124,31,7
124,32,15
124,33,33
124,34,15
124,35,4
124,36,3
124,120,4
124,121,4
124,122,34
124,123,7
124,124,12
124,125,3
124,158,3
125,29,12
125,30,3
125,31,10
125,32,27
125,33,10
125,34,11
125,111,3
125,116,9
125,117,4
125,120,15
125,121,4
125,122,12
125,123,12
125,124,9
126,16,4
126,17,6
126,29,17
126,30,12
126,31,23
126,32,21
126,33,5
126,34,4
126,115,11
126,116,4
126,117,21
126,118,13
126,119,5
126,120,22
126,121,15
126,122,27
126,123,16
126,124,32
126,125,9
126,126,3
127,16,13
127,17,7
127,30,6
127,31,25
127,32,30
127,96,3
127,97,5
127,109,9
127,110,11
127,117,3
127,118,15
127,119,11
127,120,20
127,121,19
127,122,23
127,123,8
127,124,17
127,125,15
127,126,3
128,15,11
128,16,7
128,18,6
128,19,3
128,30,5
128,31,9
128,93,8
128,95,8
128,96,6
128,97,16
128,109,4
128,112,3
129,12,6
129,15,21
129,17,3
129,19,10
129,20,3
129,92,4
129,95,13
129,96,16
129,99,3
130,12,14
130,13,5
130,14,12
130,15,3
130,93,13
130,95,42
130,155,3
131,11,3
131,12,8
131,13,8
131,14,24
131,15,8
131,92,3
131,93,11
131,94,7
131,95,18
131,115,3
131,116,12
131,154,36
131,155,7
132,10,16
132,11,18
132,12,19
132,13,17
132,14,19
132,15,11
132,16,3
132,92,5
132,93,10
132,94,14
132,95,8
132,155,11
132,156,3
133,10,21
133,11,26
133,12,30
133,13,4
133,14,17
133,15,3
133,16,11
133,93,17
133,94,3
133,95,3
133,96,7
133,98,5
133,155,5
134,10,3
134,11,6
134,12,20
134,13,20
134,14,20
134,15,13
134,16,18
134,94,4
134,97,5
134,98,8
134,99,25
134,100,23
135,12,24
135,13,26
135,14,18
135,16,15
135,17,7
135,98,22
135,99,16
135,100,6
136,11,12
136,12,12
136,14,7
136,15,24
136,16,17
136,17,15
136,97,3
136,98,17
136,99,13
137,11,3
137,12,13
137,13,8
137,14,28
137,15,18
137,16,21
137,17,6
137,97,13
137,98,30
137,99,8
137,119,4
137,196,6
138,10,4
138,11,25
138,12,9
138,13,24
138,15,19
138,16,17
138,17,22
138,18,4
138,195,15
138,196,8
139,10,8
139,11,10
139,12,24
139,13,22
139,14,12
139,15,9
139,16,9
139,17,10
139,18,19
139,116,7
139,117,13
139,195,6
139,196,13
139,197,3
140,11,3
140,12,25
140,13,19
140,80,3
140,81,3
140,82,4
140,116,9
140,117,3
141,80,24
141,81,18
141,82,4
141,113,3
141,114,3
141,115,11
141,116,15
141,186,5
142,80,21
142,81,30
142,82,14
142,115,8
142,116,16
142,153,14
142,187,5
143,80,5
143,81,16
143,82,14
143,83,3
143,115,18
143,116,8
143,152,4
143,153,12
143,154,9
144,80,13
144,81,11
144,82,14
144,83,4
144,115,6
144,116,3
144,153,4
144,154,10
145,75,14
145,76,8
145,77,13
145,78,4
145,79,13
145,80,14
145,82,9
145,152,3
145,153,10
146,75,3
146,77,3
146,131,4
146,132,5
146,133,19
146,152,3
146,153,5
146,154,9
146,158,28
146,159,26
146,160,6
146,161,3
147,133,5
147,151,4
147,158,20
147,159,38
147,160,3
147,161,25
147,162,3
147,192,3
147,225,9
148,27,6
148,74,4
148,79,5
148,150,6
148,151,9
148,158,17
148,159,6
148,160,20
148,161,35
148,190,3
148,191,10
148,192,15
148,225,6
149,72,9
149,73,25
149,74,16
149,76,17
149,77,28
149,78,14
149,79,24
149,80,13
149,151,10
149,159,14
149,160,15
149,161,19
149,164,4
149,191,12
149,192,3
150,71,8
150,72,22
150,73,21
150,74,14
150,75,13
150,76,3
150,77,19
150,78,9
150,79,14
150,159,3
150,161,4
151,71,16
151,72,31
151,74,4
151,77,15
151,78,9
151,150,4
152,69,18
152,70,20
152,71,21
152,72,10
152,73,8
152,74,17
152,75,4
153,12,12
153,13,6
153,69,21
153,70,26
153,71,13
153,75,5
154,11,15
154,12,6
154,13,3
154,40,6
154,69,5
154,70,3
155,10,8
155,11,11
155,12,16
156,11,5
156,12,13
156,13,8
156,185,4
156,186,17
157,12,15
157,13,7
157,185,27
157,186,21
157,187,9
157,189,11
157,190,3
157,191,20
157,192,5
158,11,3
158,12,10
158,13,3
158,36,29
158,37,14
158,38,3
158,101,6
158,144,10
158,145,6
158,184,6
158,185,19
158,186,24
158,187,14
158,188,18
158,189,10
158,190,19
158,191,16
158,192,5
159,5,3
159,33,7
159,34,6
159,36,26
159,37,22
159,38,5
159,39,4
159,98,8
159,99,9
159,100,7
159,101,6
159,144,33
159,145,23
159,148,14
159,149,3
159,185,11
159,186,19
159,187,6
159,188,19
159,189,35
159,190,12
159,191,7
159,217,3
160,33,17
160,34,4
160,35,19
160,36,16
160,37,21
160,38,22
160,39,12
160,40,7
160,97,3
160,98,7
160,99,20
160,100,18
160,101,6
160,102,4
160,144,5
160,145,11
160,146,9
160,147,33
160,148,21
160,149,16
160,184,3
160,185,9
160,186,3
160,188,3
160,189,12
160,191,11
160,192,7
160,218,10
160,219,18
160,220,10
160,221,17
160,222,5
161,32,9
161,33,13
161,34,8
161,35,9
161,36,10
161,37,15
161,38,8
161,39,6
161,97,5
161,99,8
161,100,7
161,101,24
161,102,6
161,143,4
161,144,12
161,145,21
161,146,13
161,147,12
161,148,26
161,149,17
161,189,5
161,190,7
161,191,3
161,192,15
161,217,3
161,218,3
161,219,7
161,220,16
161,221,8
161,222,3
162,31,10
162,32,20
162,33,21
162,34,14
162,35,16
162,36,25
162,37,17
162,38,17
162,39,4
162,100,4
162,101,3
162,102,12
162,103,3
162,106,4
162,144,15
162,145,12
162,146,15
162,147,17
162,148,9
162,149,10
162,215,6
162,216,20
162,217,23
162,218,8
162,219,27
162,220,12
162,221,13
162,222,8
162,223,4
163,30,3
163,31,19
163,32,10
163,33,13
163,34,22
163,35,34
163,36,3
163,37,18
163,38,33
163,39,32
163,40,5
163,101,11
163,102,12
163,103,5
163,143,3
163,144,11
163,145,10
163,146,8
163,147,14
163,215,7
163,216,11
163,219,11
163,220,5
164,30,6
164,31,3
164,32,6
164,33,24
164,34,17
164,35,11
164,36,23
164,37,17
164,38,12
164,39,7
164,40,15
164,41,11
164,146,4
164,147,3
164,219,3
165,30,16
165,31,19
165,32,10
165,33,18
165,34,25
165,35,18
165,36,27
165,37,10
165,40,23
165,146,3
165,147,3
166,30,12
166,31,15
166,32,7
166,33,17
166,34,3
166,35,28
166,36,17
166,37,8
166,38,15
166,39,11
166,40,23
166,137,7
167,27,5
167,30,15
167,31,16
167,34,5
167,35,13
167,36,20
167,37,8
167,38,18
167,39,16
167,40,6
168,35,35
168,36,3
168,37,17
168,38,17
168,39,13
168,40,11
168,41,4
169,8,4
169,34,14
169,35,13
169,37,15
169,38,22
169,39,31
169,40,40
169,41,25
169,164,4
170,3,3
170,4,4
170,5,3
170,6,3
170,33,3
170,34,16
170,35,3
170,36,10
170,37,35
170,38,27
170,39,29
170,40,16
170,41,13
170,164,8
171,0,4
171,1,16
171,2,4
171,3,8
171,5,3
171,32,11
171,33,5
171,34,10
171,35,8
171,36,27
171,37,47
171,38,3
171,39,3
171,40,8
171,163,11
172,0,12
172,1,51
172,2,12
172,32,20
172,33,16
172,34,14
172,36,13
172,163,21
173,0,42
173,1,57
173,2,12
173,33,19
173,36,7
173,37,3
173,59,5
173,60,8
173,61,10
173,64,4
173,163,12
174,0,70
174,1,112
174,2,14
174,33,4
174,59,5
174,60,31
174,61,39
174,62,10
174,63,21
174,64,7
174,65,12
175,0,9
175,1,16
175,2,5
175,59,4
175,60,20
175,62,20
175,63,10
175,64,17
175,65,8
176,60,6
176,61,30
176,62,13
176,63,17
176,64,19
176,65,13
176,145,14
176,146,14
176,147,3
177,50,5
177,60,4
177,61,18
177,62,15
177,63,4
177,64,13
177,65,14
177,97,7
177,100,17
177,101,3
177,129,3
177,144,14
177,145,15
177,146,22
177,147,5
178,31,5
178,51,5
178,52,4
178,61,4
178,62,27
178,63,23
178,65,27
178,66,9
178,98,16
178,99,3
178,100,14
178,101,4
178,130,3
178,143,5
178,144,25
179,32,4
179,51,39
179,52,3
179,61,5
179,62,18
179,66,12
179,97,9
179,98,17
179,99,16
179,100,15
179,101,14
179,102,4
179,142,7
179,143,7
179,144,20
179,145,5
180,32,3
180,33,3
180,98,5
180,99,27
180,100,26
180,102,17
180,103,19
180,141,5
180,143,19
180,144,45
180,145,3
181,99,4
181,100,15
181,102,5
181,103,18
181,139,6
181,140,6
181,141,14
181,142,6
181,143,39
181,144,28
181,145,14
182,30,3
182,98,13
182,99,20
182,100,10
182,103,10
182,139,7
182,140,10
182,141,27
182,142,15
182,143,19
182,144,66
182,145,12
182,146,5
183,29,15
183,30,6
183,98,7
183,99,23
183,100,11
183,102,7
183,103,7
183,104,3
183,139,6
183,140,32
183,141,5
183,145,9
184,28,15
184,29,31
184,30,24
184,98,12
184,104,11
184,105,13
184,139,7
184,140,9
184,144,3
185,27,6
185,28,5
185,29,25
185,30,11
185,103,3
185,104,5
185,192,4
186,26,4
186,27,30
186,28,18
186,29,12
186,189,6
186,190,6
186,191,4
186,192,19
187,26,13
187,27,21
187,28,17
187,29,3
187,188,6
187,189,16
187,190,11
187,191,16
187,192,17
188,188,4
188,189,20
188,190,5
188,191,15
188,192,11
188,193,7
188,194,5
189,14,3
189,188,6
189,189,16
189,190,17
189,191,7
189,192,20
189,193,26
189,194,9
189,247,3
190,77,7
190,139,3
190,140,6
190,143,4
190,189,6
190,190,11
190,191,18
190,192,6
190,194,8
190,247,4
191,21,4
191,139,10
191,140,6
191,141,6
191,142,8
191,190,3
191,191,4
192,20,10
192,21,4
192,53,14
192,54,8
192,140,7
192,141,5
192,142,7
193,19,3
193,20,25
193,21,11
193,53,24
193,54,25
193,55,11
193,56,3
193,153,3
193,246,7
194,19,3
194,20,24
194,21,9
194,23,3
194,53,8
194,54,22
194,55,10
194,56,7
194,246,9
194,247,15
195,19,6
195,20,10
195,21,18
195,22,13
195,52,6
195,53,18
195,54,18
195,55,28
195,56,11
195,247,14
195,248,5
195,249,10
196,21,3
196,22,7
196,51,3
196,52,26
196,53,15
196,54,15
196,55,32
196,56,25
196,57,15
196,58,3
196,59,4
196,247,9
196,248,16
196,249,10
196,250,3
197,51,4
197,52,23
197,53,3
197,54,11
197,55,11
197,56,18
197,57,7
197,58,12
197,218,3
197,244,9
197,245,3
197,246,11
197,247,29
197,248,13
197,249,28
197,250,16
198,46,3
198,50,5
198,51,3
198,52,15
198,53,21
198,54,18
198,55,22
198,56,14
198,57,13
198,58,27
198,59,7
198,218,3
198,219,3
198,244,4
198,245,10
198,246,20
198,247,13
198,248,26
198,249,11
198,250,6
199,46,7
199,50,3
199,51,6
199,53,5
199,54,21
199,55,20
199,56,14
199,57,8
199,58,33
199,59,5
199,219,3
199,220,3
199,243,5
199,246,6
199,247,14
199,248,23
199,249,21
199,250,3
200,1,12
200,52,3
200,53,4
200,54,5
200,55,9
200,163,9
200,176,4
200,177,10
200,243,5
200,244,8
200,246,24
200,247,19
200,248,20
200,249,18
200,250,29
201,0,22
201,1,33
201,2,11
201,176,10
201,177,11
201,178,15
201,179,16
201,180,12
201,181,7
201,182,10
201,183,9
201,244,16
201,245,6
201,246,6
201,247,4
201,248,15
201,249,29
201,250,28
202,0,29
202,1,25
202,2,8
202,178,13
202,179,14
202,180,15
202,181,5
202,182,13
202,183,11
202,184,9
202,245,9
202,246,25
202,247,21
202,248,14
202,249,19
202,250,6
203,0,37
203,1,33
203,2,10
203,180,14
203,181,21
203,184,7
203,242,3
203,243,7
203,244,3
203,245,20
203,246,6
203,247,13
203,248,3
204,0,76
204,1,50
204,2,51
204,180,12
204,181,3
204,244,3
204,247,13
204,248,3
205,0,74
205,1,57
205,2,45
205,3,21
205,180,3
206,0,30
206,1,9
206,2,3
207,0,36
207,1,59
207,2,41
207,3,31
207,4,7
208,0,37
208,1,15
208,2,51
208,3,35
208,4,14
209,1,3
210,159,6
210,160,15
210,222,6
211,7,4
211,8,11
211,136,8
211,156,7
211,159,13
211,160,10
212,7,9
212,8,12
212,151,11
212,152,19
212,156,25
212,159,9
212,160,18
212,232,4
212,233,5
213,6,9
213,7,3
213,8,18
213,150,3
213,151,23
213,152,3
213,153,5
213,155,30
213,156,6
213,157,14
213,158,10
213,159,9
213,160,3
213,231,3
213,232,9
213,233,23
213,234,24
213,235,5
213,236,3
213,237,3
214,6,14
214,7,17
214,8,14
214,9,6
214,149,4
214,150,18
214,151,3
214,152,8
214,154,4
214,155,7
214,156,9
214,158,3
214,233,18
214,234,17
214,236,12
215,6,8
215,7,10
215,8,19
215,9,20
215,10,4
215,11,8
215,12,4
215,74,3
215,149,4
215,150,13
215,151,6
215,152,15
215,153,8
215,154,4
215,155,13
215,156,12
215,157,10
215,158,6
215,233,11
215,234,9
215,235,24
215,236,5
216,6,11
216,7,8
216,8,17
216,9,20
216,10,17
216,11,25
216,12,8
216,60,4
216,71,11
216,72,3
216,73,7
216,74,13
216,75,3
216,153,11
216,154,8
216,155,29
216,157,8
216,158,21
216,234,14
216,235,3
217,6,37
217,7,37
217,8,17
217,9,12
217,10,16
217,11,14
217,12,7
217,13,6
217,71,22
217,72,11
217,73,16
217,74,26
217,75,6
217,152,3
217,153,3
217,154,8
217,155,12
217,157,4
217,158,11
217,234,8
217,235,14
217,236,5
218,5,4
218,6,29
218,7,14
218,8,17
218,9,10
218,10,16
218,11,4
218,12,4
218,13,6
218,71,4
218,72,22
218,73,9
218,74,12
218,155,3
218,220,3
218,234,20
218,235,6
218,236,7
218,237,3
219,2,3
219,6,3
219,7,5
219,8,15
219,9,16
219,10,11
219,11,10
219,61,4
219,72,3
219,73,11
219,74,14
219,75,3
219,156,3
219,226,4
219,233,14
220,0,3
220,2,12
220,3,37
220,7,19
220,8,25
220,9,11
220,10,17
220,11,15
220,72,10
220,73,20
220,74,12
220,75,3
220,233,10
221,0,3
221,1,3
221,2,31
221,3,16
221,4,9
221,7,16
221,8,9
221,71,11
221,72,13
221,73,31
221,74,14
221,75,15
222,0,9
222,1,8
222,2,27
222,3,48
222,4,6
222,71,15
222,72,14
222,73,7
222,75,13
222,76,3
222,77,3
222,228,3
223,1,8
223,2,36
223,3,34
223,4,19
223,71,3
223,72,4
223,75,10
223,76,7
223,78,7
223,81,8
224,0,101
224,2,94
224,3,26
224,4,26
224,5,15
224,74,14
224,75,22
224,76,21
224,77,6
224,78,17
224,79,14
224,80,15
224,81,14
224,82,4
225,0,51
225,2,91
225,3,29
225,4,84
225,5,34
225,74,26
225,75,22
225,76,21
225,77,8
225,78,14
225,79,12
225,80,8
225,81,3
226,0,29
226,2,49
226,3,23
226,4,25
226,5,55
226,6,37
226,74,27
226,76,12
226,77,10
226,78,8
226,79,4
226,185,12
226,186,12
226,187,11
226,188,3
227,0,56
227,1,4
227,3,27
227,4,37
227,5,60
227,6,23
227,78,3
227,185,27
227,186,16
227,187,8
227,188,10
227,189,3
228,0,38
228,1,49
228,2,7
228,3,7
228,5,22
228,6,33
228,184,5
228,185,13
228,186,11
228,187,21
228,188,29
229,0,42
229,1,34
229,2,27
229,4,40
229,5,28
229,6,3
229,184,6
229,185,4
229,186,24
229,187,28
229,188,30
229,189,14
230,0,46
230,1,38
230,2,23
230,3,12
230,4,37
230,5,25
230,185,3
230,186,7
230,189,7
231,0,58
231,1,50
231,2,26
231,3,18
231,4,12
231,5,14
231,184,3
231,185,17
231,228,8
232,0,43
232,1,43
232,2,28
232,3,18
232,4,26
232,5,6
232,6,4
232,40,7
232,241,6
233,0,47
233,1,48
233,2,19
233,3,10
233,5,26
233,6,18
233,7,5
233,40,5
233,44,8
234,0,9
234,1,44
234,2,35
234,3,21
234,4,5
234,5,22
234,6,24
234,7,15
234,19,3
234,38,5
234,39,13
234,40,18
234,41,9
234,42,3
234,44,8
234,45,22
235,0,7
235,1,24
235,2,49
235,3,24
235,4,29
235,5,21
235,6,20
235,7,40
235,8,24
235,9,9
235,38,12
235,39,12
235,40,7
235,41,12
235,42,14
235,43,16
235,44,24
235,45,13
235,46,3
235,241,6
235,243,5
235,244,9
235,255,6
236,0,3
236,1,3
236,2,40
236,3,20
236,4,18
236,5,33
236,6,14
236,7,31
236,8,71
236,9,39
236,10,6
236,39,17
236,40,14
236,41,4
236,42,11
236,43,11
236,44,6
236,45,22
236,47,16
236,48,6
236,152,4
236,153,3
236,226,4
236,241,19
236,242,9
236,243,19
236,244,11
236,245,10
236,254,18
236,255,17
237,2,5
237,3,20
237,4,19
237,5,27
237,6,13
237,7,13
237,8,51
237,9,61
237,10,12
237,40,12
237,41,5
237,42,5
237,43,8
237,44,12
237,45,17
237,46,9
237,47,19
237,48,26
237,49,26
237,153,7
237,241,19
237,242,6
237,243,13
237,244,9
237,245,8
237,246,13
237,254,8
237,255,28
238,2,9
238,4,4
238,5,27
238,6,10
238,7,6
238,8,4
238,40,4
238,41,8
238,43,11
238,44,18
238,45,16
238,46,15
238,47,19
238,48,20
238,49,8
238,152,3
238,153,15
238,240,5
238,241,3
238,242,3
238,243,7
238,244,11
238,245,10
238,246,18
238,253,19
238,254,18
238,255,18
239,41,10
239,42,10
239,43,12
239,44,17
239,45,20
239,46,19
239,47,11
239,151,7
239,152,16
239,153,6
239,243,23
239,244,25
239,245,15
239,246,14
239,253,22
239,254,39
239,255,27
240,2,3
240,41,17
240,42,37
240,43,21
240,44,15
240,45,11
240,46,9
240,150,3
240,151,21
240,152,18
240,153,10
240,222,12
240,243,5
240,244,3
240,246,13
240,253,8
240,254,28
240,255,33
241,41,12
241,42,21
241,43,14
241,44,44
241,45,24
241,153,15
241,222,28
241,223,11
241,253,10
241,254,8
241,255,4
242,37,7
242,42,14
242,43,8
242,44,3
242,153,6
242,221,8
242,222,12
242,223,4
242,224,10
242,229,4
243,222,3
243,223,14
243,224,3
243,225,4
243,227,7
244,222,6
244,223,19
244,224,4
244,232,8
245,164,17
245,165,10
245,166,3
245,223,16
246,151,7
246,163,3
246,164,15
246,165,19
246,166,6
246,222,3
247,148,3
247,151,8
247,163,14
247,164,9
247,165,3
247,166,4
247,245,7
248,151,10
248,152,3
248,157,3
248,163,15
248,218,3
248,219,7
248,220,12
248,221,4
248,244,7
249,61,4
249,150,3
249,151,9
249,156,8
249,157,18
249,218,11
249,219,11
249,220,15
249,221,11
249,222,10
250,11,3
250,12,4
250,113,3
250,151,6
250,152,3
250,156,5
250,157,23
250,158,5
250,216,17
250,217,15
250,218,13
250,219,30
250,220,14
250,221,9
250,222,11
250,236,3
251,7,26
251,8,28
251,9,12
251,10,18
251,11,7
251,12,12
251,13,7
251,36,6
251,37,9
251,156,4
251,157,18
251,158,5
251,216,7
251,218,14
251,219,30
251,220,10
252,6,9
252,7,25
252,8,24
252,9,20
252,10,8
252,11,23
252,13,10
252,14,3
252,36,13
252,37,12
252,38,3
252,156,4
252,157,14
252,158,3
252,215,3
252,216,19
252,217,23
252,218,12
252,219,4
252,220,20
253,5,14
253,6,64
253,7,38
253,8,32
253,9,8
253,10,18
253,11,7
253,13,14
253,14,4
253,35,11
253,36,34
253,37,3
253,69,8
253,70,5
253,156,3
253,157,6
253,216,3
253,217,11
253,218,12
253,219,13
253,220,22
254,5,4
254,6,39
254,7,37
254,8,24
254,9,35
254,10,31
254,11,3
254,12,36
254,13,26
254,14,9
254,15,10
254,16,16
254,34,22
254,35,4
254,36,33
254,37,20
254,38,5
254,67,14
254,68,36
254,69,28
254,70,13
254,157,10
254,158,5
254,218,6
254,219,4
255,5,4
255,6,3
255,7,30
255,8,29
255,9,5
255,10,19
255,11,33
255,12,14
255,14,12
255,15,7
255,32,3
255,33,13
255,35,18
255,36,7
255,37,4
255,38,31
255,39,3
255,67,24
255,68,19
255,69,18
255,70,27
255,71,39
255,72,11
255,110,8
255,111,7
255,173,3
255,174,4
255,219,15