x,y,1,2,3,4,5
0,0,4,0,3,0,0
0,4,3,0,3,0,0
0,9,0,0,0,3,0
0,10,7,3,17,6,6
0,11,4,3,3,0,0
0,15,0,3,3,0,0
0,38,0,3,0,0,0
0,60,3,0,3,0,0
0,61,0,4,6,3,0
0,67,3,5,7,6,6
0,85,0,0,0,9,0
0,87,0,3,0,6,3
0,88,3,9,6,16,10
0,89,0,3,6,11,12
0,90,0,0,7,3,0
0,97,0,0,3,3,7
0,101,0,0,0,0,3
0,123,0,0,0,0,3
1,0,0,3,0,6,0
1,6,3,0,3,0,3
1,7,0,0,0,0,3
1,9,0,0,0,3,0
1,10,3,0,3,0,3
1,11,0,0,0,3,3
1,35,3,0,4,0,0
1,39,8,6,10,3,8
1,40,3,6,3,3,0
1,41,0,3,0,0,0
1,59,0,0,3,0,0
1,60,0,0,0,0,3
1,66,3,0,7,3,6
1,67,12,3,14,5,3
1,86,3,0,0,0,3
1,87,0,0,0,0,3
1,117,0,0,3,0,0
1,118,0,0,0,3,0
1,119,3,3,3,3,3
1,120,0,0,0,3,0
1,122,3,0,3,0,0
2,5,3,0,3,0,0
2,6,0,0,0,7,3
2,11,0,0,0,3,0
2,12,3,3,4,3,0
2,13,9,3,10,9,5
2,14,6,3,9,3,3
2,24,0,0,0,3,0
2,25,0,0,6,3,3
2,28,4,0,4,3,3
2,35,0,0,3,0,0
2,64,0,0,0,3,3
2,65,3,3,3,9,3
2,66,0,3,3,0,3
2,67,6,0,11,9,6
2,68,6,0,6,6,0
2,71,3,0,3,0,0
2,78,0,3,3,7,0
2,79,0,0,3,4,3
2,80,3,0,8,7,0
2,85,0,0,3,0,0
2,88,0,0,3,3,0
2,98,0,3,0,0,0
2,113,0,0,0,0,3
2,114,0,3,3,3,3
2,115,0,0,0,3,3
2,116,0,0,3,7,0
2,118,3,0,0,0,0
3,11,10,3,14,10,6
3,12,12,4,14,3,8
3,13,21,16,31,32,15
3,14,9,6,12,8,9
3,20,0,0,3,0,0
3,22,3,0,6,0,3
3,27,0,0,3,0,0
3,28,3,3,4,0,4
3,54,0,0,0,0,3
3,59,0,0,0,0,3
3,61,0,0,6,4,0
3,64,0,0,3,0,3
3,65,13,11,16,30,24
3,66,3,7,5,7,6
3,67,7,0,8,3,3
3,68,0,0,0,3,0
3,72,3,0,6,0,3
3,73,0,3,0,0,0
3,78,0,3,3,0,0
3,81,3,0,3,0,3
3,82,0,0,0,0,3
3,95,3,0,3,0,3
3,108,0,0,3,3,0
3,112,0,0,3,0,0
4,11,3,0,6,0,3
4,12,3,4,12,4,4
4,13,5,3,4,7,8
4,17,0,0,0,3,0
4,18,0,0,0,0,3
4,31,0,3,0,3,0
4,53,0,0,0,3,3
4,65,3,0,7,16,19
4,66,15,8,22,19,18
4,67,0,0,0,3,0
4,68,3,3,0,6,0
4,70,0,0,3,0,0
4,71,0,0,3,3,0
4,73,0,0,0,3,0
4,79,6,0,6,3,3
4,92,3,0,3,0,0
4,93,0,0,0,3,0
4,94,3,0,3,4,7
4,101,0,0,0,0,3
5,12,0,0,12,8,7
5,13,5,0,12,5,0
5,14,0,3,6,6,3
5,16,0,0,0,0,3
5,17,0,0,0,3,6
5,27,0,0,3,0,0
5,28,0,0,0,3,0
5,30,0,0,0,0,3
5,31,4,7,4,11,10
5,32,3,0,3,0,7
5,36,0,0,0,3,0
5,38,0,0,0,3,0
5,50,0,3,0,3,0
5,65,0,0,3,0,0
5,66,12,8,13,16,14
5,67,6,0,8,0,4
5,68,0,0,3,3,3
5,71,3,0,6,6,3
5,80,0,0,0,0,3
5,86,0,0,0,3,0
5,88,0,0,3,0,0
5,91,0,0,0,3,0
5,92,0,4,0,0,0
5,105,3,0,0,0,0
5,106,0,0,0,3,3
5,115,0,0,3,0,3
5,118,3,0,3,0,3
5,120,0,0,0,3,0
5,122,0,0,0,0,3
5,127,0,0,0,3,3
6,12,14,6,11,6,17
6,13,15,7,18,10,6
6,14,0,3,0,3,0
6,15,3,0,3,6,3
6,17,3,0,3,3,3
6,25,0,0,3,0,0
6,26,0,0,3,0,0
6,28,0,0,3,3,0
6,31,0,0,0,0,3
6,36,3,4,3,3,0
6,37,0,0,3,0,0
6,38,0,0,0,0,3
6,47,0,0,0,3,0
6,50,0,0,3,0,0
6,64,3,0,3,7,0
6,65,0,0,3,3,0
6,66,13,3,16,9,3
6,67,23,5,32,19,12
6,68,3,3,3,0,3
6,69,14,3,12,10,10
6,70,3,6,8,20,20
6,71,0,0,5,7,6
6,72,0,0,3,0,0
6,88,0,0,0,3,0
6,95,3,0,0,3,0
6,96,0,0,0,0,3
6,101,0,3,0,0,3
6,102,3,0,3,6,0
6,105,0,0,3,3,3
6,116,0,0,3,3,0
6,118,0,0,0,0,3
6,120,0,0,0,0,3
6,121,0,0,3,0,0
6,127,16,3,18,7,11
7,4,3,0,0,4,0
7,8,3,0,4,0,3
7,15,0,0,5,0,0
7,16,0,4,5,3,0
7,23,0,0,3,0,0
7,28,3,0,3,0,0
7,37,3,0,4,6,3
7,40,3,0,0,0,6
7,66,7,0,4,0,0
7,67,8,3,12,11,8
7,68,4,3,7,7,5
7,69,8,3,15,14,16
7,70,12,0,13,10,14
7,71,0,0,0,3,3
7,72,3,0,3,8,14
7,91,0,0,0,0,3
7,95,0,0,0,0,3
7,102,3,0,3,3,0
7,108,0,0,0,0,3
7,114,0,0,0,3,0
7,116,3,3,0,0,0
7,117,3,0,6,6,3
7,123,0,0,3,0,3
7,124,4,0,3,3,3
7,126,3,0,3,0,0
7,127,7,14,20,13,3
8,5,3,0,6,0,0
8,7,0,0,3,3,3
8,20,0,0,3,0,0
8,21,0,0,0,3,0
8,36,0,0,0,3,0
8,37,0,0,0,7,0
8,38,3,0,6,3,3
8,39,0,0,0,0,3
8,40,0,0,0,0,3
8,61,0,0,3,0,0
8,66,6,3,4,4,0
8,67,0,3,6,0,0
8,68,3,0,13,7,4
8,69,28,17,40,37,32
8,70,0,6,6,11,9
8,72,6,0,8,9,11
8,73,6,3,8,6,3
8,85,0,0,0,3,0
8,86,0,0,0,3,0
8,93,0,0,6,0,0
8,94,6,6,14,3,3
8,95,0,0,3,4,7
8,104,0,0,0,3,0
8,106,0,0,0,0,3
8,107,0,0,3,0,5
8,108,3,0,6,9,3
8,112,0,0,0,3,0
8,113,3,0,3,0,0
8,114,0,0,3,3,0
8,123,0,0,0,3,6
8,125,0,0,3,0,0
8,126,4,3,13,4,9
8,127,4,3,11,11,7
9,34,0,0,3,0,3
9,35,0,0,3,0,0
9,36,0,0,3,3,0
9,38,3,0,9,0,3
9,40,0,0,0,0,3
9,62,0,0,0,3,0
9,65,0,0,0,6,3
9,66,3,0,6,3,3
9,67,6,9,10,6,11
9,68,6,17,23,20,30
9,69,33,30,55,31,21
9,70,14,19,34,24,15
9,71,6,9,14,18,29
9,72,20,12,21,18,21
9,73,27,3,36,3,3
9,77,0,0,3,0,3
9,79,0,0,3,0,0
9,86,0,0,0,3,0
9,93,0,0,3,3,3
9,94,0,0,13,11,6
9,95,3,0,9,0,3
9,100,3,0,3,0,0
9,110,0,0,3,0,3
9,114,3,0,3,0,3
9,115,0,3,5,3,3
9,116,0,0,0,3,3
9,122,0,0,0,3,0
9,126,9,4,16,8,3
9,127,0,3,11,11,11
10,9,0,0,0,0,3
10,10,0,0,3,0,3
10,11,3,0,3,0,0
10,12,0,6,3,0,3
10,13,0,3,3,4,6
10,14,0,3,3,0,6
10,16,0,0,0,3,0
10,34,0,3,3,6,0
10,37,0,0,0,6,0
10,66,0,0,0,3,0
10,67,0,3,5,0,0
10,68,19,25,26,26,45
10,69,17,3,20,12,23
10,70,29,30,42,29,25
10,71,21,6,35,24,33
10,72,27,10,19,24,28
10,73,24,17,36,7,0
10,74,3,0,0,4,4
10,76,0,0,7,0,5
10,80,0,3,3,0,0
10,82,0,3,3,7,3
10,83,0,3,6,4,4
10,84,0,0,3,0,0
10,94,0,0,0,5,0
10,100,0,3,0,0,0
10,101,0,0,0,0,3
10,114,0,3,6,3,3
10,115,0,0,0,3,0
10,126,6,3,10,0,0
11,7,3,0,6,0,0
11,15,0,0,3,3,0
11,16,3,6,7,0,3
11,31,3,0,6,0,3
11,33,0,3,0,3,0
11,37,0,0,3,0,0
11,67,19,11,20,10,14
11,68,13,23,30,21,25
11,69,35,23,43,17,19
11,70,10,21,21,17,26
11,71,10,6,18,9,10
11,72,17,11,26,14,35
11,73,26,27,43,37,28
11,74,16,14,26,29,12
11,75,23,10,29,19,6
11,76,9,7,24,22,25
11,77,0,0,3,0,0
11,82,8,3,7,3,6
11,83,7,0,4,4,0
11,85,0,0,0,0,3
11,92,0,0,3,0,3
11,93,0,0,0,3,0
11,100,0,0,3,3,0
11,114,10,3,8,0,3
11,115,7,3,15,10,10
12,17,0,0,0,3,0
12,23,0,0,3,0,3
12,25,3,0,3,3,0
12,28,0,0,3,0,0
12,29,0,3,0,0,0
12,34,3,0,3,0,3
12,66,0,0,0,3,69
12,67,0,0,3,0,5
12,68,15,21,24,20,20
12,69,10,9,15,13,7
12,70,3,6,3,3,8
12,71,3,6,10,15,11
12,72,18,7,33,12,29
12,73,4,10,8,15,29
12,74,21,15,36,20,23
12,75,11,9,24,11,15
12,76,7,4,6,6,6
12,77,0,0,0,0,3
12,78,3,3,10,3,10
12,79,0,0,3,0,6
12,80,5,3,6,3,0
12,81,4,3,6,0,0
12,82,4,0,8,3,8
12,83,0,0,6,3,0
12,85,0,3,3,5,0
12,94,3,0,3,0,3
12,98,0,0,0,6,3
12,103,0,3,3,3,3
12,115,0,0,0,0,3
13,6,0,0,0,0,3
13,17,0,0,0,3,0
13,23,3,0,0,0,0
13,67,0,0,0,0,3
13,68,13,10,20,18,15
13,69,13,12,23,12,17
13,70,7,9,18,26,24
13,71,6,21,20,29,31
13,72,35,24,43,30,23
13,73,24,14,40,26,26
13,74,17,20,42,38,19
13,75,62,16,62,27,17
13,76,3,0,3,0,0
13,92,3,0,3,0,0
13,94,0,0,3,0,3
13,95,0,0,0,3,0
13,96,0,3,3,3,3
13,99,15,3,23,7,0
13,100,10,0,14,15,5
13,101,16,7,23,11,6
13,102,0,0,3,0,3
13,107,0,0,0,0,3
13,109,3,0,4,0,3
13,111,0,0,3,0,0
13,126,6,0,9,8,3
14,6,0,0,3,0,3
14,19,3,3,0,7,3
14,22,3,0,3,3,0
14,23,0,0,4,0,0
14,24,0,0,0,3,0
14,34,0,0,3,0,0
14,44,0,0,3,0,0
14,45,0,0,0,0,4
14,63,0,0,3,0,0
14,64,0,0,5,0,0
14,65,0,3,3,0,0
14,66,0,0,0,4,0
14,67,15,11,21,24,17
14,68,13,9,22,14,29
14,69,14,29,40,34,37
14,70,21,20,39,27,32
14,71,4,6,7,10,11
14,72,6,0,5,3,5
14,73,32,33,49,35,49
14,74,67,30,86,45,36
14,75,34,8,54,19,5
14,82,0,3,3,0,0
14,95,3,0,3,0,0
14,99,9,0,15,8,6
14,100,3,3,17,11,12
14,101,0,0,3,0,3
14,102,0,0,0,0,3
14,105,0,3,3,0,0
14,107,3,0,0,3,0
14,108,0,0,0,0,3
14,117,0,0,3,0,0
14,126,10,10,12,17,11
14,127,0,7,3,11,3
15,46,3,0,3,0,3
15,49,0,0,3,0,0
15,59,3,0,3,0,0
15,60,3,0,7,3,0
15,64,3,0,4,0,3
15,65,0,0,0,3,0
15,66,0,0,6,6,0
15,67,0,0,3,0,0
15,68,24,19,27,22,27
15,69,15,11,10,18,23
15,70,22,15,23,26,27
15,71,16,5,18,11,17
15,72,4,3,0,5,5
15,73,4,3,3,0,3
15,74,10,7,20,12,25
15,75,28,9,32,9,8
15,85,0,0,0,3,0
15,86,0,0,0,3,0
15,99,0,0,0,0,3
15,100,6,7,18,9,6
15,101,13,6,3,7,0
15,102,0,0,3,5,4
15,103,9,0,6,10,6
15,104,3,0,0,0,0
15,105,5,0,7,6,0
15,126,3,0,4,0,0
16,21,3,3,0,3,0
16,26,3,3,3,7,0
16,32,0,0,0,0,3
16,33,0,0,0,3,0
16,43,0,3,3,0,3
16,44,0,0,3,0,0
16,46,3,3,3,6,0
16,47,3,3,3,6,0
16,48,0,0,3,0,3
16,50,0,0,3,3,3
16,59,0,3,0,0,0
16,61,3,0,3,0,0
16,64,0,0,3,0,3
16,65,0,0,0,0,3
16,67,0,0,0,3,0
16,68,0,0,6,3,3
16,69,9,6,15,30,24
16,70,10,17,32,26,29
16,71,8,15,36,31,22
16,72,24,9,41,26,25
16,73,3,0,9,5,4
16,75,0,0,0,3,0
16,76,3,0,14,0,3
16,83,3,0,3,0,0
16,91,0,0,0,3,0
16,92,3,0,0,0,0
16,95,0,0,0,3,0
16,99,0,3,5,6,3
16,100,7,0,11,8,13
16,101,6,5,8,8,7
16,102,32,3,38,19,3
16,103,11,0,8,3,10
17,0,0,0,0,3,0
17,2,0,0,3,0,0
17,21,3,0,3,0,3
17,26,0,0,0,4,0
17,27,4,0,3,0,3
17,29,0,3,0,3,0
17,45,0,0,0,0,3
17,46,0,0,3,3,6
17,47,3,0,3,0,3
17,48,0,0,3,0,0
17,51,3,0,6,3,0
17,52,0,3,3,0,0
17,53,0,3,4,0,0
17,60,0,0,3,0,0
17,62,0,0,0,3,0
17,63,3,0,3,0,0
17,64,0,0,0,3,0
17,68,7,8,11,13,6
17,69,27,13,40,14,13
17,70,6,3,3,10,0
17,71,6,0,8,0,0
17,72,8,9,17,10,5
17,75,0,0,0,3,0
17,76,0,0,0,3,0
17,77,0,0,4,0,3
17,90,3,0,3,3,0
17,96,0,3,0,0,0
17,100,10,6,17,16,10
17,101,6,0,11,7,5
17,102,3,4,9,15,3
17,103,0,0,0,6,0
18,26,0,3,3,0,0
18,27,10,10,16,26,6
18,28,8,3,11,8,0
18,29,0,0,3,0,0
18,30,18,6,12,7,0
18,31,20,5,31,4,0
18,35,0,0,0,3,0
18,36,0,0,3,3,0
18,37,0,0,3,0,0
18,42,3,0,0,0,0
18,46,3,0,6,0,7
18,47,0,0,0,0,3
18,54,0,0,0,3,0
18,55,0,0,3,0,0
18,63,0,0,0,3,0
18,65,3,0,3,0,0
18,68,3,0,4,4,6
18,69,16,4,18,14,21
18,70,19,8,32,17,16
18,72,0,3,4,0,0
18,78,0,0,4,0,0
18,79,0,0,3,0,3
18,83,0,0,0,3,0
18,91,0,0,0,3,0
19,3,7,3,6,3,0
19,24,0,0,0,0,3
19,25,0,0,4,0,0
19,27,15,11,33,19,11
19,28,11,18,16,12,12
19,29,0,3,3,3,6
19,30,14,8,27,17,5
19,31,41,8,46,13,6
19,32,3,0,6,8,7
19,36,0,0,3,3,6
19,49,3,0,3,0,3
19,50,0,0,0,0,3
19,66,0,0,0,3,0
19,68,3,0,3,0,0
19,69,11,3,14,10,14
19,70,27,12,38,7,5
19,74,3,0,0,3,0
19,81,0,0,0,0,3
19,85,0,0,0,0,3
19,88,3,0,0,0,0
19,103,0,0,0,0,3
19,126,0,0,3,0,0
20,0,0,3,5,3,4
20,1,6,3,6,0,3
20,2,9,4,6,6,9
20,3,3,0,6,3,3
20,9,0,0,0,3,0
20,22,0,0,0,0,3
20,24,0,3,0,3,0
20,25,0,0,3,3,0
20,27,9,8,18,17,3
20,28,17,23,36,28,13
20,29,11,7,6,8,8
20,30,7,0,6,0,9
20,31,3,0,3,0,7
20,34,0,0,3,0,0
20,45,3,0,3,0,0
20,54,3,0,3,0,3
20,61,0,4,0,0,3
20,62,0,0,3,3,0
20,67,0,3,0,3,0
20,68,0,0,3,3,3
20,72,0,0,0,0,3
20,75,0,0,0,3,0
20,80,0,0,0,3,0
20,83,0,0,0,3,0
20,84,0,0,3,0,0
20,98,3,0,4,0,0
20,111,0,0,0,3,0
20,113,0,0,3,3,0
20,115,0,0,3,0,3
20,123,0,3,0,3,0
21,0,3,0,3,0,0
21,1,0,0,0,3,0
21,2,0,0,0,3,3
21,3,0,3,0,3,3
21,4,0,0,0,3,0
21,10,3,0,3,0,3
21,13,0,0,3,0,0
21,19,0,0,3,0,3
21,21,0,0,3,0,0
21,27,3,3,3,6,3
21,28,0,0,3,0,0
21,31,0,0,0,0,4
21,38,0,0,3,0,0
21,45,3,0,6,3,6
21,46,0,0,4,3,0
21,62,0,0,3,0,3
21,63,3,0,0,0,0
21,64,3,0,0,0,0
21,68,3,0,3,0,3
21,71,0,0,3,0,0
21,80,0,0,3,0,0
21,81,0,0,0,0,3
21,83,0,0,0,3,0
21,84,0,0,0,0,3
21,96,0,0,6,0,0
21,101,0,0,0,3,0
21,103,0,0,0,3,0
21,114,0,0,0,0,3
21,115,16,3,18,9,3
21,119,0,0,0,0,3
21,121,0,0,3,0,0
21,123,0,0,0,0,3
21,124,0,0,6,3,6
21,125,3,0,3,0,0
22,0,0,0,0,3,3
22,7,0,0,3,3,0
22,16,0,0,3,0,0
22,19,3,0,4,3,0
22,21,0,3,3,0,0
22,24,0,0,0,3,0
22,25,0,0,0,3,0
22,28,0,0,3,0,0
22,32,0,0,3,0,3
22,36,0,3,3,0,0
22,37,0,0,0,0,3
22,43,0,0,0,0,6
22,46,0,0,0,0,3
22,54,0,0,0,0,3
22,55,0,0,0,3,0
22,56,0,0,0,0,3
22,57,0,3,0,3,0
22,58,3,0,6,3,6
22,62,0,0,0,3,0
22,63,0,0,3,0,0
22,64,0,0,0,3,0
22,65,3,0,6,0,3
22,68,0,0,0,3,3
22,71,0,3,0,3,0
22,80,0,0,0,3,0
22,98,3,0,4,6,0
22,100,3,0,3,0,3
22,103,3,0,0,0,3
22,115,9,6,12,9,8
22,116,7,0,5,3,0
22,119,0,0,0,0,3
22,120,0,0,0,0,6
22,123,0,0,4,3,0
22,124,4,10,15,16,9
22,125,0,0,0,6,3
23,6,6,0,3,0,3
23,7,0,0,0,3,0
23,21,0,0,0,3,3
23,27,0,0,3,0,0
23,28,0,0,0,3,3
23,32,0,0,0,3,0
23,33,0,3,0,0,0
23,35,0,0,3,0,0
23,39,3,0,3,3,3
23,40,0,0,0,3,0
23,54,3,3,8,6,7
23,55,3,0,3,0,0
23,56,0,3,0,3,0
23,62,0,0,3,0,0
23,66,0,0,6,0,0
23,67,3,3,5,0,6
23,93,0,0,0,3,0
23,95,0,0,0,0,3
23,96,0,0,3,0,0
23,101,3,0,4,3,0
23,102,0,0,0,3,0
23,103,3,0,0,0,0
23,105,0,3,0,3,0
23,113,0,0,0,4,0
23,114,6,0,9,4,10
23,115,3,3,13,20,8
23,116,7,0,8,0,6
23,120,0,3,5,12,5
23,121,0,0,0,3,0
23,122,3,0,3,0,0
23,123,3,3,10,0,0
23,124,21,0,26,3,0
24,2,0,3,0,0,0
24,5,0,0,0,3,0
24,7,7,0,7,0,3
24,8,3,3,4,9,0
24,9,7,3,5,0,3
24,10,0,3,0,0,0
24,11,0,0,3,0,0
24,12,3,0,3,0,0
24,17,0,3,0,6,0
24,18,0,3,0,0,0
24,19,0,3,0,3,0
24,21,0,3,0,3,0
24,22,0,0,0,3,0
24,23,3,0,0,4,0
24,24,3,3,3,3,0
24,35,0,0,0,3,0
24,36,0,0,3,0,3
24,42,0,0,0,3,0
24,54,0,3,0,3,0
24,58,3,3,3,3,3
24,67,0,0,3,0,3
24,68,0,3,3,3,5
24,72,0,0,0,3,0
24,74,0,0,0,0,3
24,76,0,3,0,0,0
24,88,0,0,0,3,0
24,98,0,0,0,3,0
24,99,3,0,3,3,0
24,100,3,0,3,0,3
24,101,6,0,4,6,3
24,114,3,0,3,0,0
24,115,3,3,3,6,3
24,119,10,3,15,6,6
24,120,3,3,12,4,6
24,121,3,0,0,3,0
24,122,8,0,12,6,8
24,123,6,3,17,12,7
24,124,0,3,3,4,3
24,126,0,0,0,0,3
24,127,0,3,3,4,4
25,1,0,0,0,3,0
25,2,3,0,4,3,3
25,7,3,0,6,3,3
25,8,10,0,9,10,9
25,9,3,3,3,4,3
25,10,3,0,3,4,0
25,11,0,3,0,0,0
25,12,0,3,4,0,0
25,14,3,0,3,0,0
25,16,0,0,0,3,3
25,18,0,0,3,0,0
25,20,0,0,0,3,0
25,22,0,3,3,3,3
25,31,0,0,0,3,3
25,47,4,0,3,0,0
25,53,0,0,0,3,3
25,60,0,0,0,0,3
25,66,0,0,3,0,0
25,71,0,0,0,3,0
25,84,5,0,3,0,0
25,87,0,0,3,3,0
25,93,0,0,0,3,0
25,94,0,0,0,3,3
25,100,0,0,3,0,3
25,101,3,3,3,4,0
25,102,0,0,0,3,0
25,119,7,9,18,11,4
25,120,6,3,3,9,3
25,121,0,0,3,3,0
25,122,7,0,12,16,0
25,123,6,3,14,8,3
25,126,0,0,0,3,0
26,3,3,0,6,0,0
26,7,0,3,3,3,6
26,8,22,0,3,9,0
26,14,0,0,0,3,3
26,15,4,0,0,0,0
26,20,0,0,3,6,0
26,21,6,0,3,3,0
26,36,0,0,0,0,3
26,37,0,0,0,3,0
26,59,0,0,0,0,3
26,61,0,0,3,0,3
26,79,0,0,0,0,3
26,81,3,8,8,8,6
26,83,0,0,3,0,3
26,84,0,0,3,3,0
26,86,5,0,3,3,3
26,92,0,0,3,5,0
26,93,0,0,3,0,3
26,103,0,0,3,0,0
26,105,0,0,0,3,0
26,109,3,0,3,0,0
26,115,0,3,0,0,0
26,121,3,0,3,6,7
26,122,18,10,24,29,10
26,123,0,0,3,0,0
26,125,0,0,3,3,6
26,126,3,0,3,4,6
27,3,3,0,3,0,3
27,4,0,0,0,3,0
27,5,0,0,0,0,3
27,8,3,0,4,3,0
27,9,0,0,0,3,0
27,11,0,0,0,3,0
27,20,12,6,11,6,6
27,21,0,0,0,0,3
27,23,0,0,3,3,0
27,37,3,0,0,0,0
27,53,3,0,3,0,0
27,59,3,0,3,0,3
27,60,0,0,3,3,0
27,64,0,0,0,5,4
27,65,0,0,3,0,0
27,77,0,0,3,0,0
27,78,0,0,0,3,0
27,81,3,0,5,3,7
27,82,3,7,0,4,5
27,83,9,3,8,7,3
27,94,0,0,0,3,0
27,95,0,0,0,3,0
27,117,0,3,0,3,0
27,121,0,3,3,3,0
27,122,11,6,15,12,7
28,2,0,0,6,0,0
28,5,0,0,0,3,0
28,6,0,0,0,0,6
28,19,3,0,3,3,0
28,20,21,0,20,7,3
28,23,3,0,3,0,3
28,31,0,0,0,0,3
28,60,3,0,3,0,0
28,61,0,0,3,0,0
28,64,0,3,0,3,3
28,84,0,3,0,3,3
28,85,3,4,12,0,0
28,86,10,16,9,14,9
28,87,8,9,19,18,10
28,88,0,0,3,3,3
28,102,0,0,3,0,3
28,108,3,0,3,0,0
28,124,0,0,3,6,3
28,125,0,0,0,3,0
29,19,4,0,6,3,3
29,20,3,0,3,4,3
29,23,0,0,0,0,3
29,28,0,0,3,0,0
29,45,0,0,0,0,3
29,46,5,0,4,0,3
29,53,3,0,0,0,0
29,60,0,3,0,0,0
29,82,0,0,7,3,0
29,83,0,0,3,4,0
29,86,5,9,9,7,3
29,87,13,10,38,18,19
29,88,3,0,0,5,0
29,96,0,0,0,0,3
29,101,0,6,32,4,0
29,107,0,0,0,3,0
29,108,0,0,0,0,3
29,124,0,0,3,0,0
30,18,3,0,0,0,0
30,20,0,0,3,6,4
30,21,0,0,0,0,3
30,24,0,0,3,3,0
30,31,3,0,0,3,0
30,54,3,0,0,0,0
30,55,3,0,3,3,0
30,56,3,3,3,5,6
30,57,0,0,3,0,6
30,60,0,0,0,0,3
30,61,0,3,0,0,0
30,68,3,0,3,0,0
30,78,0,0,3,3,0
30,81,3,0,3,0,0
30,82,10,3,17,13,6
30,83,7,6,12,14,6
30,87,0,0,0,3,0
30,88,0,3,0,3,3
30,90,0,0,3,0,0
30,96,3,0,3,0,0
30,108,6,0,9,3,3
30,112,3,0,7,0,0
30,113,3,0,8,0,6
30,114,6,0,6,5,3
31,34,3,0,3,0,0
31,55,0,3,9,3,0
31,56,13,0,10,10,6
31,57,0,0,0,3,0
31,67,0,0,3,0,0
31,68,0,3,0,0,0
31,81,0,0,3,0,0
31,82,0,0,7,14,14
31,83,0,10,7,26,3
31,84,0,6,0,3,3
31,103,0,3,0,0,0
31,104,5,3,3,0,3
31,109,0,0,0,0,3
31,110,0,0,0,3,0
31,111,10,3,16,6,7
31,112,3,3,8,0,3
31,113,0,0,3,3,0
31,114,0,3,0,3,3
31,115,0,3,3,7,6
31,116,0,3,3,0,0
31,121,3,0,4,0,0
31,122,0,3,7,9,0
31,123,3,3,7,0,0
32,1,0,0,3,0,3
32,18,0,0,3,0,0
32,28,0,0,3,0,0
32,53,0,0,8,3,3
32,54,3,0,6,3,3
32,55,0,3,0,3,3
32,56,0,0,3,0,3
32,67,0,3,0,3,0
32,80,6,0,3,7,6
32,82,0,4,6,10,9
32,83,10,4,14,17,9
32,91,0,5,3,0,3
32,92,3,0,3,0,0
32,103,3,0,0,0,0
32,104,0,0,0,4,0
32,111,3,0,3,6,0
32,114,6,0,9,0,0
32,115,3,0,4,3,0
32,123,0,0,0,3,0
33,20,3,0,5,0,3
33,52,7,0,12,3,6
33,53,0,0,3,0,3
33,56,0,0,0,0,3
33,59,0,0,0,3,3
33,74,3,0,3,0,0
33,80,0,0,0,3,3
33,81,3,8,12,16,10
33,82,0,0,4,9,3
33,83,0,0,3,3,4
33,104,3,3,6,0,6
33,115,0,0,6,0,0
33,116,0,0,0,3,0
33,122,0,0,4,3,0
34,47,0,3,0,0,0
34,52,3,0,6,0,6
34,55,0,0,0,3,0
34,57,0,0,0,0,3
34,61,0,0,0,0,3
34,73,0,0,0,0,4
34,77,0,3,3,0,0
34,79,3,3,3,5,0
34,80,0,3,10,6,3
34,81,17,13,24,17,13
34,82,11,8,14,14,12
34,83,6,0,3,0,3
34,84,3,0,0,0,0
34,104,0,3,4,0,0
34,105,0,0,3,0,0
34,113,0,0,0,0,3
34,114,0,3,0,0,3
34,116,0,0,0,3,0
34,118,3,3,4,10,3
34,119,0,0,3,5,0
34,120,3,0,4,3,0
34,122,3,3,9,6,7
34,123,0,0,0,0,3
35,6,0,0,3,0,4
35,7,0,3,3,3,0
35,8,3,0,3,0,0
35,47,0,0,3,0,0
35,70,3,0,3,0,3
35,76,0,3,0,3,0
35,78,3,0,3,0,0
35,79,0,0,0,0,3
35,80,15,20,25,19,6
35,81,46,15,53,28,10
35,82,7,7,3,9,11
35,84,4,0,10,0,0
35,98,3,0,3,3,3
35,102,0,0,3,6,4
35,105,3,3,6,4,0
35,106,3,0,6,0,0
35,107,0,0,3,0,0
35,108,3,0,3,0,0
35,118,14,6,17,3,4
35,119,24,6,39,13,11
35,120,5,0,4,6,3
36,8,0,0,0,0,3
36,59,0,0,0,0,3
36,79,0,0,0,0,3
36,80,16,3,21,23,3
36,81,45,12,60,18,12
36,82,3,5,10,13,6
36,85,0,0,3,0,3
36,98,0,0,0,3,0
36,99,3,0,0,0,3
36,100,5,0,3,6,0
36,101,0,3,3,0,3
36,102,6,3,6,0,3
36,105,6,3,10,0,0
36,106,0,0,6,0,3
36,119,14,3,16,16,16
36,120,7,10,18,18,14
36,121,0,3,3,6,8
37,7,3,0,3,0,0
37,24,0,0,0,3,0
37,33,0,0,0,0,3
37,70,3,0,0,0,0
37,80,0,0,3,0,3
37,102,0,3,3,6,8
37,104,20,20,34,17,6
37,105,38,36,64,45,13
37,106,0,0,0,3,5
37,119,3,0,10,11,9
37,120,7,6,13,12,10
37,121,18,4,26,14,10
37,122,9,7,10,4,4
38,24,0,0,0,0,3
38,26,0,0,0,3,0
38,31,3,0,3,0,0
38,33,0,0,0,3,0
38,58,0,0,3,3,3
38,59,0,3,4,0,0
38,62,0,0,0,3,3
38,65,3,0,3,3,3
38,73,0,3,0,0,3
38,82,3,0,0,6,0
38,100,0,0,0,3,0
38,102,7,3,14,6,8
38,104,30,21,48,19,7
38,105,67,42,91,53,20
38,106,0,3,0,3,3
38,108,0,0,0,3,0
38,119,14,3,22,20,33
38,120,15,11,20,24,11
38,121,23,15,35,30,15
38,122,27,16,39,23,0
39,5,4,0,3,0,0
39,8,6,0,3,0,0
39,9,0,0,0,3,0
39,10,0,0,3,0,0
39,26,3,0,3,0,3
39,27,3,0,0,0,0
39,29,0,0,3,0,3
39,34,0,0,0,3,0
39,58,0,0,0,3,0
39,59,0,0,3,0,0
39,61,0,0,0,0,3
39,62,0,0,3,0,0
39,65,0,0,0,3,0
39,92,3,0,3,0,3
39,102,13,4,10,7,3
39,103,9,17,14,15,15
39,104,11,3,16,22,15
39,105,46,46,74,56,24
39,106,9,4,15,6,7
39,119,19,13,30,20,7
39,120,10,9,18,28,0
39,121,7,3,13,5,0
39,124,6,3,6,3,6
39,125,0,0,3,0,0
40,6,0,0,0,0,3
40,7,0,0,0,4,0
40,8,0,0,3,0,0
40,53,3,0,3,0,6
40,57,0,3,3,0,4
40,58,0,0,0,0,3
40,62,0,3,3,0,0
40,65,0,0,3,0,0
40,72,0,0,3,0,0
40,87,3,0,3,0,0
40,89,0,0,0,3,0
40,90,3,3,3,0,3
40,91,0,0,0,3,0
40,92,0,0,0,3,3
40,103,4,4,11,6,6
40,104,15,11,26,31,19
40,105,6,6,12,9,7
40,106,3,0,4,3,3
40,107,3,0,0,3,0
40,119,18,3,25,12,3
40,120,29,12,52,12,3
40,123,3,3,5,5,5
40,124,3,3,3,0,0
40,125,24,3,39,3,0
40,127,5,0,5,0,0
41,3,0,3,7,0,0
41,5,3,0,4,0,3
41,6,4,3,8,3,3
41,7,5,0,3,0,0
41,8,0,0,6,0,3
41,9,6,0,3,6,0
41,10,13,16,13,7,0
41,11,3,0,0,3,3
41,12,3,0,3,0,0
41,14,0,0,0,0,3
41,51,3,0,0,0,0
41,58,0,0,0,3,3
41,65,0,0,3,0,0
41,71,0,0,0,3,0
41,73,0,0,3,3,0
41,79,0,0,0,3,3
41,80,0,3,0,3,0
41,82,0,0,3,0,0
41,92,0,0,3,0,0
41,96,3,0,3,0,0
41,98,3,3,0,0,0
41,99,22,0,22,4,3
41,100,12,16,17,4,0
41,101,16,3,23,8,7
41,102,17,11,18,14,9
41,103,21,14,32,27,19
41,104,23,19,36,33,29
41,105,12,9,15,10,8
41,106,37,32,41,28,23
41,107,26,19,44,18,31
41,108,21,12,33,18,32
41,109,25,28,65,60,40
41,110,12,16,22,14,15
41,118,0,0,0,3,0
41,119,13,7,18,8,6
41,120,23,11,32,24,9
41,121,4,0,6,10,8
41,122,3,0,4,6,11
41,123,14,7,28,7,3
41,124,3,0,7,6,4
41,125,0,0,0,0,3
41,126,10,4,23,3,8
41,127,7,6,10,3,3
42,3,20,7,22,3,3
42,4,21,7,28,9,3
42,5,0,0,5,11,4
42,6,0,0,3,7,9
42,7,18,8,13,0,0
42,8,3,0,6,0,3
42,9,4,6,3,11,8
42,10,0,3,3,0,0
42,51,0,0,0,0,3
42,58,3,0,3,4,3
42,59,0,0,0,4,0
42,60,0,0,3,0,0
42,78,4,0,4,0,3
42,80,0,0,3,0,3
42,89,6,0,6,3,9
42,91,3,0,0,0,0
42,98,10,5,12,14,6
42,99,20,16,26,18,32
42,100,27,22,43,45,17
42,101,30,15,35,37,28
42,102,24,20,33,31,29
42,103,28,18,48,22,24
42,104,14,13,28,26,36
42,105,20,27,30,26,23
42,106,14,28,40,34,20
42,107,53,25,77,46,43
42,108,25,14,29,25,31
42,109,38,26,64,56,25
42,110,35,22,50,41,15
42,114,0,3,3,4,0
42,116,3,0,3,3,0
42,117,0,3,3,3,0
42,118,3,0,3,3,6
42,119,9,0,15,7,6
42,120,3,4,6,0,3
42,121,7,3,10,6,13
42,122,12,15,13,24,5
42,123,12,0,14,18,17
42,124,8,3,8,0,0
42,125,10,4,15,9,0
42,126,3,0,9,7,3
42,127,0,3,6,0,0
43,3,5,5,6,4,4
43,4,30,11,38,6,6
43,5,14,8,21,17,12
43,6,9,6,18,15,20
43,7,8,0,11,3,8
43,10,3,0,0,0,0
43,31,0,0,3,3,0
43,40,0,0,4,0,0
43,41,3,0,4,0,0
43,49,0,0,0,0,3
43,59,0,6,0,6,0
43,60,4,6,16,26,6
43,65,7,9,6,9,7
43,89,0,3,6,4,0
43,90,0,3,3,6,3
43,91,3,0,3,4,4
43,96,0,0,0,0,3
43,97,0,0,0,0,6
43,98,17,0,26,6,12
43,99,26,14,31,32,27
43,100,15,21,34,54,65
43,101,16,9,24,15,26
43,102,7,11,18,20,20
43,103,14,6,16,12,20
43,104,15,0,17,17,18
43,105,21,22,53,36,37
43,106,27,20,34,32,39
43,107,17,24,37,32,28
43,108,15,7,31,16,28
43,109,58,31,83,54,19
43,110,0,0,0,0,3
43,114,0,0,3,0,0
43,115,7,3,7,3,6
43,116,0,3,0,6,7
43,119,0,0,5,3,0
43,120,3,0,3,0,3
43,123,10,6,12,6,7
43,124,3,9,12,3,8
43,125,0,0,0,3,3
43,126,3,0,6,0,3
44,1,0,0,0,3,0
44,2,0,0,0,0,3
44,3,6,13,9,10,6
44,4,7,6,13,19,21
44,5,3,12,15,14,16
44,6,8,6,21,19,18
44,7,0,6,6,3,4
44,13,3,0,3,0,0
44,15,0,0,3,0,0
44,31,3,0,8,3,6
44,32,0,0,3,4,3
44,39,3,0,3,0,0
44,55,3,0,3,0,3
44,60,0,0,3,0,0
44,62,0,0,0,3,0
44,65,9,4,16,13,7
44,72,3,0,3,0,0
44,80,0,0,0,0,3
44,82,3,0,3,0,3
44,98,0,0,8,4,18
44,99,16,11,29,13,12
44,100,64,43,85,63,50
44,101,8,6,9,7,10
44,105,10,15,9,14,41
44,106,13,13,25,16,38
44,107,36,15,48,32,35
44,108,9,9,14,18,17
44,109,3,5,6,0,3
44,115,0,0,0,0,3
44,116,3,0,4,12,6
44,123,0,0,0,6,5
44,124,0,3,3,3,3
44,126,0,0,3,0,0
45,2,0,3,3,0,3
45,3,0,3,0,6,3
45,5,4,0,4,3,0
45,6,3,6,9,20,9
45,7,0,0,3,4,4
45,8,0,0,0,3,0
45,13,3,0,6,4,4
45,16,0,0,3,0,0
45,18,0,0,3,0,0
45,25,0,0,3,0,0
45,31,0,3,3,3,3
45,33,3,0,3,0,0
45,39,3,0,3,0,3
45,47,0,0,0,0,3
45,49,0,0,0,0,3
45,64,0,0,3,0,0
45,65,3,0,3,3,0
45,67,0,3,3,3,0
45,73,0,0,3,0,0
45,81,3,0,3,3,3
45,82,3,3,3,8,6
45,94,0,0,3,0,0
45,95,3,0,3,0,0
45,100,31,31,31,23,10
45,101,23,10,18,6,18
45,102,15,8,27,10,12
45,103,5,3,7,8,7
45,104,0,3,6,14,16
45,105,14,0,11,11,5
45,106,7,6,17,13,26
45,107,15,8,24,31,24
45,108,3,0,6,3,14
45,111,6,6,7,8,10
45,112,0,0,6,0,3
45,113,0,0,3,3,0
45,115,7,3,11,16,105
45,116,15,10,24,22,41
45,117,11,14,19,16,6
45,118,4,0,4,3,7
45,119,3,6,4,4,8
45,120,3,0,7,6,6
45,127,0,0,3,0,3
46,2,0,0,0,3,0
46,6,0,0,0,3,0
46,7,3,0,7,0,6
46,12,0,3,0,0,0
46,13,3,0,3,0,3
46,14,6,0,6,0,0
46,15,0,0,0,0,3
46,16,3,0,6,0,3
46,17,0,0,0,3,0
46,22,0,0,0,3,0
46,25,3,0,3,0,3
46,29,0,0,0,3,0
46,34,3,3,3,3,0
46,35,3,0,3,0,0
46,37,3,0,0,7,6
46,38,0,9,14,26,12
46,42,7,0,7,0,3
46,48,0,3,0,5,3
46,63,3,3,9,0,3
46,64,10,3,13,8,4
46,65,15,0,16,6,11
46,66,0,3,5,0,3
46,68,0,0,3,0,0
46,69,0,0,0,3,0
46,73,0,0,3,0,0
46,76,0,0,0,0,3
46,77,3,3,3,6,0
46,78,3,0,3,3,3
46,82,12,6,18,12,7
46,83,0,0,0,0,3
46,84,0,0,3,0,0
46,87,3,3,3,3,3
46,99,0,0,0,3,0
46,102,3,0,6,4,10
46,104,7,3,3,4,3
46,105,19,17,18,14,8
46,106,10,9,13,10,28
46,107,20,13,31,20,27
46,108,7,6,4,6,3
46,109,6,9,12,6,3
46,111,0,0,0,3,0
46,116,3,4,3,6,12
46,117,28,16,33,33,12
46,118,23,13,33,20,16
46,119,9,0,14,5,6
46,120,10,3,13,15,28
46,122,0,3,0,11,5
46,123,22,9,37,6,13
46,124,7,0,11,0,0
47,0,0,0,0,3,0
47,1,0,0,0,3,0
47,2,4,0,3,6,0
47,6,0,0,3,3,0
47,7,6,0,6,6,10
47,8,3,3,3,6,0
47,14,4,0,3,3,0
47,15,0,0,0,0,3
47,17,0,0,0,0,3
47,26,0,0,3,3,0
47,27,0,0,0,3,0
47,28,0,0,3,0,3
47,31,3,0,3,0,0
47,32,0,3,0,0,0
47,35,3,0,6,25,42
47,36,7,0,15,3,0
47,37,25,3,29,0,10
47,38,17,6,15,10,0
47,41,0,0,0,0,3
47,46,3,0,3,0,0
47,63,3,4,8,11,6
47,64,18,17,22,35,17
47,65,9,10,13,26,13
47,66,13,7,26,7,3
47,70,0,0,3,0,0
47,74,3,0,3,0,0
47,77,3,0,5,0,3
47,81,9,3,11,0,3
47,82,0,0,8,10,0
47,83,4,3,5,6,3
47,85,0,0,0,3,0
47,100,3,4,10,6,9
47,101,6,3,4,10,9
47,102,3,3,10,3,14
47,103,9,10,11,12,10
47,104,4,7,6,17,23
47,105,15,9,27,19,55
47,106,19,12,28,29,32
47,107,14,3,10,7,75
47,116,6,0,11,10,7
47,117,28,11,45,29,20
47,118,28,16,40,36,7
47,119,4,6,12,6,10
47,120,25,11,32,16,15
47,121,10,14,19,23,15
47,122,8,9,26,26,16
47,123,42,17,57,22,14
47,124,3,0,4,0,0
47,126,0,0,0,0,3
48,3,3,0,6,0,0
48,7,0,0,0,6,0
48,8,0,3,5,3,3
48,13,3,0,3,0,0
48,14,0,3,0,0,0
48,20,0,0,0,3,0
48,26,0,0,0,0,3
48,27,0,0,0,0,3
48,30,3,0,3,0,0
48,32,3,0,0,0,0
48,37,0,3,5,3,0
48,38,14,7,13,7,0
48,39,0,0,0,0,4
48,43,0,3,0,3,0
48,45,3,3,3,0,0
48,48,3,0,0,0,0
48,63,9,0,21,15,11
48,64,6,3,3,0,7
48,73,0,0,3,0,0
48,75,0,0,3,0,0
48,76,0,0,0,3,3
48,77,0,0,0,3,0
48,81,0,0,0,0,4
48,82,3,0,3,0,0
48,83,3,3,0,3,3
48,94,0,0,0,3,0
48,95,0,0,0,0,3
48,96,5,3,4,7,6
48,97,3,0,3,0,3
48,98,3,0,4,3,3
48,99,6,3,7,11,13
48,100,37,14,62,35,13
48,101,16,13,33,44,29
48,102,12,26,24,32,41
48,103,3,3,4,0,3
48,104,9,19,38,22,22
48,105,14,14,36,19,48
48,106,15,12,20,25,21
48,107,6,3,8,6,5
48,116,5,0,5,3,8
48,117,7,14,13,50,11
48,118,32,17,64,41,12
48,119,3,3,9,3,3
48,120,8,4,8,7,9
48,121,11,6,19,13,38
48,122,16,24,29,38,26
48,123,29,12,59,7,8
48,124,17,3,20,3,3
48,125,3,0,3,0,0
48,126,3,0,3,0,0
48,127,0,0,0,0,3
49,2,0,0,0,3,0
49,4,0,0,3,0,0
49,8,0,3,3,0,3
49,15,0,0,0,3,0
49,25,0,0,3,0,3
49,26,3,3,7,0,3
49,29,0,0,0,3,0
49,31,0,0,10,0,3
49,32,0,0,3,3,5
49,33,0,0,3,0,0
49,34,0,3,0,0,0
49,38,0,0,0,3,0
49,39,0,3,3,6,8
49,40,0,0,3,3,0
49,43,3,0,0,0,0
49,44,0,3,0,3,0
49,48,3,0,3,0,3
49,59,0,0,3,0,0
49,60,0,3,3,0,0
49,63,13,8,18,16,0
49,64,7,0,11,9,9
49,74,0,0,0,0,3
49,75,0,3,0,0,0
49,78,0,0,0,0,3
49,81,0,0,0,6,0
49,82,3,0,3,3,3
49,90,0,0,0,3,0
49,91,3,0,0,0,0
49,99,5,3,9,0,3
49,100,21,5,22,6,6
49,101,9,14,19,35,14
49,102,3,0,5,0,0
49,104,17,17,41,33,48
49,105,27,15,34,34,35
49,106,17,3,26,6,27
49,119,6,0,6,5,3
49,120,0,0,3,4,0
49,121,9,10,32,30,29
49,122,13,13,25,23,38
49,123,10,19,32,29,19
49,124,5,3,6,9,11
49,125,0,0,0,3,0
49,127,0,0,3,0,0
50,1,0,0,0,3,0
50,4,0,0,0,3,0
50,7,3,0,5,3,3
50,8,3,0,7,0,7
50,16,0,0,0,3,0
50,21,0,0,0,0,3
50,30,0,0,0,0,3
50,34,3,0,3,0,3
50,38,3,0,3,0,0
50,39,3,4,3,6,6
50,40,4,0,8,11,6
50,45,3,3,3,3,0
50,50,3,0,3,0,0
50,51,0,0,3,0,0
50,60,3,0,0,3,0
50,61,0,0,3,0,3
50,63,0,3,0,5,3
50,64,13,4,13,4,6
50,65,8,0,7,4,3
50,74,0,0,3,0,3
50,75,0,0,0,3,0
50,88,0,0,0,0,3
50,92,0,0,0,3,3
50,100,5,0,5,0,0
50,104,17,4,24,14,10
50,105,9,13,40,35,29
50,106,4,3,4,4,4
50,121,3,0,7,7,3
50,122,18,8,31,26,12
50,123,18,19,35,37,35
50,124,8,7,23,27,31
50,125,3,4,6,5,3
50,126,0,3,0,0,0
51,5,0,0,0,3,3
51,6,0,0,3,0,0
51,7,0,0,3,0,6
51,8,0,0,0,6,6
51,9,0,0,0,3,0
51,10,3,0,4,4,3
51,20,3,0,3,0,0
51,27,0,0,0,0,3
51,35,0,0,3,0,0
51,37,0,0,6,0,0
51,38,3,0,3,0,0
51,40,0,0,0,0,3
51,48,0,3,0,0,0
51,49,0,0,0,3,0
51,50,0,3,0,3,0
51,62,0,0,3,3,8
51,63,3,3,7,6,3
51,64,13,0,6,3,4
51,65,0,0,3,3,0
51,66,3,3,0,0,0
51,68,3,0,3,0,0
51,73,0,0,0,3,0
51,74,4,3,3,3,0
51,75,0,0,0,3,0
51,89,3,3,5,11,7
51,92,0,0,3,3,0
51,97,0,0,0,0,3
51,98,4,0,8,4,3
51,99,13,14,26,4,7
51,104,16,6,20,12,15
51,105,3,0,3,3,5
51,123,10,6,14,14,19
51,124,6,14,12,51,32
51,125,9,9,11,16,6
51,127,0,0,0,3,4
52,7,0,0,0,0,3
52,9,3,0,3,0,3
52,10,0,0,0,3,3
52,16,0,0,3,0,3
52,20,3,0,3,0,3
52,22,0,0,0,0,3
52,23,0,3,0,3,0
52,28,0,0,0,3,0
52,42,0,0,3,0,3
52,43,0,0,3,3,0
52,62,3,0,3,3,0
52,63,6,3,9,6,3
52,64,0,3,0,6,0
52,65,3,3,3,6,4
52,66,0,0,3,3,0
52,67,0,0,0,0,3
52,77,0,0,3,0,3
52,78,0,3,0,0,0
52,87,0,0,3,0,0
52,94,0,0,0,0,4
52,95,0,0,0,0,3
52,96,0,0,0,0,3
52,97,0,3,6,0,0
52,98,5,0,5,3,7
52,99,3,0,3,6,8
52,101,0,0,4,0,3
52,102,4,0,8,12,12
52,103,7,3,6,6,3
52,104,0,0,3,6,0
52,123,8,0,9,3,0
52,124,35,19,49,41,14
52,125,15,15,28,31,21
52,126,16,12,17,32,15
52,127,11,16,27,25,7
53,8,0,0,0,3,3
53,18,0,0,0,3,0
53,24,3,0,6,0,3
53,32,0,0,0,3,0
53,37,3,0,0,3,0
53,50,0,0,3,0,0
53,55,0,0,0,3,0
53,57,3,0,3,0,0
53,63,15,7,16,3,8
53,64,3,0,3,4,3
53,71,0,3,0,0,0
53,72,0,0,3,3,3
53,74,3,3,6,0,0
53,75,0,0,6,3,0
53,76,0,0,0,3,0
53,77,0,0,0,3,0
53,81,0,3,0,0,0
53,87,0,0,3,3,0
53,88,0,0,3,0,0
53,89,6,0,9,0,0
53,90,0,0,3,9,3
53,95,3,0,4,0,0
53,96,3,0,0,3,3
53,101,0,0,3,3,6
53,102,3,0,0,3,0
53,125,9,8,17,14,11
53,126,11,9,19,14,14
53,127,27,22,35,30,30
54,7,3,0,4,0,3
54,10,0,0,3,0,0
54,12,3,0,3,0,3
54,17,0,0,0,0,3
54,18,0,0,0,3,0
54,30,0,3,0,3,0
54,31,0,0,0,3,0
54,36,3,0,3,0,3
54,41,0,0,0,0,3
54,53,0,0,3,0,3
54,54,0,0,3,0,0
54,55,6,6,6,3,0
54,63,10,3,12,3,0
54,64,3,7,7,17,0
54,69,0,3,0,0,3
54,70,0,0,0,0,3
54,71,3,0,3,3,0
54,72,3,0,3,3,0
54,73,0,3,0,3,0
54,74,3,6,8,9,12
54,79,3,0,3,0,3
54,81,3,0,3,0,3
54,82,0,0,0,0,3
54,90,3,0,3,3,0
54,95,0,0,3,0,3
54,122,3,0,3,3,0
54,127,3,3,3,0,0
55,7,0,0,0,3,0
55,8,0,0,3,0,0
55,37,0,0,0,3,0
55,38,0,0,0,0,3
55,40,0,0,0,3,0
55,41,0,0,0,3,0
55,53,0,0,0,3,0
55,54,0,0,0,3,0
55,56,3,0,3,0,0
55,57,0,0,0,0,3
55,81,0,0,3,0,3
55,82,3,3,3,6,3
55,89,0,3,3,0,0
55,94,3,0,3,0,0
55,95,3,0,3,0,0
55,122,0,0,3,3,0
56,7,3,0,3,0,0
56,38,0,0,3,0,0
56,55,0,0,0,3,0
56,56,0,0,0,3,0
56,66,0,3,0,0,0
56,80,0,0,0,3,0
56,82,0,0,3,3,0
56,86,5,3,16,7,3
56,87,6,0,6,0,0
56,88,0,0,3,3,0
56,89,0,0,3,0,3
56,92,3,0,6,0,0
56,93,0,0,3,0,0
56,119,0,0,0,0,3
56,122,3,0,4,3,0
56,123,0,0,0,4,0
57,2,0,0,0,0,3
57,40,4,3,0,0,0
57,46,0,0,3,0,0
57,56,0,0,3,0,0
57,60,0,0,0,3,0
57,62,0,3,0,0,0
57,75,0,0,0,0,3
57,80,0,0,0,0,3
57,85,4,0,4,0,0
57,86,21,10,30,12,9
57,87,0,4,0,3,0
57,88,6,3,11,7,11
57,89,9,6,13,9,3
57,93,0,0,3,3,0
57,120,0,0,6,0,4
57,121,8,4,10,4,3
57,122,10,0,20,7,4
58,33,0,0,0,3,0
58,40,0,0,3,0,0
58,45,3,0,7,0,3
58,46,0,0,3,0,3
58,48,0,0,3,3,3
58,55,3,0,3,0,0
58,56,0,3,0,0,0
58,59,0,0,3,0,0
58,62,0,0,0,0,3
58,65,0,0,0,0,3
58,70,3,0,3,0,0
58,71,0,3,0,3,6
58,73,0,0,0,3,3
58,74,0,0,3,7,3
58,79,6,0,7,3,3
58,81,3,0,3,3,0
58,82,8,3,8,6,0
58,83,0,0,0,0,3
58,84,3,0,7,3,6
58,85,6,3,7,0,4
58,86,18,9,25,21,11
58,87,3,8,3,7,0
58,92,0,0,0,3,0
58,93,3,3,0,0,0
58,102,0,0,0,0,3
58,120,0,0,0,3,0
58,121,3,3,3,6,3
58,122,0,3,6,9,10
59,24,0,0,0,0,3
59,25,3,0,3,3,0
59,28,6,0,3,0,3
59,29,0,7,7,9,14
59,30,0,0,3,0,3
59,31,0,0,3,0,0
59,34,0,0,3,0,3
59,35,0,3,3,3,0
59,40,0,0,0,6,0
59,42,0,0,0,0,3
59,45,0,0,0,3,0
59,46,0,0,0,3,0
59,61,0,0,0,3,0
59,65,3,0,3,0,3
59,69,0,3,3,0,3
59,70,0,0,0,0,3
59,79,3,3,6,10,6
59,80,10,0,12,12,8
59,81,12,6,33,18,12
59,82,14,11,29,16,21
59,83,3,0,10,15,3
59,84,18,5,26,14,8
59,86,14,7,19,13,3
59,87,5,3,5,4,0
59,101,0,0,3,3,3
59,102,9,13,14,15,7
59,103,6,0,10,0,7
59,121,0,3,7,0,6
59,122,6,6,18,11,6
60,6,0,0,3,0,0
60,27,0,0,3,3,0
60,29,0,3,0,0,6
60,30,3,0,9,3,8
60,33,3,6,6,3,4
60,34,9,3,9,10,7
60,35,10,6,16,6,10
60,36,6,0,6,3,3
60,39,0,0,0,3,0
60,43,0,0,3,0,0
60,65,0,0,0,3,0
60,81,5,0,10,0,5
60,82,9,0,11,3,0
60,84,0,7,3,3,0
60,85,6,0,6,6,3
60,86,9,7,13,12,10
60,88,9,3,14,10,9
60,89,8,3,15,10,9
60,92,0,0,3,0,0
60,98,0,3,0,3,0
60,101,0,0,0,3,3
60,102,10,3,11,7,0
60,112,3,0,4,3,6
60,113,0,0,6,0,3
60,120,0,0,0,0,3
60,121,3,0,3,0,3
60,122,0,0,0,0,3
60,123,0,0,0,3,0
61,27,0,0,3,0,0
61,28,0,3,0,0,3
61,29,0,0,0,0,3
61,30,3,0,3,0,0
61,31,3,3,5,10,16
61,32,18,6,33,15,0
61,33,24,3,26,10,13
61,34,6,6,11,4,0
61,35,11,3,10,7,15
61,36,3,0,4,0,0
61,41,0,0,0,3,3
61,60,3,0,3,0,3
61,67,0,0,6,3,0
61,79,0,0,0,3,0
61,85,9,3,6,8,0
61,86,0,11,9,7,13
61,87,4,3,3,8,0
61,90,0,0,3,0,3
61,94,3,0,3,0,0
61,101,0,3,3,0,3
61,113,0,0,3,0,0
61,118,0,0,0,0,3
61,120,3,6,3,8,6
61,122,0,3,0,3,3
62,27,0,0,0,0,3
62,31,5,0,3,3,3
62,32,3,6,7,12,12
62,33,0,0,0,3,0
62,37,0,0,3,0,0
62,40,0,0,0,0,3
62,42,3,0,3,0,0
62,44,3,3,3,0,0
62,46,0,0,3,0,0
62,62,3,0,4,3,3
62,71,0,0,0,3,0
62,78,3,6,3,6,3
62,79,0,3,0,3,3
62,85,4,0,4,0,0
62,98,3,0,12,8,10
62,99,0,0,4,0,0
62,100,0,3,3,3,9
62,101,0,0,3,12,3
62,102,0,0,3,0,0
62,118,0,0,0,0,3
62,119,0,0,0,3,0
62,120,4,0,15,7,12
63,29,0,0,3,0,0
63,30,3,0,3,0,0
63,31,6,0,0,3,3
63,32,0,0,6,11,8
63,33,0,0,0,3,0
63,35,3,0,3,3,0
63,37,0,3,0,0,0
63,74,0,0,0,4,0
63,77,0,0,3,0,3
63,78,0,3,0,3,3
63,80,3,0,3,0,0
63,88,3,0,6,3,0
63,100,9,7,19,18,9
63,101,4,3,17,17,6
63,102,8,10,15,15,11
63,103,3,0,3,0,0
63,117,3,0,3,0,0
63,118,11,7,13,3,14
63,119,5,6,10,9,10
63,120,0,0,3,5,3
63,121,0,3,3,3,3
64,31,3,3,3,3,3
64,32,0,0,0,3,0
64,33,3,0,3,3,3
64,34,0,0,3,0,0
64,35,3,0,3,0,3
64,38,4,0,3,3,0
64,65,5,0,3,0,0
64,74,0,0,3,0,0
64,77,3,0,3,0,0
64,90,0,0,4,0,0
64,100,3,3,4,10,3
64,102,0,0,3,0,0
64,105,6,0,7,0,0
64,106,6,0,6,3,3
64,108,0,0,3,0,0
64,111,0,0,0,3,0
64,112,0,0,0,0,3
64,114,0,0,3,0,3
64,117,12,8,19,10,7
64,118,0,3,0,6,3
64,120,0,0,0,3,0
64,121,9,6,16,10,6
64,122,0,0,0,3,0
65,1,0,0,0,0,3
65,25,0,0,0,0,6
65,26,3,0,6,3,0
65,30,0,0,0,3,0
65,31,0,0,0,3,0
65,34,0,0,3,3,0
65,38,0,0,0,3,0
65,45,0,0,0,0,3
65,47,0,0,0,3,3
65,52,3,0,3,3,0
65,53,3,0,3,3,0
65,54,0,0,0,3,0
65,64,3,0,3,0,0
65,74,0,4,3,3,0
65,75,0,0,0,0,3
65,81,0,0,3,0,0
65,88,0,0,0,3,0
65,93,0,0,3,0,0
65,94,0,0,0,0,3
65,99,0,0,3,0,0
65,105,3,3,4,3,0
65,106,7,0,8,6,0
65,108,0,0,0,0,3
65,110,3,0,3,0,3
65,111,0,0,4,0,0
65,114,0,0,0,0,3
65,115,10,0,13,3,6
65,116,0,0,0,0,6
65,117,44,6,44,13,3
65,118,3,0,3,0,3
65,120,0,3,0,3,0
65,121,8,0,11,3,10
66,9,0,0,0,0,3
66,29,0,0,0,3,0
66,30,3,0,3,0,3
66,35,3,3,6,0,3
66,50,3,0,3,0,0
66,57,0,0,0,3,0
66,73,5,3,3,3,3
66,76,3,0,4,6,0
66,78,3,0,3,0,4
66,87,0,0,0,3,0
66,93,0,0,3,7,3
66,105,0,0,3,0,0
66,106,8,5,23,6,6
66,107,0,0,0,6,3
66,108,0,0,6,3,3
66,110,0,0,3,0,0
66,115,3,0,0,3,3
66,116,0,3,12,7,5
66,117,3,0,3,6,3
66,118,3,0,3,0,0
66,119,0,0,3,3,3
66,120,0,0,0,0,3
66,121,14,8,16,9,6
66,122,3,0,0,0,0
67,1,3,0,3,0,0
67,28,0,0,0,0,3
67,31,3,0,3,0,3
67,59,3,0,4,0,3
67,70,0,0,0,3,0
67,78,3,0,3,0,3
67,79,0,0,3,0,3
67,83,0,0,3,0,0
67,84,0,0,3,0,0
67,87,0,0,0,3,0
67,93,3,0,3,3,0
67,95,0,0,0,3,0
67,97,0,0,0,4,4
67,106,8,0,11,4,4
67,107,3,0,0,0,3
67,115,0,0,0,0,3
67,116,0,3,0,4,0
67,117,3,0,3,0,0
67,118,0,0,3,0,0
67,121,0,0,3,3,0
67,127,0,0,0,3,0
68,2,3,0,3,0,0
68,3,0,0,0,0,3
68,23,0,0,0,0,3
68,43,0,0,0,3,0
68,44,3,0,3,3,0
68,55,3,0,3,0,0
68,65,0,0,3,3,0
68,69,0,0,0,0,3
68,78,3,0,0,0,0
68,82,0,3,0,0,0
68,85,0,3,0,3,0
68,86,0,0,0,3,0
68,93,3,4,0,4,6
68,97,0,3,0,4,3
68,98,0,0,0,0,3
68,108,0,0,3,3,0
68,109,3,0,3,0,6
68,110,0,0,4,0,6
68,116,0,3,0,0,0
68,117,6,3,9,6,0
69,9,5,3,3,5,0
69,22,0,0,0,0,3
69,23,0,0,0,0,3
69,34,0,0,0,3,0
69,35,0,3,0,0,0
69,42,0,0,3,0,3
69,44,0,0,0,0,3
69,49,0,0,0,3,3
69,50,0,0,0,0,3
69,66,0,0,3,0,0
69,70,0,0,3,0,0
69,79,6,0,6,3,0
69,82,0,0,0,0,3
69,85,3,0,4,0,0
69,97,0,0,3,6,6
69,110,3,3,0,0,0
69,116,0,0,0,6,0
69,117,0,0,3,3,3
69,118,7,6,4,3,6
70,2,0,0,3,3,0
70,3,6,0,6,0,3
70,4,0,3,3,3,0
70,7,0,0,3,0,3
70,22,0,0,3,0,0
70,30,0,0,3,0,0
70,39,0,0,4,0,0
70,40,0,0,0,3,0
70,44,0,0,3,0,0
70,46,3,0,0,0,0
70,48,0,0,0,0,6
70,49,3,0,6,3,3
70,52,0,0,0,3,3
70,55,0,0,0,3,0
70,56,4,0,4,3,3
70,57,0,0,3,0,3
70,66,0,0,0,3,0
70,69,0,0,0,3,0
70,70,0,0,0,0,3
70,83,0,3,0,3,3
70,84,0,0,3,0,0
70,85,0,0,0,0,3
70,90,0,0,3,0,3
70,92,0,0,0,5,0
70,93,0,0,3,0,0
70,112,3,0,0,0,0
70,114,3,0,3,0,0
70,116,3,0,3,0,0
71,0,0,0,0,3,3
71,4,0,0,3,0,0
71,9,0,0,0,0,3
71,33,0,0,0,3,3
71,41,0,0,3,0,0
71,44,0,0,0,3,0
71,45,0,0,3,3,0
71,52,0,0,3,0,0
71,55,3,0,6,3,0
71,57,0,0,4,0,3
71,58,0,3,6,0,0
71,59,3,0,4,0,0
71,67,0,0,3,0,3
71,72,0,0,0,3,0
71,73,0,3,0,3,0
71,76,3,0,0,3,0
71,81,0,0,3,0,0
71,82,4,3,12,6,6
71,85,0,0,4,0,3
71,86,0,0,0,3,0
71,88,6,0,6,0,6
71,90,0,0,0,3,0
71,92,0,0,3,3,3
71,96,0,3,0,3,0
71,106,3,0,3,3,3
71,107,0,0,0,3,0
71,112,0,0,3,0,0
71,115,0,0,0,3,0
71,116,0,3,0,3,3
71,117,0,0,3,0,0
71,118,0,0,0,3,0
72,2,0,0,0,0,3
72,3,3,0,3,0,3
72,4,0,0,0,0,3
72,11,0,0,3,0,0
72,13,6,0,3,0,0
72,15,0,0,0,0,3
72,17,0,0,3,0,3
72,19,3,0,3,0,3
72,31,0,0,0,3,0
72,39,0,0,0,3,0
72,42,0,0,0,3,0
72,44,6,0,3,3,3
72,45,0,0,3,3,6
72,46,0,0,0,3,3
72,56,0,0,3,0,0
72,57,0,0,3,3,3
72,59,0,0,0,0,3
72,60,3,0,4,0,0
72,71,0,0,3,0,0
72,81,0,0,3,0,3
72,82,5,0,8,5,3
72,83,8,4,14,9,3
72,84,0,3,6,3,3
72,85,3,0,3,3,0
72,86,0,0,3,0,3
72,87,0,3,0,0,0
72,88,0,3,0,3,0
72,89,3,0,3,0,0
72,91,0,0,0,6,3
72,93,0,0,3,0,4
72,94,0,0,0,3,0
72,95,0,0,3,3,3
72,96,0,0,0,3,0
72,101,0,0,0,0,3
72,104,0,0,3,0,3
72,106,3,0,0,6,0
72,107,0,0,3,3,0
72,108,0,0,0,0,3
72,109,4,0,3,0,0
72,113,3,0,3,0,0
72,118,3,3,3,0,0
72,119,0,0,7,0,0
73,8,0,0,3,0,3
73,11,0,0,3,0,3
73,12,0,0,0,0,3
73,15,3,0,3,0,0
73,18,0,0,3,0,0
73,19,0,0,0,0,3
73,44,0,3,5,4,3
73,45,0,0,3,0,3
73,56,0,0,8,3,3
73,59,0,0,3,3,0
73,62,3,0,3,3,0
73,73,0,0,0,0,3
73,77,0,0,3,0,0
73,82,3,0,3,0,0
73,83,3,4,11,6,8
73,84,3,0,3,6,3
73,93,3,0,3,3,0
73,95,6,0,6,0,0
73,96,0,0,3,4,0
73,97,0,0,0,0,3
73,98,0,0,0,0,3
73,99,3,0,3,3,0
73,100,6,6,14,3,3
73,101,0,0,3,3,0
73,102,0,0,0,3,3
73,103,6,0,6,3,0
73,107,3,0,7,0,3
73,108,0,3,0,3,0
73,109,0,0,3,0,0
73,112,0,0,3,3,0
74,4,0,0,0,0,3
74,6,3,0,3,0,3
74,13,0,0,3,0,0
74,21,3,3,0,0,0
74,39,3,0,4,0,0
74,41,3,0,6,3,3
74,45,0,0,0,0,3
74,57,0,0,3,3,0
74,67,0,0,3,3,0
74,71,0,0,0,0,3
74,73,3,0,3,4,3
74,80,0,0,0,3,0
74,95,3,0,0,3,0
74,96,3,0,3,0,0
74,99,9,9,11,7,6
74,100,3,0,3,3,0
74,105,0,0,0,0,3
74,106,3,3,0,0,3
74,107,0,0,3,0,3
74,120,0,0,0,3,0
75,12,0,0,0,3,0
75,17,3,0,3,0,0
75,25,0,0,3,0,3
75,26,0,3,0,0,0
75,38,0,0,3,3,0
75,39,0,0,6,0,3
75,40,0,0,3,0,0
75,55,3,0,3,0,0
75,56,0,0,3,0,0
75,58,0,0,3,0,0
75,60,3,0,3,0,0
75,66,0,3,41,36,31
75,67,0,0,4,7,0
75,69,0,0,0,0,3
75,70,0,0,0,0,3
75,71,4,0,6,3,0
75,82,0,0,3,0,0
75,84,0,0,3,3,0
75,93,0,0,0,3,0
75,94,0,0,0,0,3
75,99,4,0,4,3,0
75,100,3,3,6,10,6
75,102,3,0,3,0,0
76,0,0,0,3,0,3
76,3,0,0,0,3,0
76,8,0,0,0,3,3
76,9,0,0,0,0,3
76,12,3,3,4,3,0
76,13,3,0,0,0,0
76,20,0,0,3,0,3
76,37,5,4,5,6,9
76,38,3,3,3,6,0
76,39,4,3,5,4,8
76,54,0,0,3,0,0
76,60,3,0,3,0,0
76,62,0,0,0,0,3
76,72,3,0,3,3,0
76,74,0,0,0,7,3
76,75,3,0,8,3,12
76,76,3,3,4,3,3
76,79,0,0,0,0,3
76,82,0,0,0,0,3
76,83,3,0,3,0,0
76,84,0,3,0,3,3
76,86,3,0,3,3,3
76,88,0,0,0,0,3
77,1,3,0,0,3,0
77,12,3,0,0,3,0
77,28,0,0,0,0,3
77,37,8,4,16,10,3
77,38,0,0,3,0,4
77,39,0,0,0,0,3
77,43,0,0,0,3,0
77,55,0,0,0,3,0
77,62,0,3,0,3,0
77,65,0,0,0,0,3
77,73,0,0,6,0,0
77,74,18,11,37,25,6
77,75,10,14,22,17,10
77,76,3,3,3,12,10
77,79,0,3,0,3,0
77,83,0,0,3,3,0
77,84,0,0,0,3,0
77,100,3,0,3,0,0
78,3,3,0,3,0,0
78,9,3,0,3,0,0
78,18,0,0,0,0,3
78,21,3,0,3,0,3
78,26,0,0,3,3,6
78,27,0,3,6,0,3
78,28,0,3,0,3,0
78,29,0,0,0,3,3
78,35,6,3,6,0,0
78,37,4,0,11,3,0
78,43,3,0,3,3,0
78,55,3,0,3,0,0
78,57,3,0,3,0,0
78,61,0,3,3,0,3
78,74,5,0,7,3,0
78,75,3,6,6,4,3
78,76,3,6,3,6,6
78,77,6,3,8,3,3
78,78,3,0,3,3,0
79,5,0,0,0,3,0
79,9,3,3,6,0,7
79,18,4,0,0,0,0
79,20,0,3,0,0,0
79,24,0,0,0,3,0
79,26,0,0,0,6,0
79,31,0,0,3,0,0
79,47,0,3,3,0,3
79,56,0,0,3,0,0
79,72,3,0,3,0,0
79,73,0,0,3,0,0
79,76,6,3,17,7,4
79,77,6,3,11,3,9
79,78,0,3,3,0,3
79,119,3,0,3,3,0
80,16,0,0,0,0,3
80,22,3,0,0,0,0
80,31,0,0,3,0,0
80,33,0,0,3,6,0
80,38,0,0,0,0,3
80,71,0,0,0,3,3
80,73,0,0,0,3,0
80,77,3,0,3,0,0
80,123,0,0,0,0,3
81,9,0,0,0,3,3
81,10,0,0,3,3,0
81,15,3,0,4,0,0
81,16,0,0,3,0,0
81,19,0,0,0,0,3
81,20,0,0,0,0,3
81,34,0,0,0,3,0
81,48,0,0,3,0,3
81,51,0,0,0,0,3
81,72,0,0,0,3,3
81,74,0,0,3,3,3
81,76,3,0,4,0,6
81,114,0,0,0,0,3
81,115,0,0,3,0,0
81,119,3,0,3,0,0
81,120,3,3,3,0,0
82,8,0,0,3,3,0
82,26,0,0,3,0,0
82,27,0,3,0,0,0
82,28,3,0,0,0,0
82,32,0,0,0,0,3
82,39,0,0,3,0,0
82,44,0,0,7,0,0
82,68,0,0,3,0,0
82,73,0,0,3,0,3
82,74,3,0,3,0,3
82,118,0,0,0,3,0
82,119,3,0,3,0,0
83,10,0,3,0,3,0
83,13,0,0,3,0,3
83,15,3,0,4,0,0
83,19,0,0,0,3,0
83,20,0,0,0,3,0
83,21,3,0,3,0,0
83,23,0,3,0,0,0
83,36,0,0,0,0,3
83,42,3,0,3,0,3
83,61,6,3,12,3,10
83,62,3,0,7,0,0
83,64,0,0,3,3,0
83,66,3,3,0,3,0
83,67,3,0,6,0,0
83,68,4,0,5,4,3
83,71,3,0,3,0,0
83,72,0,0,0,6,0
83,73,0,0,3,0,0
83,78,3,0,3,0,3
83,120,0,3,3,3,0
83,124,0,3,0,3,0
83,126,3,0,0,0,0
83,127,0,0,3,0,3
84,16,0,0,0,3,0
84,25,0,0,3,0,3
84,29,0,3,0,3,0
84,30,6,0,3,0,0
84,31,0,0,3,0,0
84,41,5,0,3,0,3
84,57,0,0,3,3,0
84,65,7,3,6,6,3
84,66,7,0,12,3,6
84,67,0,3,10,6,7
84,68,3,3,3,0,0
84,69,3,0,3,0,0
84,71,0,0,3,0,0
84,72,3,3,3,6,0
84,76,0,0,3,0,0
84,103,0,0,0,3,0
84,106,3,0,3,0,3
84,113,0,3,3,0,0
84,115,0,0,3,0,0
84,121,0,0,3,0,0
84,124,3,6,3,9,7
84,125,0,0,4,9,8
84,127,0,3,3,3,3
85,10,0,3,0,0,0
85,14,0,0,0,3,3
85,17,3,0,3,0,6
85,19,3,0,3,0,3
85,22,3,0,3,3,0
85,25,0,0,3,0,3
85,32,0,0,3,0,0
85,33,0,0,0,3,3
85,46,0,0,3,3,0
85,47,0,0,0,0,3
85,51,0,0,0,3,0
85,65,0,0,3,3,0
85,66,11,3,16,3,3
85,67,3,0,3,0,0
85,68,0,3,3,6,3
85,69,3,3,6,0,6
85,70,0,4,3,3,0
85,74,0,0,0,0,3
85,101,0,0,3,0,0
85,105,0,0,0,0,3
85,106,0,0,7,0,3
85,115,0,0,3,0,0
85,120,0,3,3,0,0
85,121,3,0,3,0,3
85,123,3,3,6,6,8
85,125,9,3,10,10,3
85,126,3,3,9,7,3
85,127,6,0,5,3,0
86,0,0,0,0,3,0
86,2,3,0,0,4,0
86,3,0,3,0,0,0
86,10,0,0,0,0,3
86,13,0,0,0,0,3
86,18,3,0,3,3,0
86,21,3,0,3,0,0
86,33,3,0,3,0,0
86,34,3,0,3,3,3
86,38,0,0,3,0,0
86,40,0,0,0,0,3
86,42,15,3,12,8,6
86,43,0,0,0,3,0
86,46,0,3,0,4,0
86,52,0,0,3,3,0
86,54,0,0,0,3,3
86,56,0,0,3,0,0
86,57,4,3,6,6,0
86,63,3,3,4,3,6
86,66,6,0,6,6,3
86,67,6,4,9,3,6
86,68,9,3,12,3,11
86,101,0,3,0,0,0
86,107,0,0,0,0,3
86,109,3,0,7,9,6
86,110,3,0,6,0,0
86,117,0,3,3,5,0
86,118,0,3,3,0,3
86,123,7,5,12,4,3
86,125,0,0,4,3,0
86,126,5,0,6,3,3
87,4,6,0,3,0,0
87,11,0,0,3,0,3
87,17,0,3,0,3,0
87,36,0,0,0,3,3
87,38,0,0,0,0,3
87,39,3,0,4,0,0
87,41,3,0,7,6,7
87,42,13,0,14,6,7
87,45,0,3,0,3,0
87,50,0,0,3,5,0
87,54,0,0,0,3,3
87,55,3,0,3,0,0
87,56,0,0,0,0,3
87,57,3,0,3,0,0
87,61,3,0,7,0,3
87,62,6,0,3,3,0
87,65,4,3,6,0,3
87,66,0,0,0,3,0
87,67,3,0,6,3,3
87,96,0,0,0,3,3
87,97,0,3,0,3,0
87,109,0,0,0,0,3
87,111,0,0,0,3,3
87,114,0,0,0,0,3
87,116,0,0,3,0,3
87,118,0,0,0,3,0
87,120,3,3,7,6,3
87,121,6,0,9,6,3
87,123,6,11,9,19,0
87,124,3,0,7,3,0
87,125,3,0,4,7,3
88,1,3,0,3,0,0
88,2,0,0,0,0,3
88,3,0,3,0,3,0
88,36,3,0,3,3,3
88,37,3,0,3,6,0
88,38,0,0,3,3,3
88,39,0,0,3,0,0
88,49,0,3,0,4,3
88,50,0,0,0,3,3
88,59,0,0,3,0,3
88,65,0,0,3,0,3
88,66,0,0,0,4,0
88,102,0,0,0,0,3
88,112,0,0,0,3,0
88,113,0,0,0,0,3
88,115,0,0,0,3,0
88,116,0,3,3,0,0
88,119,3,0,3,0,3
88,120,0,0,0,7,3
88,121,0,3,0,8,0
88,122,0,3,0,6,6
88,123,3,4,7,5,3
88,124,3,0,6,0,0
88,126,0,3,0,3,3
88,127,0,0,0,3,0
89,0,0,0,3,0,0
89,18,0,0,0,3,0
89,26,0,0,0,0,3
89,27,3,0,3,0,3
89,35,0,0,0,0,3
89,37,0,0,3,3,0
89,59,0,3,0,9,0
89,60,3,0,5,0,4
89,65,3,3,6,3,3
89,99,0,0,3,0,0
89,102,0,0,0,3,0
89,106,3,0,11,3,3
89,107,0,0,3,3,3
89,108,0,0,0,3,0
89,109,0,0,0,3,3
89,110,4,0,4,0,0
89,112,8,0,5,3,3
89,113,0,3,0,3,0
89,120,0,0,3,0,3
89,121,15,0,21,7,3
89,122,4,3,3,6,5
90,7,0,0,3,0,0
90,13,0,0,3,0,0
90,18,0,0,0,3,0
90,19,0,0,0,0,3
90,23,0,0,3,0,3
90,26,0,0,3,3,3
90,27,0,0,0,3,3
90,28,0,0,0,0,7
90,29,0,0,3,0,0
90,34,7,0,6,3,3
90,37,0,0,3,3,0
90,47,0,0,3,0,0
90,48,0,0,3,0,0
90,59,0,0,0,0,3
90,60,0,3,0,6,0
90,64,0,0,0,0,3
90,65,3,0,3,0,0
90,104,0,3,0,0,0
90,105,3,0,3,0,0
90,106,3,0,3,0,0
90,110,0,0,3,3,4
90,111,0,0,0,3,0
90,113,0,0,0,3,0
90,117,3,3,0,0,0
90,121,0,0,3,0,0
90,125,0,0,0,3,6
90,126,0,0,0,3,0
90,127,0,0,3,0,0
91,0,0,0,3,0,0
91,8,3,0,3,0,0
91,14,0,0,0,3,0
91,16,0,0,0,3,0
91,20,0,0,0,4,3
91,21,0,0,3,3,0
91,31,3,0,3,3,0
91,33,3,0,3,3,0
91,34,0,0,3,0,0
91,36,0,0,3,0,0
91,47,3,0,3,3,0
91,56,0,0,0,5,0
91,57,0,0,0,0,3
91,58,3,0,8,6,3
91,63,3,0,3,0,0
91,64,0,0,4,3,4
91,96,0,0,0,0,3
91,102,0,0,0,0,3
91,104,0,0,0,0,3
91,105,0,3,3,7,0
91,106,0,0,0,3,0
91,108,0,0,0,3,3
91,109,3,3,3,3,3
91,110,0,0,0,0,3
91,111,6,0,3,0,0
91,114,7,0,8,0,3
91,117,3,0,3,0,3
91,118,0,0,3,6,0
91,121,3,3,0,0,0
91,124,0,3,0,0,0
92,0,0,3,0,0,3
92,1,0,0,3,0,0
92,2,3,0,4,3,0
92,8,0,0,3,3,0
92,30,0,3,0,3,0
92,38,3,0,3,0,0
92,41,3,0,6,0,5
92,45,0,0,0,3,0
92,47,0,0,3,0,0
92,56,0,0,0,3,0
92,62,3,0,0,0,0
92,63,5,0,5,0,3
92,64,10,0,13,7,3
92,100,0,0,0,0,3
92,103,3,0,3,0,0
92,109,0,0,6,0,3
92,110,0,0,0,3,0
92,111,3,0,3,5,0
92,113,22,3,41,12,6
92,114,16,7,28,8,13
92,115,3,0,3,0,0
92,116,0,0,4,6,6
92,118,3,0,7,0,3
92,122,0,0,0,3,3
92,123,0,0,0,0,3
93,4,0,0,3,0,3
93,5,0,10,31,12,3
93,8,3,0,3,0,3
93,9,0,3,3,0,0
93,21,3,0,3,0,0
93,23,0,0,0,3,0
93,28,0,0,4,0,0
93,40,3,0,3,0,0
93,44,3,0,3,0,0
93,45,3,0,3,3,0
93,55,0,0,0,3,0
93,56,0,0,3,0,0
93,62,3,0,3,0,0
93,64,3,0,3,0,0
93,99,3,0,3,0,0
93,103,0,0,0,3,3
93,104,3,0,3,0,3
93,105,3,0,3,0,0
93,106,6,0,6,3,0
93,109,0,0,0,3,0
93,111,0,0,0,7,7
93,112,0,0,0,3,4
93,113,21,7,32,14,3
93,114,17,12,16,12,14
93,115,8,0,8,8,3
93,116,6,3,11,0,6
93,118,6,0,6,3,0
93,122,0,0,3,0,0
93,125,0,0,0,0,3
94,4,3,0,3,0,3
94,5,7,0,3,3,3
94,6,0,0,0,3,3
94,11,0,0,3,0,0
94,12,0,0,0,3,0
94,14,3,0,3,3,0
94,31,0,0,3,0,0
94,42,0,3,0,3,0
94,43,3,4,0,3,6
94,51,7,7,10,8,6
94,52,0,3,0,4,0
94,61,0,0,3,0,0
94,101,0,0,0,0,3
94,105,0,0,0,3,0
94,108,0,0,3,0,3
94,111,0,0,3,3,3
94,112,6,7,14,9,8
94,113,6,5,12,22,6
94,114,9,6,30,17,13
94,115,6,6,9,6,6
94,116,0,0,0,3,0
94,117,0,0,0,5,3
94,118,0,3,0,4,0
94,126,3,0,3,0,0
94,127,0,0,0,0,3
95,0,3,0,6,0,0
95,7,3,0,3,3,3
95,8,3,0,3,0,3
95,12,3,3,6,0,0
95,20,3,0,3,3,3
95,22,3,0,3,0,3
95,41,0,0,3,0,3
95,42,0,0,3,0,7
95,43,0,0,3,0,3
95,51,3,9,7,18,11
95,52,14,9,14,13,7
95,53,0,0,0,3,0
95,61,3,0,3,0,0
95,105,0,0,3,0,6
95,107,3,0,3,3,0
95,109,3,3,3,7,0
95,111,0,0,0,0,3
95,112,0,3,7,5,0
95,113,10,9,28,17,3
95,114,12,13,19,13,3
95,117,3,3,3,0,6
95,125,3,0,3,0,0
95,126,0,0,3,0,3
96,0,0,0,3,0,0
96,1,0,0,3,0,0
96,3,3,3,3,0,0
96,8,3,0,0,0,0
96,19,0,3,0,0,0
96,23,3,3,3,3,3
96,24,0,0,3,0,0
96,27,3,0,3,3,0
96,30,0,0,3,0,0
96,41,0,0,0,0,3
96,42,0,0,3,0,0
96,51,8,7,16,15,21
96,52,19,21,20,36,25
96,55,0,0,0,6,0
96,56,0,3,3,0,0
96,58,0,0,0,3,3
96,60,0,3,3,0,3
96,105,3,0,3,0,3
96,106,0,3,0,6,0
96,109,3,3,0,0,0
96,112,3,0,3,0,0
96,113,0,0,0,0,3
96,117,0,0,0,6,3
96,118,3,0,0,0,0
97,0,6,0,6,0,3
97,7,0,3,3,0,0
97,9,0,0,0,0,3
97,13,0,0,0,3,0
97,22,0,0,0,0,3
97,24,0,0,0,3,3
97,26,0,0,0,3,0
97,28,0,0,0,3,0
97,40,0,0,0,3,0
97,44,0,3,3,3,0
97,51,6,6,12,9,7
97,52,16,18,22,32,30
97,53,7,13,15,12,11
97,54,7,0,6,3,0
97,55,18,7,22,10,3
97,56,14,6,18,3,6
97,57,0,3,6,3,3
97,60,0,0,3,0,0
97,91,3,0,3,3,3
97,111,0,0,0,3,0
97,117,3,3,3,3,3
98,0,0,3,0,3,0
98,20,3,0,3,0,3
98,24,0,0,3,0,0
98,26,3,0,3,0,0
98,27,3,0,3,0,3
98,37,0,3,0,6,3
98,43,0,0,0,3,0
98,44,0,3,0,3,3
98,45,3,0,3,0,5
98,46,0,3,0,0,0
98,47,0,0,3,0,0
98,51,0,0,0,0,3
98,52,13,10,27,21,95
98,53,15,20,26,27,28
98,54,11,15,22,27,56
98,55,22,13,26,12,23
98,56,11,10,17,26,32
98,57,13,7,23,18,15
98,59,0,0,0,3,0
98,111,0,3,0,6,0
98,112,5,0,3,6,0
98,115,0,0,0,3,3
98,117,0,0,0,0,3
99,1,0,0,3,3,0
99,10,0,3,3,0,0
99,13,0,0,0,0,3
99,27,0,0,0,3,0
99,31,3,0,3,3,3
99,34,0,0,0,0,3
99,36,3,0,3,3,0
99,37,0,3,0,3,0
99,43,0,0,5,6,3
99,46,0,0,0,7,11
99,47,0,0,0,0,3
99,51,3,3,8,3,3
99,52,3,0,7,4,11
99,53,17,19,36,27,28
99,54,10,20,25,17,18
99,55,16,9,22,13,9
99,56,6,6,8,16,8
99,57,11,9,28,15,18
99,58,0,0,0,3,0
99,59,10,3,15,11,7
99,111,0,0,3,0,0
99,114,3,0,3,3,0
99,116,0,0,3,3,0
99,117,0,0,0,0,3
100,1,0,0,3,0,0
100,2,0,0,0,3,0
100,11,3,0,3,0,0
100,12,0,0,0,3,0
100,19,0,0,3,0,0
100,23,3,0,0,0,3
100,25,0,0,0,3,0
100,31,0,0,0,3,0
100,36,0,0,0,3,0
100,37,0,0,3,0,0
100,43,0,0,3,0,0
100,46,0,3,3,4,3
100,47,6,0,6,0,0
100,48,8,3,3,4,0
100,51,3,3,9,3,3
100,52,19,14,23,18,23
100,53,10,14,14,19,27
100,54,7,13,20,26,79
100,55,11,13,27,31,18
100,56,0,0,3,3,8
100,57,6,11,17,20,6
100,58,17,3,18,7,15
100,59,10,0,7,16,12
100,113,0,0,0,0,3
100,117,3,0,0,0,0
101,0,0,0,0,3,0
101,1,0,0,3,3,0
101,2,0,0,0,3,0
101,10,0,0,3,0,0
101,13,0,0,0,0,3
101,16,0,0,0,0,3
101,20,0,0,0,3,0
101,24,0,0,0,6,0
101,25,0,0,6,3,6
101,26,3,0,3,4,3
101,33,0,0,3,0,0
101,46,0,0,0,0,3
101,47,0,3,0,6,6
101,48,13,5,22,9,11
101,49,6,8,4,8,3
101,51,5,3,5,3,4
101,52,4,0,7,6,4
101,53,3,8,3,13,3
101,54,6,3,8,6,3
101,55,25,26,50,27,29
101,56,0,3,3,3,3
101,57,0,0,0,0,3
101,58,36,11,38,12,12
101,59,9,0,14,3,0
101,80,0,0,0,0,3
101,81,0,0,0,3,0
101,114,0,0,0,3,0
101,118,0,3,6,0,0
101,119,0,0,0,6,0
101,127,0,0,3,0,3
102,9,3,0,3,0,3
102,14,0,0,3,0,6
102,18,0,0,3,0,3
102,19,3,0,3,3,3
102,22,3,0,3,0,0
102,23,5,4,3,3,0
102,25,6,0,10,3,0
102,26,9,3,13,13,9
102,27,0,3,3,0,0
102,34,3,0,0,0,0
102,46,0,3,3,3,3
102,47,6,3,7,9,5
102,54,0,3,0,3,3
102,55,0,0,6,6,8
102,57,3,0,3,0,3
102,58,21,11,33,14,6
102,59,28,6,32,24,9
102,80,0,0,4,0,3
102,81,3,0,6,0,3
102,117,0,0,0,0,3
102,118,3,0,6,6,3
102,119,5,0,7,9,4
103,14,0,0,3,0,0
103,15,0,0,3,3,0
103,17,0,3,0,3,0
103,19,3,0,6,3,0
103,25,9,4,15,16,6
103,26,19,9,25,27,13
103,27,18,41,49,24,10
103,28,6,6,12,12,6
103,30,3,0,3,3,0
103,40,0,0,3,0,3
103,41,3,3,4,0,3
103,45,3,0,3,6,4
103,46,4,4,15,17,12
103,47,3,3,4,3,4
103,49,5,0,0,0,0
103,57,7,0,6,0,3
103,58,32,14,37,12,7
103,59,11,4,24,4,14
103,60,3,10,16,12,12
103,83,0,0,3,0,0
103,85,0,4,0,0,3
103,119,0,3,0,3,0
103,120,0,0,3,3,0
103,121,0,0,0,0,3
104,17,3,0,3,0,3
104,21,3,0,3,0,0
104,25,0,3,8,9,4
104,26,21,17,19,16,12
104,27,12,3,13,3,6
104,28,25,6,32,4,14
104,29,0,0,0,3,3
104,30,5,0,3,4,3
104,31,0,0,3,0,0
104,36,3,0,3,3,0
104,43,3,0,3,0,0
104,45,3,0,3,3,3
104,46,0,0,0,0,3
104,57,3,3,3,6,0
104,58,11,21,35,18,9
104,59,31,29,32,29,12
104,60,29,21,24,23,18
104,83,3,0,3,3,0
104,85,3,3,3,0,3
104,86,0,3,0,0,0
104,119,0,0,0,3,0
104,120,0,0,3,0,0
104,121,0,0,0,3,3
104,122,3,3,4,4,5
105,13,3,0,0,0,0
105,15,3,0,8,0,0
105,17,0,0,0,0,3
105,20,0,0,3,0,0
105,21,0,0,3,0,0
105,23,3,4,10,0,8
105,24,5,6,12,6,12
105,25,7,3,10,7,14
105,26,6,0,11,6,12
105,27,3,0,3,3,9
105,28,3,3,3,3,5
105,29,0,0,0,3,3
105,31,0,0,0,3,0
105,34,0,0,0,3,0
105,35,0,3,0,0,0
105,36,3,0,3,3,3
105,43,0,3,0,3,0
105,44,11,3,6,0,3
105,45,3,0,4,0,4
105,57,6,3,13,10,8
105,58,24,16,36,27,8
105,59,15,11,19,29,9
105,60,15,9,27,19,24
105,61,3,3,3,0,0
105,84,3,0,3,0,0
105,85,0,0,0,3,6
105,86,3,0,4,0,3
105,88,0,3,0,0,0
105,121,0,3,3,0,0
105,122,8,3,11,16,3
105,123,7,3,7,16,8
105,124,3,0,3,0,0
105,127,0,3,0,3,0
106,12,0,0,0,3,0
106,18,3,0,3,0,0
106,19,0,0,0,3,0
106,22,0,0,3,0,3
106,23,20,5,21,14,4
106,24,21,8,30,17,6
106,25,13,6,14,9,9
106,26,10,3,11,22,12
106,34,3,3,3,3,0
106,35,0,0,0,3,0
106,55,0,0,3,0,0
106,56,3,0,3,0,0
106,57,3,0,13,5,3
106,58,18,23,22,21,8
106,59,22,14,20,20,21
106,60,13,23,37,23,3
106,61,11,4,15,9,11
106,62,14,10,17,9,6
106,63,3,0,0,4,0
106,85,0,0,3,0,0
106,86,0,3,4,7,12
106,88,3,0,3,0,0
106,122,4,0,5,3,3
106,123,0,0,6,4,10
106,124,3,0,4,3,3
106,125,0,0,4,0,3
106,127,3,0,0,3,3
107,13,0,0,0,3,0
107,14,3,0,3,0,3
107,17,0,3,0,3,0
107,22,0,0,0,3,0
107,23,7,3,7,7,3
107,24,5,4,9,3,5
107,25,9,3,10,9,7
107,26,3,3,3,9,8
107,37,0,3,5,3,0
107,56,3,0,3,0,0
107,57,11,3,16,9,7
107,58,12,4,20,9,6
107,59,5,0,8,3,0
107,60,4,32,79,24,6
107,61,8,3,13,7,18
107,62,11,4,13,3,10
107,63,9,3,8,9,3
107,84,3,0,3,0,3
107,85,3,3,6,0,3
107,86,0,0,0,3,0
107,90,0,0,0,3,3
107,91,0,0,0,0,3
107,93,3,0,3,0,0
107,123,3,0,3,3,0
107,124,0,0,3,3,0
107,125,6,6,12,3,4
107,126,0,5,0,6,0
107,127,0,0,0,3,0
108,10,0,0,3,0,0
108,11,0,0,3,0,3
108,19,8,0,0,6,0
108,20,0,0,0,0,3
108,24,4,0,3,0,0
108,25,0,0,4,6,0
108,29,3,0,3,0,3
108,37,3,0,0,3,6
108,39,0,0,3,0,0
108,43,3,0,4,0,0
108,57,11,3,13,12,6
108,58,8,0,12,3,0
108,59,3,8,7,7,4
108,63,3,3,3,3,6
108,77,0,0,3,3,0
108,83,3,0,0,3,3
108,85,3,0,5,0,6
108,90,0,0,3,0,0
108,91,6,3,6,6,7
108,92,3,0,6,4,0
108,93,14,0,18,0,12
108,95,3,3,0,0,0
108,97,0,0,0,3,3
108,124,3,0,3,0,3
108,125,3,0,4,0,3
108,126,9,3,22,6,4
108,127,4,3,3,3,0
109,8,0,0,3,0,0
109,10,3,0,3,0,0
109,13,0,0,3,3,0
109,14,5,3,8,3,3
109,15,0,0,0,3,0
109,16,3,0,3,0,0
109,18,0,0,0,3,0
109,19,0,0,3,0,3
109,24,0,0,3,0,3
109,29,0,0,0,3,0
109,30,0,0,0,0,3
109,40,0,0,3,3,0
109,57,0,0,3,6,6
109,63,0,0,0,0,3
109,64,0,3,0,3,6
109,82,7,0,5,5,6
109,83,0,0,0,3,0
109,84,0,0,0,3,0
109,85,3,0,6,0,3
109,86,0,0,0,3,0
109,91,7,0,7,3,6
109,92,0,0,0,3,0
109,93,6,0,7,9,4
109,94,11,7,20,17,9
109,95,16,6,16,11,7
109,96,8,6,14,6,12
109,97,5,11,15,10,3
109,125,0,0,0,0,3
109,127,3,0,3,0,0
110,0,3,0,3,0,0
110,9,0,0,3,0,0
110,10,0,0,3,0,0
110,12,0,0,3,0,0
110,13,0,0,3,3,3
110,17,0,0,0,3,0
110,20,0,0,0,0,3
110,28,3,0,0,6,0
110,31,0,0,0,0,4
110,32,0,0,0,0,3
110,33,0,0,3,0,3
110,36,0,3,0,3,0
110,37,5,0,4,0,4
110,41,0,3,0,4,0
110,53,0,0,3,0,0
110,56,8,0,5,9,4
110,57,3,0,4,3,3
110,64,3,0,6,3,3
110,70,0,0,0,0,3
110,83,0,3,4,3,0
110,86,0,0,0,0,3
110,91,0,0,3,0,3
110,93,3,6,8,6,0
110,94,9,9,11,12,11
110,95,13,12,21,15,17
110,96,8,12,16,24,12
110,97,7,0,9,6,12
110,98,0,0,6,0,0
110,100,3,0,3,0,0
111,0,0,0,0,0,3
111,8,0,0,0,0,3
111,13,3,0,3,0,0
111,14,3,0,0,0,0
111,15,0,0,0,3,0
111,17,3,0,3,0,3
111,24,0,0,0,3,0
111,26,3,4,3,3,0
111,27,0,0,0,0,3
111,28,4,0,3,0,0
111,31,3,0,3,3,0
111,39,3,4,0,3,0
111,40,3,0,3,0,0
111,55,0,0,0,0,3
111,65,6,0,6,3,0
111,69,0,3,3,6,4
111,73,0,0,3,0,0
111,74,3,0,0,3,3
111,75,3,0,3,3,0
111,79,0,3,0,3,6
111,82,0,0,3,0,3
111,86,0,0,0,0,3
111,87,0,0,4,0,3
111,92,7,0,14,0,3
111,93,7,4,15,12,9
111,94,21,8,22,24,9
111,95,11,8,10,6,0
111,96,7,6,7,5,6
111,97,13,12,18,15,9
111,98,13,6,15,8,6
111,99,0,0,6,6,7
111,100,13,3,25,7,3
111,101,0,0,0,3,0
111,127,0,0,3,3,0
112,0,3,0,3,0,0
112,2,0,0,0,0,3
112,5,0,0,3,0,0
112,6,3,0,3,0,0
112,17,3,0,0,0,0
112,18,3,0,3,0,0
112,21,0,0,0,0,3
112,28,0,0,0,4,0
112,34,0,0,0,3,0
112,40,0,0,3,3,0
112,48,3,0,4,3,3
112,50,3,0,3,0,3
112,51,0,0,3,0,0
112,68,0,0,0,3,3
112,69,3,0,3,0,0
112,70,3,0,0,0,3
112,73,0,0,7,3,0
112,74,3,0,7,7,0
112,82,0,0,0,3,3
112,83,3,0,3,0,0
112,89,3,0,0,3,0
112,90,8,3,3,3,3
112,91,7,3,13,8,15
112,92,6,5,14,13,13
112,93,6,0,7,3,0
112,94,35,10,50,29,0
112,95,0,0,3,0,0
112,96,3,3,3,0,3
112,97,0,5,3,7,0
112,98,9,7,4,7,0
112,99,32,8,22,14,7
112,100,52,17,48,14,0
112,101,0,0,4,3,0
112,102,0,0,0,0,3
113,0,3,3,3,3,3
113,10,0,0,0,0,3
113,12,0,0,0,3,0
113,18,0,0,0,0,4
113,33,0,0,3,0,0
113,40,0,0,3,3,0
113,45,0,0,0,0,3
113,46,0,0,3,0,0
113,47,6,0,6,0,6
113,49,0,0,0,3,0
113,50,0,0,0,3,3
113,53,0,0,3,0,0
113,67,9,0,10,9,9
113,68,4,4,10,0,10
113,73,0,3,0,0,0
113,74,3,22,35,13,3
113,77,0,0,3,0,0
113,89,3,0,3,3,3
113,91,3,0,6,0,3
113,94,6,0,6,6,3
113,98,0,3,0,0,0
113,99,0,0,3,0,0
113,100,3,0,3,0,0
113,102,0,0,0,3,0
114,3,0,0,3,0,3
114,4,3,0,0,0,0
114,5,0,0,0,3,0
114,6,0,0,0,0,3
114,12,0,0,0,0,3
114,15,3,0,3,0,0
114,18,0,0,0,0,3
114,21,0,0,0,0,3
114,31,0,0,0,3,0
114,35,3,4,3,3,3
114,42,0,3,0,3,0
114,47,0,0,0,0,3
114,52,0,3,0,0,3
114,66,0,0,0,4,4
114,67,0,0,0,3,0
114,68,0,0,0,3,0
114,72,0,0,3,3,0
114,74,0,3,0,0,6
114,75,6,0,6,0,0
114,77,0,3,3,0,0
114,78,3,0,3,0,0
114,81,0,0,0,0,3
114,82,0,0,0,3,0
114,87,3,0,0,0,0
114,89,0,3,5,0,0
114,91,0,0,0,0,3
114,95,3,0,0,0,3
114,102,0,0,0,0,3
115,4,6,3,6,3,3
115,7,0,0,4,0,3
115,17,3,0,3,3,0
115,18,3,0,0,0,0
115,19,0,0,3,0,3
115,21,3,0,0,3,3
115,26,0,0,0,0,3
115,32,0,0,3,0,0
115,35,0,3,3,3,3
115,36,0,0,0,3,0
115,40,0,0,0,0,3
115,46,0,0,0,3,0
115,52,0,3,0,3,0
115,71,0,0,3,0,0
115,75,4,0,4,0,3
115,78,0,0,0,3,3
115,79,0,0,0,3,0
115,83,3,0,3,3,0
115,95,0,0,3,0,0
115,103,3,0,7,3,0
115,104,0,6,10,3,3
116,0,0,0,3,0,0
116,6,0,0,3,3,3
116,16,0,0,0,6,0
116,18,3,0,3,0,3
116,23,0,0,3,0,0
116,26,3,0,3,0,0
116,27,3,0,3,0,0
116,28,0,0,0,3,0
116,31,5,0,3,0,0
116,35,3,0,3,0,3
116,36,3,0,6,0,0
116,39,3,0,0,3,0
116,45,0,0,0,0,3
116,46,0,0,6,0,0
116,51,0,0,3,0,0
116,52,0,0,0,3,0
116,65,6,0,6,0,6
116,67,0,0,0,3,0
116,70,0,6,3,6,3
116,71,3,0,3,0,0
116,82,0,0,3,0,0
116,83,0,3,3,5,3
116,88,0,0,0,3,3
116,90,0,0,3,0,6
116,92,0,0,3,0,0
116,95,3,0,4,0,3
116,96,0,0,0,0,3
116,97,0,0,3,0,4
116,102,0,0,0,0,3
116,103,0,0,0,3,0
116,105,6,0,6,0,3
116,106,3,3,6,0,0
117,0,3,0,0,0,3
117,1,3,0,0,0,4
117,4,4,0,3,0,3
117,6,0,0,0,0,3
117,9,0,0,3,3,0
117,15,0,0,3,0,0
117,18,0,0,0,0,3
117,20,0,0,0,3,0
117,31,3,0,3,3,3
117,43,0,4,0,4,0
117,45,0,3,3,3,3
117,46,0,0,0,0,3
117,47,9,0,9,0,0
117,68,0,0,0,3,3
117,69,0,3,0,0,0
117,96,3,6,4,6,3
117,97,6,3,9,11,6
117,98,0,0,0,4,3
117,99,0,0,0,0,3
117,103,0,0,3,0,0
117,104,3,0,3,0,0
117,105,0,3,3,0,0
117,106,0,0,0,3,0
117,107,3,3,8,8,0
117,108,0,0,0,4,3
117,109,0,0,3,3,0
118,1,0,0,0,0,6
118,3,0,0,0,0,3
118,7,3,0,3,0,0
118,10,0,0,0,3,0
118,11,0,0,0,3,0
118,15,0,0,0,3,0
118,16,0,0,0,3,0
118,17,0,3,0,0,3
118,19,3,0,3,3,6
118,20,0,0,0,0,3
118,22,0,0,3,0,0
118,26,0,0,0,0,3
118,33,3,0,5,0,0
118,45,0,0,4,0,0
118,51,0,0,0,0,3
118,59,0,0,0,3,0
118,68,3,0,0,0,0
118,69,0,0,3,4,0
118,70,0,0,3,0,0
118,71,3,0,3,0,3
118,72,3,0,3,0,3
118,79,0,3,0,0,0
118,83,6,0,6,0,0
118,86,0,3,0,0,0
118,96,4,0,3,0,0
118,99,0,0,0,3,0
118,101,0,0,0,3,6
118,104,3,0,3,3,3
118,108,3,0,3,0,3
118,109,4,3,7,6,0
119,3,0,0,0,0,3
119,8,0,0,0,0,3
119,9,0,0,3,0,0
119,26,0,0,6,3,0
119,30,0,0,0,3,3
119,34,0,0,3,0,0
119,35,3,0,0,0,3
119,36,0,0,0,0,3
119,51,0,0,0,3,3
119,58,3,0,3,0,0
119,68,0,0,3,3,0
119,70,3,0,3,0,3
119,75,0,0,0,0,3
119,76,0,0,0,3,0
119,79,0,0,0,3,0
119,80,4,0,4,3,0
119,81,3,3,7,3,3
119,86,0,0,0,0,3
119,98,0,0,0,3,0
119,101,0,3,0,0,3
119,102,0,0,0,0,3
119,103,0,0,0,3,3
119,108,0,0,0,0,3
119,110,3,0,7,3,0
119,111,0,0,0,3,3
119,112,3,0,3,0,0
119,126,0,0,0,3,0
120,7,3,0,6,0,0
120,10,0,0,0,3,0
120,21,0,0,0,3,3
120,35,0,0,0,3,3
120,51,3,0,0,0,0
120,52,0,3,3,3,3
120,80,0,3,3,6,0
120,81,0,3,0,3,0
120,85,0,0,3,0,0
120,86,0,0,3,0,0
120,102,0,3,0,3,3
120,104,0,0,3,3,0
120,107,0,0,0,3,0
120,112,0,0,0,3,3
120,113,0,0,3,6,0
120,114,0,0,3,0,3
121,7,0,0,0,0,3
121,8,0,0,0,0,3
121,9,0,0,5,0,0
121,20,3,0,3,3,3
121,44,3,0,3,0,0
121,45,0,0,3,0,0
121,52,0,0,0,3,0
121,53,0,0,3,0,4
121,54,0,0,0,0,3
121,81,3,0,0,7,0
121,83,0,0,0,6,0
121,84,3,0,3,3,0
121,85,0,3,0,0,3
121,86,3,0,6,3,0
121,94,0,0,9,0,0
121,96,0,0,0,3,0
121,97,5,0,5,3,0
121,98,0,3,6,3,0
121,99,0,0,3,3,0
121,100,0,0,0,0,3
121,102,3,0,3,0,3
121,105,3,0,3,0,3
121,107,0,0,3,0,0
121,110,3,3,3,4,0
121,111,3,0,4,0,6
121,115,0,0,3,0,3
121,116,0,0,3,0,0
121,125,0,0,3,0,0
122,0,0,3,0,0,0
122,1,0,0,3,3,0
122,5,3,0,0,3,0
122,6,8,3,8,0,3
122,8,0,0,4,0,0
122,43,3,0,3,3,3
122,79,3,3,3,3,4
122,80,0,0,4,3,0
122,81,0,3,3,6,0
122,82,0,0,3,0,3
122,83,16,0,20,10,15
122,84,17,5,17,5,12
122,85,3,0,5,5,8
122,95,0,3,3,0,0
122,99,0,3,4,6,3
122,103,3,0,3,0,4
122,106,0,3,0,0,3
122,112,3,0,3,0,3
122,115,0,0,0,3,0
122,116,0,0,4,3,0
122,117,0,0,0,0,3
122,118,3,0,11,4,3
122,127,0,0,0,3,0
123,1,0,0,0,0,6
123,3,5,3,3,6,0
123,6,10,3,15,3,3
123,9,0,0,0,3,3
123,27,0,3,0,0,0
123,42,4,0,4,6,4
123,43,0,0,3,0,0
123,78,0,0,3,0,0
123,81,0,0,0,3,6
123,82,0,0,3,0,3
123,83,4,0,7,9,3
123,84,28,16,45,9,11
123,85,19,3,24,17,6
123,86,3,0,6,0,3
123,87,3,3,0,6,0
123,91,0,0,0,3,0
123,95,0,0,0,3,0
123,99,3,0,3,0,0
123,100,0,0,0,3,3
123,101,0,0,0,3,0
123,102,0,0,0,3,0
123,103,0,0,0,3,0
123,104,0,0,3,0,6
123,105,3,3,3,0,0
123,109,0,4,3,3,0
123,112,3,3,6,3,9
123,117,3,0,6,0,3
123,118,6,0,10,9,3
123,122,0,3,4,4,5
124,7,0,0,0,4,0
124,25,3,0,3,0,3
124,39,0,0,3,0,0
124,42,3,0,3,3,0
124,58,3,0,3,0,3
124,59,0,0,0,3,0
124,60,0,0,0,3,0
124,82,12,3,15,14,7
124,83,15,6,22,9,6
124,84,10,11,18,6,7
124,85,11,3,17,13,6
124,86,3,0,6,3,7
124,87,15,10,20,23,9
124,88,12,3,10,7,4
124,96,0,0,0,0,3
124,97,3,0,0,3,0
124,100,3,0,3,0,0
124,108,3,0,3,3,3
124,109,0,0,3,3,3
124,113,0,0,4,0,0
124,114,0,0,0,0,3
124,116,0,0,0,3,3
124,117,10,0,10,11,7
124,118,0,0,0,3,3
124,119,3,0,3,0,3
124,122,0,3,0,3,0
125,0,0,0,0,3,0
125,1,0,3,0,3,3
125,2,0,0,0,0,3
125,7,0,0,0,0,3
125,9,0,0,3,0,0
125,18,0,0,0,3,0
125,19,0,3,3,3,0
125,20,0,0,3,0,0
125,21,3,0,3,0,0
125,30,3,3,6,0,0
125,31,0,0,3,3,3
125,43,3,0,3,3,3
125,57,3,0,6,0,3
125,59,0,3,0,3,0
125,60,0,0,0,4,3
125,81,3,0,9,3,9
125,82,6,9,9,12,14
125,83,6,10,13,16,6
125,84,6,3,10,7,0
125,85,0,0,0,0,33
125,86,0,3,0,4,4
125,87,12,3,8,24,6
125,88,0,0,3,0,4
125,89,5,0,9,6,7
125,90,0,0,6,3,0
125,109,3,0,3,0,0
125,110,0,0,3,4,6
125,111,6,0,5,8,9
125,112,3,0,3,0,0
125,116,3,6,7,8,0
125,117,3,0,0,3,3
125,121,0,3,0,3,0
125,122,0,3,0,0,0
125,123,3,0,3,0,0
125,124,0,0,3,0,6
126,1,3,0,3,3,0
126,3,0,0,0,3,3
126,17,0,0,3,0,0
126,27,5,3,5,0,3
126,44,3,0,3,0,0
126,45,0,0,0,0,3
126,46,0,0,0,3,0
126,61,3,0,3,0,0
126,80,0,0,6,8,7
126,81,11,10,10,15,6
126,82,3,3,6,4,0
126,83,3,0,3,3,6
126,87,0,0,0,3,0
126,88,5,3,8,8,4
126,89,3,0,11,8,7
126,90,3,3,5,3,3
126,102,3,0,0,3,0
126,108,3,0,3,0,0
126,118,5,6,7,3,9
126,124,3,0,6,0,6
126,125,0,3,3,0,0
126,126,0,0,3,0,0
126,127,0,0,0,3,0
127,3,3,0,3,3,0
127,5,4,0,4,0,0
127,6,4,0,7,0,3
127,11,0,0,3,0,3
127,13,3,0,3,0,0
127,16,0,0,3,0,0
127,18,0,0,0,0,3
127,27,3,0,3,0,0
127,29,0,0,0,3,3
127,55,0,3,0,3,0
127,57,0,3,0,3,0
127,58,0,0,3,0,0
127,80,9,6,9,3,5
127,81,11,3,11,6,5
127,82,9,0,12,10,6
127,83,9,3,12,9,10
127,85,3,0,0,0,0
127,86,0,0,3,0,0
127,90,0,0,0,3,0
127,108,3,0,3,3,3
127,109,3,0,0,3,3
127,118,0,3,0,3,3
127,124,3,0,0,0,0
127,126,10,3,13,7,7