x,y,1,2,3,4,5
0,1,8,12,18,12,3
0,2,16,16,23,14,0
0,3,6,0,3,3,3
0,4,0,0,0,0,3
0,8,0,0,3,0,3
0,9,0,4,4,4,9
0,18,3,0,3,0,0
0,39,7,6,15,18,5
0,40,5,3,10,12,3
0,41,7,4,7,8,10
0,42,7,0,6,0,3
0,43,0,3,6,3,0
0,44,15,3,20,5,7
0,45,3,7,8,5,7
0,73,3,3,3,4,4
0,85,0,0,3,3,3
0,86,3,8,14,5,13
0,87,22,13,15,11,3
0,88,9,12,11,4,9
0,89,11,11,28,25,104
0,90,3,3,3,3,6
0,91,6,0,7,3,3
0,92,6,0,9,3,11
0,93,19,9,27,15,15
0,94,6,4,14,6,18
0,95,8,0,12,9,10
0,96,0,3,5,8,11
0,97,3,3,4,7,8
0,105,0,0,0,0,3
0,119,0,3,0,3,3
0,122,0,3,0,3,0
1,0,7,3,16,5,7
1,1,7,5,9,3,0
1,2,3,0,4,4,7
1,3,4,3,7,11,15
1,4,0,3,0,6,6
1,5,3,3,3,3,6
1,8,0,0,3,0,0
1,9,3,0,3,0,0
1,39,6,6,14,6,0
1,40,18,4,16,13,4
1,41,12,9,15,10,10
1,42,6,6,17,7,5
1,43,3,0,4,5,0
1,44,9,5,12,16,8
1,45,3,0,5,6,12
1,46,0,0,0,0,3
1,73,0,0,0,7,3
1,85,3,5,5,8,3
1,86,8,5,11,17,11
1,87,7,3,8,0,5
1,89,0,0,3,0,3
1,90,0,0,0,0,27
1,91,15,3,8,0,0
1,92,12,8,17,7,8
1,93,5,4,11,15,11
1,94,14,11,21,11,15
1,95,4,3,8,5,12
1,96,0,3,3,10,12
1,97,4,3,4,4,13
2,0,10,4,16,9,3
2,1,4,3,4,4,4
2,2,0,4,4,0,3
2,3,5,6,6,10,12
2,4,3,0,6,11,10
2,5,3,0,4,3,3
2,40,3,4,5,8,7
2,41,15,3,16,9,13
2,42,11,3,9,9,10
2,43,5,8,7,8,7
2,44,4,14,7,25,5
2,45,3,4,4,11,3
2,48,0,0,0,0,3
2,53,3,0,3,0,0
2,73,3,0,3,0,0
2,83,3,0,3,0,0
2,85,3,3,5,3,0
2,86,9,6,15,3,11
2,87,4,4,12,3,15
2,93,10,3,8,3,0
2,94,3,3,3,8,11
2,95,10,3,17,3,4
2,96,6,3,17,3,16
2,97,3,0,5,5,13
2,98,0,0,3,6,5
2,112,3,0,3,0,0
2,120,0,0,0,3,0
3,0,8,3,7,4,8
3,1,3,9,34,34,16
3,2,0,3,3,4,3
3,3,4,3,10,5,9
3,4,0,3,0,4,0
3,5,0,3,0,3,3
3,17,0,3,0,3,0
3,35,0,0,3,0,0
3,40,0,0,0,3,0
3,41,5,3,6,11,12
3,42,10,6,10,7,8
3,43,7,6,10,8,10
3,44,4,6,8,15,4
3,47,0,0,0,3,0
3,48,3,0,3,0,3
3,74,3,3,3,3,3
3,75,0,0,3,0,0
3,82,0,3,3,3,0
3,83,13,0,5,0,0
3,84,17,0,15,3,3
3,85,5,4,10,9,8
3,86,5,4,12,6,6
3,87,0,3,3,7,3
3,90,0,0,4,4,0
3,91,3,0,3,0,3
3,92,3,0,9,9,10
3,93,0,3,3,3,3
3,94,3,8,15,18,11
3,95,5,6,11,10,14
3,96,6,3,10,8,12
3,97,4,3,4,12,6
3,98,0,0,0,4,13
3,104,0,0,3,3,0
3,112,0,0,3,0,0
3,116,0,3,0,4,0
4,0,7,12,21,10,3
4,1,3,3,4,0,4
4,2,0,3,11,8,0
4,3,21,15,30,19,7
4,4,11,0,9,3,0
4,5,5,3,10,6,0
4,6,18,3,18,4,0
4,18,3,0,0,0,0
4,41,9,0,3,5,3
4,42,0,0,3,3,5
4,43,0,3,3,6,0
4,73,4,0,3,0,3
4,81,7,3,7,3,0
4,82,7,3,9,7,3
4,83,24,12,23,18,18
4,84,30,3,25,8,3
4,85,4,3,6,3,15
4,86,3,4,3,6,7
4,87,5,0,11,4,8
4,88,3,3,0,3,6
4,89,6,7,7,7,5
4,90,10,11,17,12,4
4,91,9,0,8,0,0
4,92,0,0,3,0,4
4,94,8,8,15,18,8
4,95,0,0,3,5,11
4,96,0,3,3,8,12
4,97,0,0,0,5,20
4,98,4,3,9,9,10
4,99,11,12,13,13,3
4,101,0,3,0,0,0
4,106,0,0,0,3,0
4,108,0,3,0,3,0
4,117,0,0,0,0,3
5,0,12,10,21,10,9
5,1,6,13,8,6,8
5,2,7,5,14,8,9
5,3,8,15,16,3,0
5,4,26,8,27,11,0
5,5,19,6,22,5,0
5,6,26,6,21,4,0
5,7,0,0,4,0,3
5,41,0,0,0,0,3
5,43,0,0,0,0,3
5,44,0,0,0,0,3
5,77,9,3,9,7,0
5,78,12,4,20,12,8
5,79,9,3,13,3,3
5,80,7,6,12,3,4
5,81,17,0,21,3,0
5,82,14,0,14,0,0
5,83,17,8,11,8,4
5,84,25,3,25,14,3
5,85,9,3,15,3,14
5,86,3,0,5,6,10
5,87,7,3,16,12,5
5,88,11,3,12,7,5
5,89,5,3,8,7,8
5,90,12,4,15,7,0
5,91,15,0,19,3,0
5,92,6,0,5,0,0
5,93,0,3,6,4,5
5,94,4,4,6,4,0
5,95,4,3,6,7,9
5,96,3,3,5,6,11
5,97,3,0,6,5,6
5,98,3,0,4,3,13
5,99,8,12,12,9,4
6,0,3,0,3,0,4
6,1,7,4,11,7,6
6,2,8,6,11,6,51
6,3,9,7,14,6,6
6,4,30,9,36,15,3
6,5,14,3,16,7,0
6,6,19,4,30,3,0
6,7,14,3,23,6,4
6,8,7,3,10,3,3
6,42,3,0,3,0,0
6,43,3,3,8,6,3
6,44,0,3,0,0,0
6,77,4,3,4,6,5
6,78,3,3,3,15,0
6,79,5,7,8,14,5
6,80,19,0,19,3,4
6,81,22,0,22,4,0
6,82,24,3,23,5,0
6,83,20,3,19,5,3
6,84,32,0,23,13,3
6,85,19,0,25,7,7
6,86,0,3,10,3,12
6,87,11,8,21,11,9
6,88,3,3,6,6,4
6,89,5,0,6,10,11
6,90,7,3,13,4,3
6,91,12,0,15,0,0
6,92,0,0,3,0,0
6,95,3,0,3,0,8
6,96,5,6,11,13,11
6,97,3,4,8,11,16
6,98,0,5,4,3,14
6,99,3,0,3,9,12
6,100,4,8,9,8,9
6,101,11,5,18,6,0
6,102,8,3,7,3,0
7,0,0,0,0,3,8
7,1,5,5,8,10,6
7,2,6,8,12,10,13
7,3,7,3,7,0,3
7,4,24,8,32,12,5
7,5,10,5,18,9,0
7,6,11,0,16,3,6
7,7,15,9,19,7,3
7,8,3,6,3,4,0
7,41,0,0,0,0,3
7,76,3,3,5,0,0
7,77,3,0,4,0,5
7,78,3,5,5,18,0
7,79,9,13,9,19,3
7,80,14,4,10,7,0
7,81,28,6,35,3,3
7,82,30,9,24,11,0
7,83,17,3,17,7,0
7,84,29,8,33,16,0
7,85,21,0,28,7,0
7,86,4,3,6,5,13
7,87,4,3,17,10,7
7,88,5,6,23,9,4
7,89,4,0,6,3,3
7,90,9,3,7,5,10
7,96,0,0,0,0,3
7,97,3,0,3,0,3
7,98,0,0,4,7,8
7,99,6,4,7,11,7
7,100,5,0,4,17,8
7,101,18,5,22,11,0
7,102,11,4,15,3,0
7,113,0,0,3,0,3
7,115,0,0,0,3,0
8,0,11,8,20,14,25
8,1,5,5,11,6,15
8,2,11,7,22,11,8
8,3,16,0,22,3,3
8,4,8,7,13,13,4
8,5,19,8,29,8,0
8,6,20,5,32,9,3
8,7,13,9,16,14,7
8,8,0,0,3,0,0
8,74,3,0,0,0,0
8,76,0,0,3,0,0
8,77,0,0,3,4,7
8,78,9,3,7,9,5
8,79,9,15,13,19,3
8,80,8,10,13,10,0
8,81,9,3,14,6,0
8,82,9,3,9,3,0
8,83,16,3,10,5,0
8,84,19,8,20,10,3
8,85,19,3,22,8,6
8,86,0,3,4,9,14
8,87,7,4,9,13,13
8,88,15,17,21,18,7
8,89,3,3,6,3,5
8,90,3,0,4,4,13
8,91,3,0,3,3,4
8,98,0,4,3,6,4
8,99,12,7,11,13,6
8,100,6,3,6,12,0
8,101,23,5,23,8,3
8,102,17,5,22,5,0
8,103,0,0,0,3,0
9,0,4,0,8,6,10
9,1,3,3,6,13,10
9,2,10,12,18,14,8
9,3,4,0,4,0,0
9,4,9,9,15,10,4
9,5,20,5,19,4,3
9,6,5,3,4,6,0
9,66,3,0,5,0,0
9,75,5,0,6,0,0
9,76,0,0,4,0,0
9,77,3,6,8,12,4
9,78,8,11,11,25,3
9,79,11,5,10,5,4
9,80,15,21,35,16,0
9,81,4,11,9,14,3
9,82,11,7,12,15,3
9,83,15,0,13,3,0
9,84,17,5,22,9,0
9,85,14,5,13,9,6
9,86,6,0,10,4,7
9,87,6,4,13,3,19
9,88,3,3,6,8,8
9,89,7,5,12,6,14
9,90,5,12,11,4,10
9,91,11,12,16,3,11
9,99,4,4,4,4,0
9,100,12,0,10,6,0
9,101,20,3,25,5,0
9,102,7,0,10,3,0
9,103,3,0,3,0,0
9,105,3,0,3,0,3
9,118,0,0,3,3,0
9,121,0,0,0,0,3
10,0,5,3,8,12,3
10,1,9,5,13,12,7
10,2,7,13,14,19,7
10,3,8,0,7,4,5
10,4,3,0,9,3,0
10,25,3,0,3,0,0
10,26,0,3,0,0,0
10,27,0,0,0,3,0
10,55,0,0,5,3,3
10,60,0,0,0,0,3
10,61,3,3,8,3,0
10,62,3,0,3,0,0
10,66,3,3,3,3,0
10,76,3,3,0,4,0
10,77,3,6,6,3,4
10,78,0,0,0,3,4
10,79,10,4,7,19,0
10,80,10,7,10,14,0
10,81,10,19,11,17,0
10,82,5,5,6,8,0
10,83,3,0,4,0,0
10,85,3,0,3,5,11
10,86,0,0,0,4,6
10,87,11,4,15,10,11
10,88,9,6,10,9,8
10,89,11,16,11,8,5
10,90,6,9,14,12,11
10,91,6,0,6,8,9
10,100,0,0,0,0,3
10,101,15,0,20,3,0
11,0,4,16,3,21,5
11,1,3,5,6,10,3
11,2,3,4,3,5,3
11,11,0,0,0,0,3
11,17,0,3,0,3,3
11,62,3,0,0,3,0
11,63,0,4,0,3,0
11,64,3,0,0,0,0
11,65,0,0,0,3,0
11,75,3,0,0,3,0
11,79,0,0,0,5,0
11,80,9,5,9,20,3
11,81,0,0,3,12,5
11,82,0,3,3,7,4
11,85,6,4,10,5,7
11,86,7,0,10,7,10
11,87,3,0,3,10,12
11,88,10,6,10,7,17
11,89,12,14,13,9,11
11,90,0,3,3,3,3
11,91,0,0,3,0,0
11,92,3,3,3,0,3
12,17,0,0,0,3,0
12,22,3,0,3,0,0
12,42,3,0,0,0,0
12,63,0,0,0,3,0
12,77,3,0,3,0,0
12,80,3,0,4,6,3
12,84,3,0,3,3,0
12,85,7,0,5,0,10
12,86,4,0,5,4,8
12,87,3,3,8,11,13
12,88,3,3,8,10,7
12,89,5,3,5,5,12
12,90,10,9,14,11,3
12,91,0,0,3,3,0
12,92,7,0,6,0,3
12,93,0,0,3,0,0
13,12,0,0,0,3,0
13,40,0,3,0,4,0
13,56,3,0,3,0,0
13,73,0,0,0,3,0
13,84,3,0,4,0,3
13,85,0,0,3,6,12
13,86,9,3,8,14,7
13,87,5,3,9,9,12
13,88,5,3,6,9,5
13,89,0,0,0,3,0
13,90,0,3,4,4,3
13,93,3,0,3,3,0
13,107,3,0,3,0,0
14,17,0,0,3,0,0
14,32,3,0,5,0,0
14,39,0,0,0,0,3
14,46,0,0,0,3,0
14,57,0,0,3,3,0
14,74,3,0,3,0,0
14,85,3,0,3,7,7
14,86,0,0,0,3,4
14,88,3,0,3,0,0
14,92,0,0,0,0,3
14,93,3,0,3,0,0
14,94,0,0,3,3,0
14,104,3,0,3,0,0
14,106,0,0,0,3,3
15,8,3,3,0,0,0
15,31,0,0,0,3,0
15,37,3,0,6,0,0
15,48,3,0,3,0,0
15,93,0,0,3,0,0
15,113,0,0,3,0,3
15,122,0,0,0,0,4
16,23,3,0,3,4,0
16,25,0,0,3,0,3
16,93,0,0,0,3,0
16,94,0,0,0,0,3
17,20,3,0,5,3,0
17,50,0,0,5,0,11
17,51,0,0,0,3,0
17,85,0,0,3,3,0
17,94,4,0,5,0,0
17,95,3,0,3,0,0
17,112,0,0,0,3,0
17,117,0,0,0,0,3
17,126,3,0,3,0,0
18,4,3,3,0,0,0
18,17,0,0,0,3,0
18,31,0,0,3,0,0
18,95,0,0,3,0,0
18,124,3,0,3,0,0
19,15,3,0,4,0,3
19,24,3,0,3,0,0
19,26,0,0,3,3,0
19,31,0,0,3,0,0
19,32,0,3,0,3,0
19,50,0,39,43,79,54
19,90,0,0,3,3,0
19,105,0,0,3,0,0
19,108,0,3,3,0,0
19,125,3,0,0,0,0
20,29,0,0,3,0,0
20,92,0,3,3,0,0
20,114,3,0,3,3,0
21,1,3,0,5,0,0
21,87,0,0,0,3,0
21,88,3,0,3,0,0
21,95,0,0,0,3,0
21,111,0,0,0,0,3
22,69,0,0,3,0,0
22,73,3,0,3,0,0
22,96,0,0,0,3,0
23,31,0,0,3,3,3
23,67,3,0,3,0,3
23,74,3,0,3,0,3
23,104,3,0,3,0,3
24,9,0,0,3,0,3
24,25,3,0,3,0,3
24,26,0,0,0,3,0
24,50,0,3,0,3,0
24,72,0,0,3,0,0
24,102,0,0,3,0,3
24,107,0,0,0,3,0
24,110,4,0,6,0,0
25,8,0,0,3,0,0
25,22,3,0,3,0,0
25,39,0,0,3,0,3
25,50,0,3,0,3,0
25,108,0,3,0,0,0
25,121,5,0,5,0,0
25,124,0,0,0,3,0
26,31,3,0,3,0,3
26,34,0,0,3,0,0
26,35,0,3,5,3,0
26,39,0,0,3,0,0
26,95,3,0,4,3,0
26,106,3,0,3,0,3
27,4,3,0,0,3,0
27,21,4,0,4,0,0
27,41,0,0,0,0,3
27,69,0,3,0,0,0
27,77,3,0,0,0,0
27,91,0,0,0,3,0
27,118,4,0,4,0,3
28,14,0,0,0,3,3
28,15,3,0,3,0,0
28,45,3,0,0,0,0
28,66,3,0,3,0,3
28,81,0,0,3,0,3
28,83,0,0,0,0,3
28,108,0,0,3,0,0
29,46,0,0,0,3,0
29,72,0,0,3,0,0
29,80,0,0,3,0,3
29,90,0,3,0,0,0
29,105,0,0,3,0,0
30,30,0,0,3,0,0
30,51,3,0,3,0,3
30,54,0,0,3,0,3
30,61,3,0,0,3,0
30,107,0,3,3,0,3
31,9,0,3,0,3,0
31,32,3,4,7,0,3
31,34,0,3,0,0,0
31,38,3,0,3,0,3
31,73,3,0,3,0,0
31,111,5,3,6,4,0
31,112,6,3,7,3,3
32,13,0,0,3,0,0
32,46,3,0,0,0,0
32,52,3,0,3,0,3
32,59,3,0,3,0,0
32,68,0,0,0,3,0
32,111,6,0,9,3,0
32,112,6,0,4,0,0
33,87,0,0,0,3,0
33,93,3,0,4,0,0
33,109,9,3,5,3,3
33,110,3,0,7,6,0
33,111,5,0,5,3,0
33,112,8,4,12,5,3
34,42,3,0,3,0,4
34,84,3,0,3,0,0
34,109,7,8,7,9,13
34,110,6,3,11,6,7
34,111,6,3,7,3,5
34,112,12,0,10,7,18
34,113,0,0,0,3,0
34,127,0,0,0,3,0
35,26,0,0,6,4,0
35,27,0,3,7,5,0
35,30,0,0,3,0,0
35,41,0,0,3,3,0
35,42,0,0,3,0,3
35,53,3,0,3,0,0
35,56,0,3,0,3,0
35,66,4,0,3,0,0
35,75,0,4,0,3,0
35,89,3,0,3,0,0
35,109,6,3,7,9,3
35,110,8,0,5,9,10
35,112,5,6,10,6,3
35,113,6,3,11,3,5
36,14,0,3,0,0,0
36,20,0,0,0,0,3
36,21,3,0,3,0,0
36,25,5,3,9,0,0
36,26,12,0,11,4,0
36,27,9,0,13,0,0
36,48,0,3,0,0,0
36,52,4,0,3,0,0
36,65,0,0,0,3,0
36,108,14,8,11,13,0
36,109,8,0,15,9,3
36,110,5,12,5,9,0
36,111,18,3,20,8,6
36,112,5,10,4,11,4
36,113,3,0,4,0,3
37,2,0,0,3,3,0
37,25,0,0,3,3,0
37,26,8,0,18,3,3
37,27,0,0,4,3,0
37,73,0,3,0,3,0
37,78,3,0,3,0,0
37,79,0,3,3,0,0
37,82,3,0,3,0,3
37,108,7,0,8,3,4
37,109,0,3,3,3,4
37,110,3,4,5,6,3
37,113,3,0,0,0,0
38,16,3,0,3,0,0
38,17,3,0,5,0,0
38,24,10,0,10,0,0
38,25,16,0,23,0,0
38,26,22,0,24,3,3
38,27,4,0,6,0,0
38,71,0,0,3,0,0
38,86,0,0,3,0,0
38,103,3,0,3,0,0
38,120,0,0,3,0,0
39,11,0,0,0,3,0
39,13,0,0,0,0,3
39,16,3,0,3,3,0
39,17,5,4,11,3,0
39,24,21,3,15,0,0
39,25,11,3,16,3,3
39,53,3,0,3,0,3
39,64,0,0,0,0,3
39,90,3,0,3,0,0
39,106,0,0,3,0,0
39,114,0,0,0,3,0
39,117,0,0,0,3,0
39,122,0,0,3,0,0
40,6,0,3,3,3,0
40,7,0,3,3,0,0
40,10,0,0,0,3,0
40,12,0,3,0,3,0
40,17,10,0,15,3,3
40,20,0,0,3,0,3
40,21,0,0,3,4,3
40,22,3,0,3,6,3
40,24,6,0,9,3,3
40,25,9,3,16,8,5
40,26,8,9,8,7,0
40,27,3,0,0,3,0
40,67,0,6,3,3,0
40,86,0,0,0,3,3
40,91,0,0,0,0,3
40,122,0,0,3,0,0
41,8,0,3,0,0,3
41,9,3,0,3,3,0
41,13,3,0,3,0,0
41,17,0,3,3,5,4
41,18,6,0,6,14,6
41,19,3,3,6,10,5
41,20,3,4,7,18,6
41,21,3,4,4,12,5
41,22,7,3,14,14,3
41,24,0,0,4,3,0
41,25,6,8,12,11,3
41,26,11,5,16,12,4
41,27,3,0,3,0,0
41,53,0,3,3,0,0
41,79,3,0,5,0,3
41,80,0,0,0,0,3
41,86,0,0,0,0,3
41,93,3,3,3,0,3
41,108,0,0,0,0,3
41,127,3,0,3,0,0
42,4,0,0,0,3,0
42,15,0,3,0,4,0
42,16,0,0,0,3,0
42,17,0,0,0,5,3
42,18,0,3,4,5,13
42,19,3,3,7,6,16
42,20,9,9,14,10,12
42,21,6,7,12,12,15
42,22,3,0,4,4,4
42,23,0,0,0,3,0
42,24,0,0,3,0,0
42,25,18,7,29,3,3
42,26,7,3,10,9,4
42,119,3,0,0,0,0
43,8,5,0,3,0,3
43,15,0,3,0,3,0
43,17,3,7,7,11,14
43,18,3,3,6,5,3
43,19,6,4,12,7,15
43,20,9,3,16,5,11
43,21,7,13,18,13,11
43,22,4,3,17,15,12
43,25,5,0,7,0,0
43,26,3,0,3,0,3
43,81,0,0,0,0,3
43,113,3,0,3,0,0
43,117,0,3,0,0,0
44,15,3,3,3,0,0
44,17,0,0,0,7,5
44,18,4,5,8,16,18
44,19,8,3,16,10,11
44,20,3,0,3,5,3
44,21,0,0,3,6,5
44,22,7,4,9,11,0
44,23,0,3,0,3,0
44,55,0,0,0,3,0
44,98,0,0,0,3,0
44,115,0,3,0,3,0
45,3,0,0,0,3,3
45,8,0,0,3,0,0
45,17,3,3,3,7,7
45,18,5,5,17,12,16
45,19,13,4,12,7,5
45,20,10,3,12,6,9
45,21,10,9,10,14,3
45,22,15,9,10,19,4
45,23,7,3,12,6,8
45,106,0,0,3,0,0
45,107,3,0,4,0,0
45,112,0,0,3,0,0
46,8,0,3,0,0,3
46,17,0,4,3,5,7
46,18,7,4,9,5,9
46,19,4,3,6,3,4
46,20,3,3,4,4,0
46,21,4,12,12,17,4
46,22,4,0,5,4,3
46,52,3,0,3,0,0
47,20,3,3,3,3,0
47,23,0,0,0,3,0
47,31,0,5,3,3,0
47,84,0,0,4,0,0
47,112,0,3,0,0,0
47,116,0,0,3,0,0
47,119,3,0,3,0,3
47,120,0,0,3,0,3
48,0,0,0,0,3,0
48,21,0,3,0,3,0
48,25,3,0,3,0,3
48,26,0,0,0,0,3
48,27,0,0,0,3,0
48,61,0,0,3,0,0
48,106,3,0,3,0,0
48,113,3,0,0,3,0
49,9,0,0,0,3,0
49,17,0,0,0,3,0
49,26,0,0,3,3,0
49,31,0,3,0,3,3
49,53,4,3,4,0,0
49,79,0,0,3,0,3
50,26,0,0,0,0,3
50,32,4,3,3,0,0
50,98,0,0,3,0,0
51,6,0,0,3,0,0
51,24,0,0,3,0,0
51,25,3,0,3,0,0
51,27,3,0,3,0,0
51,40,3,0,3,0,3
51,57,0,3,3,0,0
51,122,0,0,3,0,0
52,37,3,3,0,3,3
52,39,0,0,3,0,3
52,88,0,0,3,0,0
52,98,0,0,0,3,0
52,119,0,3,0,3,0
53,16,3,3,3,3,0
53,17,0,0,0,3,0
53,18,0,0,3,0,3
53,41,0,0,3,0,0
53,42,0,0,3,0,3
53,49,0,0,0,0,3
53,61,3,0,3,0,0
53,85,0,0,3,0,0
53,87,0,0,0,3,0
54,10,0,0,0,0,3
54,15,3,0,3,0,3
54,17,3,0,3,0,3
54,31,0,0,3,3,0
54,37,0,0,0,0,3
54,38,0,0,0,3,0
54,39,0,0,3,0,0
54,40,3,0,3,0,4
54,109,0,3,0,3,0
54,115,0,0,3,0,0
55,19,0,0,3,0,3
55,20,0,0,0,3,0
55,36,0,3,0,0,0
55,52,0,0,3,0,0
55,54,0,3,0,0,0
55,70,0,3,0,0,0
55,96,0,0,0,0,3
56,19,3,0,3,3,3
56,37,0,0,0,0,3
56,93,0,0,0,0,3
56,97,0,0,3,0,0
56,103,3,0,3,0,0
56,107,0,0,3,0,3
57,12,0,0,0,0,3
57,14,0,0,3,0,3
57,33,3,0,3,0,0
57,34,0,0,0,3,0
57,46,0,0,3,0,0
57,62,3,0,3,0,3
57,65,0,4,3,3,0
57,80,3,0,3,3,3
57,99,0,0,0,0,3
57,101,0,0,3,0,0
57,102,0,3,0,3,0
57,118,0,3,0,3,0
57,126,0,0,0,3,0
58,117,0,0,0,3,0
58,121,3,0,3,0,0
59,4,0,3,0,3,0
59,27,0,4,0,3,5
59,29,0,0,3,3,0
59,56,3,0,3,0,0
59,57,3,3,3,0,0
59,63,0,3,3,0,3
59,85,0,0,3,0,0
59,91,0,3,0,3,0
60,25,0,0,0,0,5
60,72,0,0,4,0,3
60,75,0,3,0,3,0
60,118,0,0,3,0,0
60,123,3,0,3,0,0
61,16,3,0,5,3,0
61,40,3,0,3,0,3
61,54,4,0,3,0,3
61,59,0,0,3,0,0
61,74,0,3,0,3,0
61,103,0,0,4,0,0
61,109,0,3,0,3,0
62,52,0,0,3,0,3
62,55,0,3,3,0,0
62,58,3,0,4,0,0
62,61,3,0,3,3,3
62,90,0,0,3,3,0
62,91,0,0,0,0,3
63,9,0,0,3,0,0
63,23,0,0,3,0,0
63,32,3,0,3,0,0
63,58,0,0,3,3,0
63,61,4,3,4,3,0
63,72,0,0,0,3,0
63,78,0,0,0,3,0
63,112,3,0,3,0,3
64,42,0,0,3,3,0
64,70,0,0,0,0,3
64,72,0,0,0,3,0
64,89,3,0,0,0,0
64,93,0,0,0,0,3
64,108,3,0,0,0,3
64,110,3,3,0,0,0
65,54,0,3,0,3,0
65,68,0,0,3,3,3
65,69,0,0,0,3,0
65,72,0,0,3,0,0
66,27,3,0,3,0,0
66,28,4,3,4,3,0
66,30,3,0,3,0,0
66,43,0,0,0,0,3
66,54,3,0,3,0,3
66,59,0,0,0,0,3
66,60,0,0,3,0,3
66,64,3,0,3,0,3
66,65,5,3,6,0,3
66,67,3,3,3,4,5
66,72,0,0,0,0,3
66,82,3,0,0,0,0
66,99,0,0,0,3,0
66,117,0,0,3,0,0
67,14,0,0,3,0,0
67,26,0,0,0,3,0
67,28,3,0,3,0,3
67,37,0,3,0,3,0
67,67,0,0,3,4,3
67,107,3,3,4,0,3
68,26,0,3,0,3,0
68,36,0,0,3,0,0
68,51,3,0,3,0,3
68,56,4,0,5,3,3
68,67,3,3,4,3,6
68,80,0,0,0,0,3
68,101,0,0,3,0,0
69,9,0,0,3,0,0
69,24,3,0,3,0,0
69,29,3,4,4,4,0
69,34,0,0,0,3,3
69,35,3,0,6,3,0
69,56,0,3,0,0,0
69,60,0,3,0,0,0
69,67,0,4,7,0,5
69,91,0,0,0,0,3
69,95,0,0,0,3,0
69,107,0,0,0,3,0
69,126,3,0,0,5,0
70,4,3,0,3,0,3
70,7,0,0,0,3,0
70,18,0,0,3,0,0
70,27,3,0,4,0,0
70,28,0,4,3,3,0
70,29,22,6,12,5,5
70,30,3,8,8,10,5
70,31,4,4,4,3,5
70,32,0,0,0,0,3
70,58,0,3,0,3,0
70,71,3,0,0,0,0
70,73,4,3,4,0,3
70,74,4,0,5,0,0
70,76,0,0,0,3,0
70,91,0,0,3,3,0
70,110,3,0,3,0,3
70,115,3,0,3,3,3
71,5,0,0,0,3,0
71,8,0,0,3,0,0
71,27,4,0,4,3,0
71,28,9,0,13,4,0
71,29,6,5,5,4,0
71,30,0,4,5,13,10
71,31,5,7,13,10,17
71,32,5,0,6,3,0
71,74,4,0,3,0,0
72,0,0,0,0,3,0
72,8,0,0,3,0,0
72,26,0,0,3,0,3
72,28,28,10,33,15,11
72,29,13,5,23,11,10
72,30,4,5,10,17,10
72,31,21,16,17,8,12
72,32,21,3,27,3,6
72,46,0,0,0,0,3
72,56,0,0,0,3,0
72,84,5,0,3,0,0
72,120,0,0,0,3,0
72,123,0,0,0,0,3
73,8,3,3,4,0,0
73,13,3,0,6,0,3
73,14,0,0,3,0,3
73,18,3,0,5,3,0
73,19,4,3,4,4,0
73,20,27,3,24,7,4
73,21,0,0,3,3,0
73,22,8,3,12,4,3
73,23,0,5,3,8,3
73,24,6,3,13,3,3
73,25,0,3,0,3,0
73,27,6,3,6,3,0
73,28,7,3,14,4,22
73,29,3,9,15,11,9
73,30,4,6,17,29,23
73,31,8,3,8,7,15
73,32,21,12,27,7,0
73,56,0,0,0,0,4
73,62,3,0,3,3,0
73,66,0,0,0,3,0
73,67,0,0,3,3,3
73,74,3,0,4,0,0
73,84,4,0,3,0,0
73,110,0,0,3,0,3
74,14,6,0,6,8,8
74,15,0,0,3,0,0
74,17,3,0,4,3,0
74,18,22,0,19,0,0
74,19,21,4,31,3,0
74,20,13,0,19,3,0
74,21,0,3,0,5,6
74,22,21,8,24,17,8
74,23,12,12,13,20,4
74,24,22,5,24,16,5
74,25,25,10,23,17,4
74,26,3,3,6,4,0
74,27,0,0,0,3,16
74,28,6,3,18,9,70
74,29,12,21,24,15,5
74,30,33,36,38,24,25
74,31,6,0,8,10,10
74,32,19,3,22,4,0
74,38,0,3,0,0,0
74,43,0,3,0,0,0
74,47,0,0,0,3,0
74,56,0,0,0,3,0
74,63,3,0,3,3,0
74,68,0,0,0,0,3
74,91,0,0,0,3,0
74,112,3,0,4,3,0
75,5,3,0,3,0,0
75,10,0,0,0,3,0
75,11,0,3,0,0,0
75,15,0,3,3,5,0
75,16,0,0,0,0,3
75,18,9,0,11,4,0
75,19,21,0,24,3,0
75,20,6,0,9,0,0
75,21,19,6,18,11,5
75,22,5,5,14,24,6
75,23,17,11,18,21,8
75,24,20,8,19,22,10
75,25,22,14,27,23,13
75,26,6,5,11,16,5
75,27,3,0,5,4,5
75,28,0,0,0,3,0
75,29,0,4,9,0,3
75,30,13,6,16,3,8
75,31,7,0,7,5,7
75,32,4,0,4,4,0
75,52,0,0,3,0,3
75,58,3,3,6,7,3
75,59,3,3,8,10,4
75,60,3,7,3,11,7
75,61,6,4,7,6,5
75,66,3,0,3,0,3
75,68,5,0,4,0,0
75,74,0,0,0,0,3
75,83,0,3,0,3,0
76,16,3,4,5,0,4
76,18,4,0,3,0,0
76,19,19,6,21,0,3
76,20,14,4,17,3,4
76,21,33,11,28,12,4
76,22,17,5,19,19,7
76,23,24,17,20,28,5
76,24,29,8,26,9,3
76,25,16,9,22,20,9
76,26,6,4,11,9,4
76,27,0,0,4,5,3
76,29,0,0,3,3,3
76,30,16,5,15,11,21
76,31,33,13,36,13,0
76,32,10,3,13,9,0
76,45,3,0,3,0,3
76,52,0,0,3,0,0
76,54,0,3,0,3,0
76,56,0,0,0,3,0
76,57,0,5,3,14,9
76,58,3,6,10,13,19
76,59,9,3,18,9,14
76,60,11,6,12,15,15
76,61,3,3,4,10,10
76,68,0,0,0,4,3
76,71,5,3,4,3,0
76,91,3,0,4,0,0
76,100,0,0,0,0,3
76,111,3,0,3,0,0
76,117,3,0,3,0,0
77,8,3,0,3,0,0
77,16,0,0,3,0,3
77,17,5,3,3,4,3
77,18,4,3,8,6,7
77,19,9,0,8,5,5
77,20,10,6,10,3,3
77,21,5,0,7,7,0
77,22,10,3,17,12,5
77,23,7,5,6,9,5
77,24,3,0,5,0,7
77,25,5,7,9,10,11
77,26,0,3,8,3,4
77,27,12,6,11,8,12
77,28,0,4,3,4,4
77,29,21,16,18,10,5
77,30,22,18,20,8,10
77,31,30,6,19,0,0
77,32,0,4,5,3,3
77,43,0,0,3,0,3
77,52,0,0,0,3,3
77,53,0,0,4,3,0
77,54,4,4,11,0,3
77,56,3,6,20,6,3
77,57,0,8,10,11,9
77,58,3,5,5,12,17
77,59,9,0,10,17,15
77,60,0,7,4,23,10
77,61,9,7,5,6,3
77,69,0,0,0,0,3
77,73,0,0,0,6,0
77,74,0,0,5,0,0
77,100,4,0,3,0,0
77,106,4,0,3,0,0
77,109,0,0,3,0,3
77,111,3,0,3,0,3
77,124,3,0,3,3,0
78,2,3,0,3,0,0
78,17,3,0,5,0,0
78,20,0,0,3,3,4
78,21,14,3,17,8,6
78,22,4,5,8,9,9
78,23,11,3,13,3,7
78,24,0,3,3,3,11
78,25,15,14,22,12,10
78,26,3,3,6,5,15
78,27,4,4,10,4,7
78,28,5,8,13,11,3
78,29,6,11,32,27,24
78,30,0,0,3,7,3
78,36,0,3,0,3,0
78,44,0,0,3,3,3
78,48,3,0,3,0,0
78,49,0,0,3,0,0
78,50,6,0,6,3,0
78,54,3,3,5,0,4
78,55,0,3,5,0,3
78,56,19,17,28,26,15
78,57,7,9,7,14,6
78,58,5,12,5,14,7
78,59,0,0,3,4,8
78,68,0,0,3,0,0
78,69,3,4,3,0,0
78,70,0,0,3,3,0
78,74,0,0,0,3,0
78,75,0,0,4,0,0
78,108,0,3,0,3,3
79,2,0,0,3,0,3
79,11,0,0,0,3,0
79,17,0,3,0,0,4
79,20,3,3,4,8,3
79,21,13,6,16,3,10
79,22,0,0,6,3,5
79,23,11,3,7,8,7
79,24,7,6,14,14,18
79,25,8,8,15,16,24
79,26,9,8,13,13,13
79,27,7,3,8,0,6
79,49,3,4,8,3,3
79,51,0,3,3,0,0
79,52,0,0,0,0,3
79,53,0,0,3,3,0
79,55,0,0,0,0,6
79,56,3,7,13,13,12
79,57,15,11,27,9,8
79,58,0,0,4,6,5
79,59,5,0,4,3,7
79,64,0,0,0,3,0
79,67,3,0,3,0,0
79,68,0,0,3,3,0
79,69,0,3,3,0,3
79,70,0,4,4,3,4
79,75,0,3,0,0,0
79,103,0,0,0,3,0
79,124,0,0,0,0,3
80,3,0,0,3,3,3
80,6,0,0,0,0,3
80,8,3,0,3,0,0
80,19,0,0,3,0,3
80,20,6,0,8,6,5
80,21,7,5,16,5,14
80,22,4,4,7,10,4
80,23,8,4,7,6,11
80,24,0,0,3,7,18
80,25,0,0,0,4,5
80,34,0,3,0,3,0
80,48,0,0,3,0,0
80,51,3,8,8,4,3
80,53,0,0,4,0,0
80,55,0,0,3,3,14
80,56,7,3,9,0,12
80,57,10,8,14,14,12
80,58,49,19,31,10,6
80,59,9,4,9,3,4
80,61,4,4,7,6,3
80,63,4,4,5,3,6
80,64,7,6,9,10,6
80,65,19,20,24,7,3
80,66,3,4,7,6,10
80,67,6,5,8,3,0
80,70,0,0,3,3,3
80,74,4,0,3,0,0
80,78,3,3,3,0,0
80,84,3,0,5,3,0
80,95,0,3,3,0,0
80,96,0,0,3,0,0
80,105,3,0,3,0,0
81,3,0,3,0,3,0
81,10,0,0,3,0,3
81,18,0,0,0,0,3
81,19,0,0,0,3,3
81,20,3,3,3,0,4
81,21,7,5,18,3,9
81,22,6,7,10,18,12
81,36,0,3,0,3,0
81,50,3,5,5,5,3
81,51,0,0,4,0,0
81,52,0,0,0,0,4
81,53,3,0,3,0,0
81,54,3,0,3,0,3
81,55,3,6,3,0,17
81,56,3,8,6,5,12
81,57,8,4,13,5,16
81,58,40,22,33,15,14
81,59,7,27,27,15,20
81,60,8,6,18,7,9
81,61,7,6,18,9,6
81,62,3,0,4,3,8
81,63,13,3,12,5,3
81,64,3,3,7,10,6
81,65,18,11,29,9,7
81,66,0,3,5,3,0
81,67,4,0,6,0,3
81,70,4,0,4,0,3
81,102,3,0,6,0,0
81,113,0,0,3,0,0
81,114,0,0,0,3,0
81,116,4,0,4,0,3
82,11,0,0,0,3,0
82,21,7,5,7,4,3
82,22,5,8,14,13,3
82,23,4,0,4,3,0
82,31,4,0,4,0,0
82,44,0,0,0,0,3
82,51,0,0,0,0,3
82,52,0,4,3,3,0
82,53,3,3,9,3,0
82,54,11,0,7,3,0
82,55,6,3,6,4,9
82,56,5,3,7,14,10
82,57,8,8,10,7,9
82,58,6,5,19,20,14
82,59,9,12,7,19,16
82,60,3,23,25,14,28
82,61,7,5,13,0,0
82,62,10,18,30,14,10
82,63,4,6,15,12,17
82,64,10,0,11,9,4
82,65,0,6,9,8,18
82,94,0,0,0,0,3
82,113,3,0,3,0,0
83,21,3,0,3,3,6
83,22,3,5,6,3,4
83,23,3,0,3,0,0
83,29,0,0,3,0,0
83,31,0,0,5,0,4
83,49,6,3,6,3,3
83,50,0,0,3,0,0
83,51,0,0,0,3,0
83,52,0,0,0,0,7
83,53,0,0,0,3,0
83,55,3,0,4,0,10
83,56,3,0,4,3,10
83,57,0,3,3,4,16
83,58,3,4,7,7,13
83,59,14,13,32,13,15
83,60,7,21,23,7,6
83,61,16,11,26,12,3
83,62,15,12,19,7,8
83,63,8,6,8,6,4
83,64,31,5,31,10,3
83,65,8,7,9,5,3
83,67,0,0,0,4,0
83,68,0,3,0,3,0
83,92,3,3,3,3,0
83,108,3,0,3,0,0
83,120,0,0,3,0,0
83,126,0,0,3,0,3
84,21,8,8,12,6,6
84,22,3,3,3,6,4
84,34,0,0,0,0,3
84,41,0,3,0,3,0
84,50,3,3,13,3,3
84,51,3,5,7,7,0
84,52,0,0,0,0,3
84,53,3,3,5,3,4
84,54,7,3,17,5,3
84,55,4,4,7,3,13
84,56,7,3,7,8,4
84,57,0,0,0,4,12
84,58,3,3,0,6,13
84,59,12,6,28,12,10
84,60,12,4,16,14,6
84,61,9,22,26,17,15
84,62,4,0,5,5,6
84,63,0,0,0,0,3
84,64,15,0,11,3,0
84,65,13,5,20,4,0
84,71,0,0,3,0,0
84,108,0,3,0,3,3
84,115,0,0,0,3,0
85,15,0,0,3,0,3
85,19,0,3,0,3,0
85,25,4,0,3,0,3
85,37,0,0,3,0,0
85,52,3,3,4,0,0
85,53,0,5,9,0,0
85,54,11,11,12,11,7
85,55,8,6,11,5,17
85,56,16,21,24,19,9
85,57,26,13,31,21,15
85,58,13,13,24,16,12
85,59,6,7,10,12,14
85,60,7,4,7,9,7
85,61,6,19,16,11,12
85,62,3,9,10,8,3
85,63,31,3,30,5,5
85,64,15,3,21,3,0
85,65,35,0,26,6,0
85,66,23,3,22,3,0
85,67,7,0,8,0,0
85,70,0,0,0,0,3
85,71,0,0,0,0,3
85,86,3,0,3,0,3
86,36,0,0,0,3,3
86,44,3,0,3,0,3
86,46,3,0,4,0,3
86,54,3,0,4,0,0
86,55,5,5,5,10,11
86,56,13,25,17,20,9
86,57,20,53,38,15,21
86,58,7,6,15,9,13
86,59,6,5,7,4,10
86,60,0,7,7,11,10
86,61,6,4,5,12,7
86,62,3,3,0,7,3
86,63,18,5,12,3,3
86,64,37,10,43,5,0
86,65,23,4,32,7,6
86,66,24,5,24,3,3
86,67,3,0,3,3,0
86,71,0,0,3,3,0
86,82,0,3,0,3,0
87,34,0,3,3,3,0
87,35,3,0,3,0,0
87,46,3,0,3,0,0
87,55,11,8,12,17,9
87,56,13,10,21,11,21
87,57,9,4,12,10,12
87,58,15,4,22,17,23
87,59,7,6,8,10,8
87,60,7,6,6,11,12
87,61,8,12,11,16,12
87,62,8,8,26,7,8
87,63,14,3,17,5,3
87,64,24,4,28,6,0
87,65,3,4,9,4,5
87,89,14,3,15,3,3
87,105,0,0,0,0,3
88,13,0,3,3,0,3
88,14,3,0,3,0,0
88,30,0,0,0,0,3
88,35,3,0,3,0,3
88,36,0,0,4,0,0
88,42,3,0,3,0,3
88,55,17,10,40,12,3
88,56,0,21,15,15,4
88,57,7,7,15,11,14
88,58,6,5,12,3,16
88,59,6,5,12,4,11
88,60,13,10,16,8,13
88,61,18,18,30,16,13
88,62,0,0,4,0,0
88,63,8,8,12,3,3
88,65,0,0,0,0,3
88,87,0,3,0,3,0
88,102,3,3,3,3,0
88,105,3,0,8,0,0
88,106,0,0,3,3,0
88,112,3,0,3,0,0
88,122,3,0,3,0,0
88,126,3,0,3,0,3
89,24,3,0,3,0,0
89,42,0,0,0,3,0
89,53,0,0,0,3,0
89,55,3,0,5,3,4
89,56,7,7,13,16,3
89,57,6,25,26,18,14
89,58,5,3,15,9,11
89,59,7,21,21,8,12
89,60,25,19,27,25,8
89,61,3,23,26,13,9
89,62,3,0,3,0,0
89,63,0,4,3,0,0
89,65,6,7,6,3,3
89,66,0,0,0,3,0
89,67,0,0,3,0,0
89,105,7,3,12,0,0
89,106,10,0,17,0,0
89,113,3,0,3,0,0
89,115,3,0,3,3,0
89,116,0,3,4,3,3
90,18,0,0,0,0,3
90,19,0,3,0,3,0
90,26,3,0,3,0,0
90,27,0,0,0,0,3
90,44,0,0,4,0,0
90,57,13,13,19,9,0
90,58,4,6,11,8,8
90,59,11,16,30,20,5
90,60,15,18,34,15,9
90,61,0,31,12,4,4
90,63,0,0,0,3,0
90,85,0,3,3,3,0
90,95,4,0,4,0,0
90,105,10,3,9,0,0
90,106,13,3,14,0,0
91,38,3,3,3,0,3
91,40,0,3,0,3,0
91,41,0,0,0,0,3
91,58,8,3,14,5,3
91,89,3,4,0,0,0
91,94,0,0,0,3,0
91,99,5,0,5,3,3
91,104,3,0,3,0,0
91,105,8,3,10,0,0
91,106,12,6,17,0,0
91,107,9,0,8,0,0
91,118,0,0,3,0,0
92,29,3,0,3,0,0
92,43,0,3,3,3,0
92,103,0,6,12,4,3
92,104,6,3,8,0,3
92,105,0,0,0,0,3
92,106,3,0,3,0,0
92,107,0,3,0,8,0
92,110,3,0,3,0,0
92,114,0,0,3,8,0
92,117,0,0,0,3,0
92,118,0,0,0,0,3
92,119,3,0,3,0,3
93,33,4,3,4,3,0
93,54,0,0,0,3,0
93,57,0,3,0,3,0
93,58,4,4,14,6,5
93,59,0,0,3,0,0
93,90,0,5,0,0,0
93,91,0,0,3,0,0
93,102,8,3,11,6,4
93,103,0,4,6,8,7
93,104,15,7,19,7,6
93,106,3,3,4,12,0
93,107,5,3,4,7,11
93,108,0,0,3,3,3
93,119,3,0,3,0,0
94,26,0,0,3,0,3
94,35,0,0,0,3,0
94,54,0,18,0,0,0
94,56,3,0,3,0,0
94,58,6,11,16,15,7
94,59,3,0,7,3,5
94,61,0,0,3,3,4
94,63,3,0,3,0,0
94,89,0,0,4,0,0
94,97,3,0,3,0,0
94,102,3,4,7,13,5
94,103,6,3,6,7,11
94,104,3,288,98,37,8
94,106,10,51,49,21,15
94,107,7,26,28,21,16
94,108,0,0,3,3,18
94,112,3,0,3,0,0
94,119,0,0,0,0,3
95,54,0,3,0,3,3
95,55,10,14,18,5,3
95,57,0,0,4,3,5
95,58,9,8,8,4,0
95,59,3,5,4,4,3
95,89,0,0,0,3,0
95,92,0,3,3,0,3
95,99,3,3,3,0,0
95,102,4,0,6,7,13
95,103,3,9,7,10,23
95,104,29,8,38,20,4
95,105,3,0,6,14,10
95,106,3,3,6,6,21
95,107,3,8,11,7,13
95,108,5,11,13,16,19
95,109,3,3,5,5,26
95,112,3,0,3,0,3
95,120,0,3,0,4,3
96,55,3,4,8,3,3
96,59,3,0,3,3,0
96,78,0,3,0,3,0
96,101,4,0,3,4,3
96,102,8,9,9,13,10
96,103,3,0,6,3,9
96,104,7,0,11,6,16
96,105,5,0,12,3,14
96,106,7,6,15,7,14
96,107,4,12,6,7,12
96,108,3,15,25,18,12
96,109,4,5,9,16,34
96,110,0,0,3,0,5
96,112,3,0,3,0,3
96,113,0,0,4,0,0
96,120,0,0,0,3,3
97,10,0,0,0,3,0
97,56,3,0,3,0,0
97,57,3,0,3,0,0
97,59,0,0,4,0,4
97,78,0,0,0,0,3
97,86,3,0,7,3,0
97,90,0,0,3,0,0
97,101,4,0,7,3,5
97,102,3,6,5,14,11
97,103,5,3,8,11,15
97,104,4,4,7,7,22
97,105,3,0,5,3,14
97,106,15,13,24,10,19
97,107,0,3,7,3,10
97,108,3,0,7,0,3
97,109,12,8,14,17,9
97,110,9,7,10,15,4
97,111,3,3,10,6,9
97,112,0,3,3,7,0
97,113,3,0,0,3,0
98,35,0,3,3,0,0
98,38,0,3,0,3,0
98,50,0,0,0,3,0
98,53,0,0,3,0,3
98,60,0,0,3,3,0
98,86,0,3,0,3,0
98,87,0,0,0,3,0
98,89,4,0,3,0,0
98,90,3,3,5,0,0
98,101,3,0,3,6,9
98,102,11,7,15,11,19
98,103,3,3,3,8,16
98,104,6,4,9,9,17
98,105,3,5,4,4,13
98,106,3,9,15,15,17
98,107,5,7,10,13,6
98,108,10,14,15,14,7
98,109,13,14,9,27,12
98,110,16,29,19,23,16
98,111,17,12,17,10,6
98,112,3,3,6,13,5
99,31,0,0,0,3,0
99,33,0,3,3,0,0
99,34,0,0,0,0,3
99,42,0,3,3,3,0
99,50,0,0,0,3,0
99,51,4,0,3,0,0
99,60,3,0,3,0,0
99,69,0,0,0,0,3
99,74,4,0,3,0,0
99,75,12,3,9,7,0
99,78,0,0,0,3,5
99,80,9,4,7,3,0
99,81,11,6,9,7,0
99,84,0,3,3,3,0
99,87,0,0,6,0,3
99,88,3,0,3,0,3
99,93,5,0,7,0,3
99,101,0,3,4,5,3
99,102,6,4,12,9,4
99,103,3,0,0,5,15
99,104,4,0,10,7,14
99,105,0,3,3,3,22
99,106,3,3,7,5,11
99,107,3,3,6,6,8
99,108,6,4,9,7,9
99,109,0,5,7,5,0
99,110,6,4,7,12,9
99,111,9,16,16,5,5
99,113,3,0,3,0,3
100,20,0,0,3,0,0
100,25,0,0,0,3,0
100,27,3,0,3,3,0
100,30,0,0,3,3,0
100,31,0,0,3,0,0
100,32,0,0,3,0,0
100,33,0,0,3,0,0
100,51,3,0,3,0,0
100,52,0,0,0,3,0
100,56,3,4,0,3,0
100,57,0,6,3,4,0
100,60,0,0,3,3,0
100,69,0,0,0,3,0
100,70,3,0,3,0,0
100,71,3,3,0,3,4
100,72,0,6,0,5,3
100,73,0,3,0,3,0
100,74,29,7,23,8,0
100,75,23,17,27,11,0
100,76,3,5,4,8,3
100,77,6,5,9,5,0
100,78,0,22,17,3,0
100,79,10,4,11,3,0
100,80,31,21,32,14,0
100,81,27,8,33,18,3
100,82,3,0,3,6,39
100,83,3,4,4,18,6
100,84,4,3,8,9,13
100,85,3,3,4,4,0
100,87,0,0,3,3,0
100,90,3,0,3,0,0
100,103,4,3,9,5,18
100,104,8,3,11,9,17
100,105,4,3,8,11,8
100,106,6,7,17,8,7
100,107,3,6,12,7,13
100,108,3,0,11,0,5
100,109,6,47,57,22,15
100,110,5,3,12,8,21
100,111,3,0,3,3,3
100,117,0,0,0,0,3
100,118,3,0,4,3,0
100,120,0,3,3,3,0
100,125,0,3,0,5,0
101,1,0,0,0,0,3
101,20,3,0,4,3,0
101,23,0,3,3,0,3
101,27,3,0,3,3,3
101,28,0,0,0,3,3
101,29,0,3,0,0,0
101,30,0,3,0,0,0
101,31,0,4,3,3,0
101,32,5,8,4,8,5
101,33,6,8,3,15,0
101,41,0,4,3,0,0
101,51,0,3,3,0,0
101,53,0,0,0,3,0
101,54,4,0,3,3,0
101,55,0,0,3,0,3
101,58,3,0,4,0,0
101,67,0,0,0,3,0
101,70,4,3,3,3,0
101,71,19,6,18,7,4
101,72,15,3,13,9,6
101,73,18,0,21,9,3
101,74,38,9,35,16,0
101,75,33,18,41,9,4
101,76,19,10,32,22,43
101,77,15,6,20,6,5
101,78,0,0,3,3,0
101,79,13,8,21,5,0
101,80,16,5,14,10,0
101,81,7,179,50,8,8
101,82,7,7,4,3,10
101,83,5,5,10,9,13
101,84,7,9,15,16,13
101,85,0,9,6,9,7
101,87,0,0,3,0,3
101,103,3,4,5,3,7
101,104,6,0,6,0,8
101,105,3,5,13,5,8
101,106,6,3,13,6,11
101,107,3,8,6,8,10
101,108,3,0,3,4,12
101,109,4,17,16,18,22
101,110,8,10,18,16,11
102,9,0,0,0,3,0
102,27,3,12,8,9,9
102,28,3,16,13,8,6
102,31,0,5,5,5,3
102,32,12,10,20,15,4
102,33,14,7,16,25,4
102,34,5,11,5,14,0
102,43,0,0,3,3,0
102,44,0,3,0,3,0
102,52,0,3,0,0,0
102,53,0,3,0,8,0
102,64,3,3,3,0,0
102,66,4,0,0,3,5
102,67,16,7,22,12,3
102,68,10,0,14,3,0
102,69,4,0,4,0,0
102,70,9,0,8,3,0
102,71,34,0,32,3,0
102,72,19,18,16,7,0
102,73,15,4,19,7,4
102,74,33,4,34,10,3
102,75,22,11,43,9,4
102,76,4,55,6,0,0
102,77,24,9,28,11,7
102,78,23,4,28,13,5
102,79,15,8,13,10,0
102,80,32,27,40,16,6
102,81,7,68,36,10,3
102,82,4,44,9,7,0
102,83,14,10,37,15,68
102,84,7,5,11,15,12
102,85,0,0,0,7,6
102,94,4,0,4,0,0
102,103,3,3,3,3,0
102,104,9,3,14,7,10
102,105,7,8,11,7,17
102,106,6,5,12,7,13
102,107,3,3,12,7,11
102,108,6,4,5,6,4
102,109,0,0,0,0,18
102,110,8,12,15,7,6
102,111,16,25,20,14,7
102,112,10,11,21,24,12
102,118,3,0,0,3,0
102,119,0,0,0,3,0
103,22,4,6,4,8,3
103,27,10,7,11,11,7
103,28,4,5,9,0,4
103,29,0,0,0,3,0
103,30,7,5,11,8,3
103,31,6,8,12,10,7
103,32,5,9,6,20,5
103,33,10,14,14,36,7
103,34,14,12,15,32,3
103,50,0,0,0,0,3
103,53,0,0,0,3,0
103,62,3,0,4,3,0
103,66,11,3,13,0,3
103,67,39,4,36,3,0
103,68,17,6,22,3,0
103,71,16,6,19,13,3
103,72,32,4,47,4,3
103,73,59,37,64,29,6
103,74,43,46,56,9,5
103,76,3,0,3,0,0
103,77,13,58,15,5,0
103,78,3,7,20,8,17
103,79,4,3,6,6,3
103,80,3,9,15,10,6
103,81,3,188,50,4,0
103,82,0,30,3,0,0
103,83,21,41,33,25,25
103,84,3,3,0,6,9
103,104,0,0,0,3,0
103,105,9,6,9,11,8
103,106,5,3,6,5,6
103,107,10,13,19,6,5
103,108,7,8,11,6,14
103,109,8,5,12,6,5
103,110,9,10,16,6,13
103,111,0,3,0,3,3
103,112,3,0,3,3,0
103,113,0,4,0,5,0
103,116,3,0,3,0,0
103,118,0,0,3,0,3
103,119,0,0,0,0,3
104,22,4,6,10,5,8
104,23,3,5,3,0,5
104,24,0,0,0,0,3
104,27,8,5,20,15,17
104,28,3,3,9,5,3
104,29,8,5,9,6,0
104,30,5,13,7,10,7
104,31,10,9,13,19,8
104,32,8,4,7,9,6
104,33,13,8,17,20,6
104,34,18,32,20,39,3
104,35,0,3,3,6,0
104,45,3,0,3,3,3
104,62,3,0,3,0,0
104,65,0,0,3,0,0
104,66,38,5,39,0,0
104,67,46,3,42,4,3
104,68,54,5,48,7,3
104,69,17,0,14,4,0
104,71,5,0,6,0,0
104,72,42,0,39,6,0
104,73,87,34,82,30,7
104,74,0,12,3,0,0
104,75,71,39,59,13,0
104,76,47,26,45,7,5
104,77,24,0,30,8,6
104,78,13,5,19,4,0
104,79,4,0,10,4,8
104,80,8,6,8,10,4
104,81,3,144,35,5,0
104,82,8,10,18,9,27
104,83,4,9,9,6,8
104,84,0,4,0,0,0
104,86,39,29,40,21,5
104,87,6,3,11,5,0
104,105,0,0,0,3,3
104,106,0,5,3,5,9
104,107,3,0,3,7,13
104,108,11,6,14,13,8
104,109,3,3,5,3,0
104,110,5,5,8,13,6
104,111,0,0,0,3,0
105,6,0,3,0,0,3
105,22,3,0,0,3,0
105,23,4,0,7,3,4
105,24,3,3,3,3,6
105,27,4,10,8,3,11
105,30,15,3,15,8,13
105,31,5,3,10,4,7
105,32,5,3,5,4,9
105,33,4,8,9,13,4
105,34,11,10,14,24,7
105,35,3,3,3,3,0
105,48,0,0,0,0,3
105,61,3,0,0,0,0
105,62,3,9,4,4,3
105,63,8,0,7,0,3
105,64,12,4,15,4,0
105,65,31,5,32,4,0
105,66,44,14,43,3,0
105,67,23,6,24,3,0
105,68,34,13,40,10,3
105,69,22,21,33,11,4
105,72,3,4,10,3,7
105,73,0,3,7,6,3
105,74,30,9,27,14,11
105,75,83,38,89,25,7
105,76,38,12,29,5,0
105,77,3,3,3,0,0
105,78,6,6,4,7,0
105,79,7,3,6,16,7
105,80,6,4,7,3,5
105,81,3,19,12,11,5
105,86,36,20,34,7,4
105,87,28,18,38,14,11
105,96,0,0,0,0,3
105,106,3,5,6,3,0
105,107,7,0,7,0,6
105,108,6,0,5,4,5
105,109,0,0,3,7,3
105,115,0,0,0,0,3
106,11,0,0,0,0,3
106,23,3,7,3,3,0
106,24,4,4,3,5,3
106,25,0,0,3,0,5
106,30,0,0,0,3,3
106,31,9,4,12,7,11
106,32,8,6,9,14,3
106,33,22,7,16,5,9
106,34,16,16,28,20,10
106,40,0,0,5,0,0
106,45,0,0,0,3,0
106,46,0,0,0,0,3
106,63,3,3,4,0,0
106,64,12,0,22,0,0
106,65,32,4,33,11,0
106,66,12,0,16,0,0
106,67,33,19,38,16,7
106,68,8,18,19,0,4
106,73,3,0,3,3,0
106,74,0,3,3,4,0
106,75,42,12,38,20,0
106,76,24,8,30,11,0
106,77,17,5,21,9,0
106,78,6,3,7,3,7
106,79,15,7,22,11,10
106,80,9,30,27,3,4
106,81,0,0,3,0,0
106,83,0,0,0,3,0
106,86,45,22,51,14,3
106,87,19,15,26,10,6
106,108,0,0,0,3,0
106,116,0,0,0,3,0
106,121,4,0,3,0,0
107,1,3,0,3,0,0
107,13,0,0,0,3,0
107,21,3,5,3,9,0
107,22,7,3,11,7,6
107,23,0,0,0,0,3
107,25,3,5,5,6,0
107,26,3,4,4,5,7
107,31,13,6,12,13,7
107,32,4,4,7,7,5
107,33,0,0,3,3,16
107,34,0,0,3,7,57
107,35,7,0,0,0,0
107,43,0,3,0,0,3
107,44,0,0,3,0,0
107,45,4,0,3,3,0
107,61,0,4,0,3,0
107,65,4,5,12,8,106
107,66,12,11,20,10,6
107,67,5,23,24,10,3
107,74,6,4,8,5,9
107,75,3,4,9,8,11
107,76,46,3,43,5,4
107,77,14,0,12,3,3
107,78,5,11,11,9,10
107,79,20,14,23,16,11
107,80,4,6,3,7,6
107,81,11,14,19,22,20
107,82,18,20,15,8,6
107,84,8,16,12,8,0
107,85,11,6,22,4,6
107,86,32,23,34,8,0
107,121,6,3,4,0,0
108,20,0,0,0,3,3
108,21,5,5,17,13,15
108,22,9,8,8,11,9
108,23,11,14,19,9,12
108,24,5,11,23,13,4
108,25,4,3,9,5,3
108,26,3,0,10,5,0
108,27,3,7,3,4,3
108,29,5,3,5,4,6
108,30,4,6,8,6,3
108,31,9,6,17,8,9
108,32,8,5,12,13,31
108,33,0,0,0,19,115
108,34,0,0,3,4,38
108,41,3,15,10,14,11
108,42,7,10,10,15,5
108,43,0,0,0,3,3
108,66,9,41,10,0,0
108,74,3,3,3,0,3
108,75,6,7,7,6,8
108,76,16,14,27,10,7
108,77,24,3,21,7,3
108,78,4,5,12,3,21
108,79,4,3,10,4,20
108,80,7,21,14,12,12
108,81,14,25,25,11,12
108,82,43,34,44,14,21
108,83,25,15,44,7,0
108,84,27,70,46,18,16
108,85,33,54,31,11,0
108,86,52,29,56,12,13
108,91,0,0,3,0,0
108,92,0,0,6,0,0
109,6,0,3,0,3,0
109,14,3,0,3,0,0
109,20,5,0,3,3,7
109,21,6,4,17,9,6
109,22,3,0,3,0,3
109,23,5,14,17,11,13
109,24,3,21,22,17,23
109,25,7,13,12,0,3
109,26,0,3,0,4,3
109,27,3,7,4,8,6
109,29,17,10,22,4,10
109,30,10,3,12,7,6
109,31,7,9,17,13,27
109,32,12,10,14,12,16
109,33,19,13,18,14,13
109,34,3,0,3,0,0
109,41,6,0,17,14,8
109,42,6,3,7,4,4
109,43,0,3,3,0,3
109,55,0,0,3,0,0
109,66,3,3,4,0,3
109,74,3,0,3,0,0
109,75,4,3,0,0,0
109,76,0,3,0,0,0
109,77,20,7,18,12,6
109,78,9,4,20,20,12
109,79,0,3,3,6,3
109,80,29,39,23,25,4
109,81,41,21,44,26,18
109,82,43,11,34,12,6
109,83,40,51,51,25,33
109,84,43,56,65,6,4
109,85,6,5,5,9,3
109,86,42,32,38,30,9
109,108,0,0,0,0,3
110,2,3,0,3,0,0
110,19,0,0,3,0,5
110,20,18,4,25,5,3
110,21,5,10,22,12,15
110,22,9,10,15,11,19
110,23,6,8,9,8,14
110,24,5,4,12,0,9
110,25,5,13,16,14,8
110,27,0,0,0,0,3
110,29,23,12,23,10,0
110,30,5,6,8,6,7
110,31,25,4,30,8,3
110,32,31,18,34,13,5
110,33,21,13,17,20,6
110,34,9,5,19,10,4
110,36,0,6,0,4,3
110,41,0,4,0,0,3
110,55,0,0,3,0,3
110,62,3,0,0,0,3
110,65,0,3,3,3,4
110,72,0,0,0,3,0
110,76,0,3,0,0,0
110,77,5,3,11,3,8
110,79,7,14,13,16,3
110,80,27,16,25,20,6
110,81,6,28,25,14,15
110,82,45,63,68,36,13
110,83,18,23,25,20,9
110,84,0,51,21,0,3
110,85,33,26,18,13,4
110,86,3,4,5,4,0
110,97,0,0,3,0,0
110,99,0,3,3,0,0
110,100,0,0,0,0,3
110,104,3,3,0,3,3
110,107,0,0,0,0,3
111,2,0,0,0,0,3
111,19,4,0,7,12,7
111,20,0,3,3,14,9
111,21,4,7,21,18,11
111,22,9,12,19,13,7
111,23,4,7,9,10,20
111,24,0,0,0,3,3
111,25,3,7,9,5,5
111,26,3,4,7,0,0
111,29,26,12,27,10,3
111,30,33,9,36,10,3
111,31,29,8,31,9,0
111,32,33,6,29,12,21
111,33,44,17,47,20,9
111,34,17,7,17,6,0
111,71,0,0,3,0,3
111,72,4,6,6,6,0
111,73,3,0,4,0,4
111,74,3,3,3,8,0
111,75,3,4,0,8,6
111,76,0,4,4,4,4
111,77,19,5,24,8,10
111,78,6,3,3,3,0
111,79,3,6,6,8,0
111,80,7,13,15,9,11
111,81,5,9,14,7,4
111,82,9,112,88,41,9
111,83,3,86,34,12,0
111,84,3,75,37,7,3
111,104,3,0,3,0,0
111,108,3,0,0,0,0
112,19,3,3,8,6,12
112,20,3,3,14,3,6
112,21,0,9,8,26,11
112,22,0,7,7,6,19
112,23,0,0,4,5,7
112,29,11,3,16,4,4
112,30,45,8,61,7,5
112,31,11,7,17,6,5
112,32,15,6,32,14,7
112,33,22,9,24,9,0
112,34,28,9,29,9,3
112,35,9,3,16,3,0
112,36,4,7,4,4,0
112,37,3,3,7,3,3
112,70,16,5,18,4,3
112,72,5,0,6,7,4
112,73,4,20,14,6,7
112,74,6,3,12,6,7
112,75,9,4,11,4,8
112,76,8,16,15,12,7
112,77,10,4,11,18,13
112,78,8,3,11,0,11
112,79,6,6,6,6,4
112,80,17,10,13,4,0
112,81,14,39,47,12,3
112,82,4,47,41,13,7
112,83,9,8,8,11,0
112,84,0,607,83,0,0
112,87,0,0,0,5,3
112,101,3,0,3,0,0
112,102,0,3,0,3,0
112,108,3,3,3,3,0
113,8,0,0,3,0,0
113,9,0,0,3,3,0
113,19,4,3,8,0,3
113,20,5,3,6,3,0
113,21,0,0,0,0,3
113,22,5,0,8,3,3
113,23,4,0,6,4,8
113,32,10,7,13,3,0
113,33,15,7,21,13,18
113,34,0,6,13,4,6
113,35,23,8,34,10,8
113,36,10,9,8,6,0
113,37,0,0,8,3,4
113,38,8,7,13,11,6
113,54,4,0,4,3,0
113,69,5,4,6,4,4
113,71,0,0,3,0,9
113,72,7,0,8,6,19
113,73,11,28,23,15,11
113,74,4,14,5,3,11
113,75,3,14,17,10,45
113,76,5,17,9,6,5
113,77,3,4,6,10,13
113,78,13,5,12,13,14
113,79,11,3,9,10,5
113,80,3,30,18,18,10
113,81,9,14,12,34,3
113,82,0,27,21,19,5
113,83,11,9,15,11,0
113,84,28,193,74,3,0
113,104,0,0,0,4,0
113,108,0,0,0,3,0
114,26,0,0,0,0,3
114,27,0,4,0,3,0
114,28,0,3,0,0,0
114,29,4,0,4,0,0
114,32,0,0,0,0,23
114,33,0,7,8,5,7
114,34,8,10,16,12,6
114,35,5,4,9,4,8
114,38,4,0,5,12,9
114,60,3,0,3,0,0
114,61,3,0,3,0,0
114,69,0,0,0,0,3
114,70,23,21,24,16,16
114,71,0,0,5,5,5
114,72,4,3,0,6,14
114,73,5,21,20,15,13
114,74,3,22,9,6,21
114,75,6,31,11,4,5
114,76,9,8,11,15,3
114,77,17,8,22,11,8
114,78,3,3,7,5,26
114,79,3,8,22,7,11
114,80,5,19,23,18,5
114,81,5,8,13,14,7
114,82,12,11,17,18,3
114,83,6,4,7,3,6
114,84,8,16,10,0,0
114,109,5,3,5,5,0
114,126,0,0,3,0,3
115,28,0,3,3,0,3
115,29,3,0,4,0,0
115,31,3,3,3,0,0
115,32,3,19,14,11,0
115,33,3,4,5,3,10
115,34,8,7,11,6,10
115,35,16,0,12,8,4
115,36,0,0,0,3,0
115,37,4,3,12,0,3
115,39,0,3,3,0,0
115,68,0,0,0,3,0
115,69,4,5,10,7,6
115,70,5,10,15,13,11
115,71,28,41,36,16,18
115,72,0,3,13,14,17
115,73,22,25,40,23,28
115,74,13,21,29,17,13
115,75,0,5,4,3,0
115,76,7,5,8,0,4
115,77,5,4,4,5,8
115,78,3,3,5,4,0
115,79,0,4,0,5,0
115,83,6,0,3,4,0
115,88,0,0,0,3,0
115,92,3,0,3,0,0
115,93,3,0,5,8,3
115,99,0,0,0,3,0
115,102,0,0,3,0,0
115,122,3,0,3,3,0
116,29,0,0,3,3,0
116,30,9,6,9,11,14
116,31,6,14,17,12,16
116,32,6,4,19,12,15
116,33,5,0,5,3,7
116,34,16,13,13,8,5
116,35,9,3,7,8,0
116,38,3,0,5,3,0
116,40,0,0,0,0,3
116,63,3,0,3,0,0
116,68,9,11,10,13,11
116,69,4,17,14,10,12
116,70,11,7,14,5,9
116,71,7,23,23,15,20
116,72,11,87,50,36,12
116,73,15,14,31,10,19
116,74,3,25,11,14,40
116,75,3,3,3,0,0
116,87,0,0,0,3,0
116,91,3,0,3,0,3
116,93,5,3,4,0,0
117,30,4,8,9,8,7
117,31,15,22,31,20,10
117,32,3,10,8,3,16
117,33,4,3,5,5,6
117,34,3,3,6,8,12
117,36,3,0,3,0,0
117,39,4,0,3,0,0
117,40,3,3,5,3,0
117,67,18,0,18,3,0
117,68,3,3,3,6,0
117,69,14,16,21,14,8
117,70,4,22,11,7,7
117,71,8,13,20,6,4
117,72,5,34,9,11,5
117,73,8,3,8,11,12
117,74,9,19,30,11,6
117,93,3,0,5,0,4
117,116,3,0,4,3,3
118,6,3,0,3,0,0
118,31,4,12,24,25,8
118,32,4,5,9,9,16
118,33,0,0,0,3,9
118,34,0,0,0,3,3
118,39,3,4,9,5,7
118,40,3,3,6,3,12
118,66,8,0,8,0,0
118,67,41,0,40,3,0
118,68,4,0,4,0,0
118,69,4,0,6,0,0
118,70,3,3,12,3,3
118,72,10,7,9,12,3
118,73,0,20,4,3,0
118,74,7,17,14,6,4
118,78,3,0,3,0,3
118,93,0,3,0,3,0
118,106,0,0,3,3,0
118,126,3,0,0,0,0
119,29,3,3,5,4,13
119,30,0,3,3,5,3
119,31,0,7,7,5,3
119,38,0,0,12,4,0
119,53,4,3,3,8,0
119,61,6,0,4,0,0
119,63,6,3,3,5,0
119,64,14,11,7,13,0
119,65,16,8,22,15,7
119,66,11,13,22,9,9
119,67,14,5,14,4,3
119,68,34,4,29,3,0
119,71,3,8,3,17,7
119,72,5,3,6,5,3
119,84,3,70,15,3,0
119,87,3,3,5,3,0
119,89,0,0,0,0,3
119,97,0,0,0,0,3
119,100,0,3,0,0,0
120,11,5,3,3,3,0
120,15,0,3,0,0,0
120,29,3,5,5,3,4
120,30,0,0,0,3,3
120,31,0,0,0,3,3
120,32,3,0,0,0,0
120,38,27,8,46,15,7
120,39,0,0,0,3,0
120,40,0,43,4,3,0
120,62,0,3,3,4,3
120,63,16,11,15,14,7
120,64,38,12,21,19,3
120,65,13,7,12,7,7
120,66,0,9,15,12,59
120,67,14,12,18,6,7
120,68,11,0,9,4,3
120,70,0,0,0,0,3
120,71,4,3,5,3,3
120,72,4,3,3,5,3
120,83,3,16,16,11,3
120,84,10,10,22,13,5
120,85,6,40,8,3,0
120,89,0,0,0,3,0
120,98,0,0,3,0,0
120,100,0,0,3,0,0
120,102,0,0,4,7,16
120,103,3,0,5,0,8
120,122,3,3,3,0,0
121,11,3,0,3,0,0
121,12,0,3,0,3,0
121,15,0,0,0,0,3
121,16,0,0,4,0,0
121,17,0,0,0,0,3
121,18,3,0,3,3,0
121,37,4,3,5,4,0
121,38,3,3,3,0,9
121,39,0,0,3,3,3
121,42,0,0,0,3,0
121,43,0,232,19,0,0
121,60,7,3,5,6,3
121,61,12,7,9,16,11
121,62,5,4,3,7,9
121,63,6,3,10,9,5
121,64,14,3,19,7,16
121,65,6,22,12,9,9
121,66,0,58,10,6,0
121,67,0,0,0,0,3
121,68,3,0,3,0,0
121,71,3,0,6,3,0
121,75,0,0,0,3,0
121,77,0,138,15,0,0
121,83,28,45,48,22,3
121,84,6,95,24,9,4
121,85,5,22,6,0,3
121,92,0,3,0,0,0
121,100,3,0,3,0,0
121,101,3,0,3,6,20
121,102,0,0,7,8,11
121,109,4,0,3,0,0
121,110,0,0,0,0,3
121,111,7,0,6,5,8
121,112,3,0,4,0,3
121,125,0,0,3,0,0
122,11,0,3,0,4,0
122,12,0,0,3,0,3
122,17,0,0,3,0,3
122,31,3,3,5,3,3
122,35,0,8,6,4,3
122,36,5,6,12,3,8
122,37,5,3,5,10,4
122,38,3,5,4,11,14
122,39,12,7,15,4,10
122,42,0,222,27,3,0
122,43,0,160,18,0,5
122,58,3,3,6,3,4
122,59,13,6,9,12,6
122,60,4,3,5,7,8
122,61,5,3,9,10,4
122,62,0,3,5,6,12
122,63,7,4,12,9,7
122,64,3,0,3,3,4
122,66,0,35,16,9,0
122,68,0,7,0,0,0
122,70,6,3,10,5,0
122,71,8,3,15,5,0
122,75,0,0,3,0,0
122,78,0,3,4,4,3
122,82,3,34,23,3,0
122,83,9,163,34,7,3
122,84,0,81,0,0,0
122,95,3,0,0,3,0
122,96,0,0,0,0,3
122,97,0,0,0,0,61
122,98,0,0,0,0,3
122,100,0,3,0,0,3
122,101,5,3,6,6,4
122,102,0,0,0,4,8
122,103,0,4,5,9,3
122,105,3,0,3,0,0
122,108,0,0,3,4,7
122,109,0,0,3,5,10
122,110,7,6,9,7,9
122,111,5,6,11,9,15
122,112,0,4,3,6,3
122,113,0,0,3,3,0
122,125,0,0,3,0,0
122,126,0,0,0,0,3
123,9,0,0,0,3,0
123,16,3,0,3,0,0
123,35,10,10,15,6,5
123,36,4,0,7,3,7
123,37,4,7,6,9,7
123,38,10,9,16,9,12
123,39,6,5,11,9,11
123,40,3,3,6,3,0
123,43,7,3,9,6,15
123,44,7,11,13,8,11
123,57,11,6,14,9,9
123,58,12,3,10,4,9
123,59,10,6,12,8,11
123,60,3,5,6,5,7
123,61,4,3,5,5,9
123,62,12,22,29,19,4
123,63,4,3,12,4,6
123,64,12,0,10,3,10
123,65,16,5,20,6,4
123,68,0,12,10,13,7
123,71,3,0,4,0,5
123,72,0,0,0,3,0
123,81,6,7,8,7,7
123,82,5,112,10,7,8
123,83,0,161,6,0,0
123,95,3,0,4,3,0
123,100,3,0,3,6,0
123,101,5,6,7,12,10
123,102,0,8,5,23,10
123,103,3,13,16,7,7
123,107,6,0,8,5,18
123,108,4,0,8,10,14
123,109,4,0,4,3,22
123,110,6,7,6,17,15
123,111,3,6,12,10,23
123,112,8,6,14,10,21
123,120,0,3,0,0,0
124,27,4,4,8,0,5
124,28,5,3,14,4,8
124,29,0,3,0,3,0
124,30,3,0,3,3,0
124,31,0,3,0,0,0
124,32,3,0,5,3,0
124,35,0,0,0,0,5
124,36,3,4,10,5,3
124,37,9,9,33,23,10
124,38,8,10,28,18,4
124,39,10,6,27,12,9
124,40,5,5,14,5,17
124,41,6,3,5,0,3
124,42,3,3,5,8,20
124,43,0,0,12,12,16
124,44,0,5,6,8,10
124,45,3,0,0,3,0
124,57,9,0,8,3,0
124,58,4,0,7,9,12
124,59,5,10,11,7,13
124,60,10,4,14,6,8
124,61,4,3,5,3,0
124,62,0,3,6,3,8
124,63,4,7,8,5,4
124,64,8,3,9,5,6
124,65,6,3,10,7,9
124,71,10,15,54,10,4
124,72,4,0,3,3,0
124,73,15,32,21,6,0
124,79,0,32,12,4,0
124,80,6,12,12,8,4
124,81,5,77,20,8,7
124,82,6,141,8,3,0
124,83,14,8,21,3,0
124,99,3,0,3,0,0
124,100,10,3,8,11,3
124,101,9,8,17,24,6
124,102,15,19,24,22,12
124,103,11,9,20,20,11
124,104,3,9,8,16,7
124,105,0,10,0,14,6
124,106,3,7,6,12,7
124,107,0,0,3,7,22
124,108,10,3,7,6,17
124,110,62,37,55,52,36
124,111,27,21,26,12,5
124,112,3,4,12,5,18
124,113,3,3,3,0,5
124,114,4,0,4,0,0
124,115,0,6,0,4,3
124,116,0,0,3,3,4
124,120,3,0,0,3,0
125,4,3,0,3,0,0
125,5,3,0,3,0,0
125,22,3,0,3,0,3
125,27,20,5,23,4,12
125,28,20,8,19,16,12
125,29,4,6,8,3,3
125,32,0,0,0,0,3
125,36,0,3,3,3,0
125,37,7,39,43,14,8
125,38,5,27,49,33,24
125,39,5,5,8,17,9
125,40,4,5,3,4,7
125,41,39,41,42,16,24
125,42,6,9,13,12,8
125,43,10,4,15,14,11
125,44,5,0,8,10,6
125,45,0,0,7,0,3
125,46,3,0,3,3,3
125,57,4,0,3,0,0
125,58,6,5,13,6,15
125,59,9,13,24,9,10
125,60,3,9,8,11,7
125,61,0,5,0,8,10
125,62,3,0,3,7,6
125,63,5,7,10,4,5
125,64,0,9,6,4,4
125,65,8,0,6,3,4
125,66,3,0,3,0,0
125,70,0,0,0,0,3
125,71,0,13,8,3,4
125,72,4,26,25,14,6
125,73,4,5,10,5,3
125,74,3,3,4,4,6
125,80,0,142,3,0,0
125,81,9,72,30,4,5
125,82,19,8,23,10,3
125,86,0,0,3,0,0
125,87,0,0,0,0,3
125,92,3,0,3,0,0
125,98,3,3,3,3,3
125,99,4,3,6,11,3
125,100,10,9,14,17,9
125,101,17,11,21,26,8
125,102,5,12,7,12,13
125,103,4,3,9,20,12
125,104,3,5,8,17,10
125,105,5,3,5,9,11
125,106,3,3,4,5,6
125,108,8,6,7,12,7
125,109,59,29,55,26,9
125,110,103,48,86,29,25
125,111,142,79,86,50,19
125,112,7,10,13,24,17
125,113,0,0,0,8,6
125,126,0,3,0,3,0
126,27,14,8,13,9,8
126,28,9,3,10,3,12
126,29,7,6,7,3,0
126,30,0,3,0,4,3
126,31,0,0,4,7,7
126,37,4,13,15,3,3
126,38,3,12,16,18,7
126,39,6,14,23,5,6
126,40,9,3,10,5,9
126,41,13,6,10,11,10
126,42,9,19,24,21,21
126,43,5,6,6,13,13
126,44,0,0,4,3,3
126,45,6,3,8,0,4
126,46,5,5,15,9,3
126,47,4,8,10,3,3
126,53,3,0,3,0,0
126,54,0,3,0,5,0
126,58,8,5,10,4,0
126,59,0,12,4,8,4
126,60,8,5,10,6,6
126,61,6,3,6,9,6
126,62,5,16,11,11,14
126,63,10,7,16,14,10
126,64,6,25,16,4,7
126,65,0,41,3,0,0
126,70,0,0,0,6,152
126,71,0,0,0,3,0
126,72,3,58,16,4,4
126,73,0,86,18,4,6
126,74,0,0,4,0,0
126,76,0,16,3,0,0
126,78,0,5,5,3,0
126,79,3,56,31,14,7
126,80,0,140,3,0,0
126,81,0,197,3,0,0
126,82,0,146,0,0,0
126,87,0,7,4,3,0
126,89,0,3,0,3,3
126,96,3,4,5,0,3
126,98,4,6,6,6,4
126,99,6,5,13,12,4
126,100,10,12,14,24,12
126,101,0,0,0,0,3
126,102,10,6,16,11,14
126,103,11,10,22,6,14
126,104,10,9,15,22,5
126,105,10,13,15,18,21
126,106,6,0,6,3,5
126,107,0,3,3,3,0
126,108,5,3,4,18,9
126,109,52,49,55,27,16
126,110,53,65,64,49,10
126,111,89,43,51,23,12
126,112,10,12,31,32,33
126,113,26,26,46,30,33
127,5,3,0,0,0,0
127,7,0,0,3,0,0
127,21,3,0,3,0,3
127,23,3,0,3,0,0
127,25,29,6,22,0,0
127,27,8,3,6,8,20
127,28,8,0,6,3,9
127,29,5,4,6,4,0
127,30,0,0,3,3,0
127,31,7,6,14,4,10
127,38,14,16,27,12,5
127,39,8,8,12,9,12
127,40,3,8,7,11,12
127,41,3,5,3,9,17
127,42,3,0,3,3,3
127,43,0,0,4,4,0
127,44,3,3,11,3,8
127,45,7,0,19,9,8
127,46,5,7,9,10,13
127,47,9,8,8,8,11
127,60,0,3,3,6,7
127,61,8,12,8,7,7
127,62,5,6,8,6,8
127,63,3,14,13,11,13
127,64,9,15,21,7,5
127,65,3,0,0,0,0
127,72,0,0,0,3,0
127,76,3,87,27,6,3
127,77,0,30,14,0,0
127,78,18,17,29,22,8
127,79,5,49,20,8,3
127,80,38,102,65,4,0
127,85,0,5,0,0,4
127,99,7,4,8,13,5
127,100,23,8,32,25,12
127,101,0,15,25,23,19
127,102,7,11,21,5,14
127,103,16,10,27,14,11
127,104,4,3,10,5,7
127,105,0,0,3,4,3
127,106,4,0,5,4,6
127,107,7,16,15,28,32
127,108,52,21,35,16,3
127,109,191,102,141,59,17
127,110,0,7,3,4,3
127,111,7,5,4,16,0
127,112,11,15,29,52,33
127,113,18,11,25,30,21