x,y,1,21,22,23,24
0,4,6,0,0,0,0
0,64,3,3,0,0,0
0,93,10,0,0,3,0
0,94,14,0,0,0,0
0,95,11,0,0,0,0
0,96,28,0,3,0,0
0,97,15,0,0,0,0
1,65,3,0,0,0,0
1,93,11,0,0,0,0
1,94,17,0,0,0,3
1,95,15,0,0,0,0
1,96,28,0,0,0,0
1,97,10,0,0,0,0
1,124,6,0,0,0,0
1,125,10,0,0,0,0
1,126,12,0,0,0,0
1,127,4,0,0,0,0
2,1,3,3,0,0,0
2,2,3,0,0,0,0
2,4,7,0,0,0,0
2,5,4,0,0,0,0
2,6,4,0,0,0,0
2,59,0,0,0,0,11
2,95,3,0,0,0,0
2,96,9,0,0,0,0
2,122,3,0,0,0,0
2,123,17,0,0,0,0
2,124,26,0,0,0,0
2,125,35,0,0,0,0
2,126,25,0,0,4,0
2,127,24,0,3,0,0
3,4,6,0,0,0,0
3,5,14,0,0,0,0
3,6,4,0,0,0,0
3,7,3,0,0,0,0
3,45,24,0,0,0,0
3,123,15,0,0,0,0
3,124,16,0,0,0,0
3,125,26,0,0,0,0
3,126,42,0,0,0,0
3,127,22,0,0,0,0
4,4,5,0,0,0,0
4,6,9,0,0,0,0
4,11,3,0,0,0,0
4,12,3,0,0,0,0
4,112,7,0,0,0,0
4,113,15,0,0,0,0
4,114,6,0,0,0,0
4,123,9,0,0,3,0
4,124,12,0,3,0,0
4,125,26,3,0,18,0
4,126,25,0,0,0,0
4,127,39,3,0,0,5
5,4,4,0,0,0,0
5,7,8,0,0,0,0
5,8,10,0,0,0,0
5,9,36,0,0,0,0
5,10,35,3,0,3,0
5,11,22,0,0,0,0
5,13,3,0,0,3,0
5,14,4,0,0,0,0
5,112,16,0,0,0,0
5,113,26,0,0,0,0
5,114,12,0,0,0,0
5,115,3,0,0,0,0
5,118,13,0,0,0,0
5,119,17,0,0,0,0
5,123,5,0,0,0,0
5,124,13,0,0,0,0
5,125,32,0,0,0,0
5,126,24,0,0,0,0
5,127,9,0,0,0,0
6,8,6,0,0,0,0
6,9,6,0,0,0,0
6,10,23,0,0,3,0
6,11,27,0,3,0,3
6,12,5,0,0,0,0
6,13,26,0,3,3,3
6,14,24,0,5,10,0
6,15,4,0,0,0,0
6,56,8,0,0,0,0
6,57,9,0,0,0,0
6,66,5,0,0,0,0
6,110,8,0,0,0,0
6,111,6,0,0,0,0
6,112,23,0,0,0,0
6,113,24,4,0,0,0
6,114,24,0,0,0,0
6,115,15,0,0,0,0
6,116,19,0,0,0,0
6,117,4,0,0,0,0
6,118,14,0,0,0,0
6,119,14,0,0,0,0
6,120,4,0,0,0,0
6,125,8,0,0,0,0
6,126,16,3,0,0,0
6,127,22,0,0,0,0
7,10,4,0,0,0,0
7,11,27,0,0,0,0
7,12,44,0,3,0,0
7,13,20,3,3,3,0
7,14,25,0,0,0,0
7,15,23,0,0,3,0
7,19,6,0,0,0,0
7,20,3,0,0,0,0
7,55,4,0,0,0,0
7,56,3,0,0,0,0
7,66,6,0,0,0,0
7,111,12,0,0,0,0
7,112,19,0,0,0,0
7,113,13,0,0,0,0
7,114,29,0,0,3,0
7,115,31,0,0,0,0
7,116,19,0,3,0,0
7,117,3,0,0,0,0
7,118,4,0,0,0,0
7,120,8,0,0,0,0
7,121,6,0,0,0,0
8,11,21,0,0,0,0
8,13,19,6,4,3,0
8,14,26,0,0,3,0
8,15,20,0,0,3,0
8,16,28,0,0,6,0
8,17,15,0,0,0,0
8,53,27,0,0,0,0
8,54,15,0,0,0,0
8,55,7,0,0,0,0
8,56,12,3,0,0,3
8,57,3,0,0,0,0
8,58,6,0,0,0,0
8,59,9,0,0,0,0
8,60,3,0,0,0,0
8,111,21,3,0,0,0
8,112,49,0,0,0,12
8,113,18,0,0,0,0
8,114,14,0,0,0,0
8,115,37,0,0,0,0
8,116,15,0,0,0,0
8,120,3,0,0,0,0
8,121,3,0,0,0,0
9,9,16,0,0,3,0
9,10,11,0,0,0,0
9,11,24,0,3,0,0
9,12,32,0,4,0,0
9,13,27,0,0,8,3
9,14,31,0,6,3,0
9,15,17,3,0,0,0
9,16,24,0,0,0,0
9,17,18,0,0,0,0
9,18,4,0,0,0,0
9,51,10,0,0,0,0
9,52,30,0,0,0,0
9,53,23,3,0,0,0
9,54,8,0,0,0,0
9,55,3,0,0,0,0
9,56,24,0,0,0,0
9,57,14,0,0,0,0
9,58,26,0,3,3,0
9,59,10,0,0,0,0
9,60,11,0,0,0,0
9,114,9,0,0,0,0
9,115,24,0,0,0,0
9,116,3,0,0,0,0
10,8,4,0,0,0,0
10,9,18,0,0,0,0
10,10,8,0,0,0,0
10,11,24,5,0,0,0
10,12,31,14,6,4,0
10,13,18,3,0,3,0
10,14,18,0,0,0,0
10,15,20,0,0,0,0
10,16,15,0,0,0,0
10,17,4,0,0,0,0
10,39,5,0,0,0,0
10,51,19,0,0,0,0
10,52,35,0,5,0,0
10,53,29,0,0,0,0
10,54,42,0,3,3,0
10,55,27,0,0,0,0
10,56,29,0,7,0,3
10,57,11,3,0,0,0
10,58,22,0,0,0,0
10,59,21,0,0,0,0
10,113,8,0,0,0,0
10,114,15,0,0,0,3
11,7,3,0,0,0,0
11,9,9,3,0,0,0
11,10,4,3,0,0,0
11,11,23,0,3,0,0
11,12,28,0,3,7,0
11,13,18,0,0,0,0
11,14,17,0,0,0,0
11,15,6,0,3,3,0
11,16,4,0,0,0,0
11,17,9,0,0,0,0
11,18,9,0,0,0,0
11,19,4,0,0,0,0
11,52,15,0,0,0,0
11,53,16,0,0,0,0
11,54,23,0,0,0,0
11,55,23,3,0,0,0
11,56,14,0,3,0,0
11,57,33,0,4,0,0
11,58,26,3,0,0,0
11,59,5,0,0,0,0
12,12,20,3,0,0,0
12,13,9,0,0,0,0
12,14,19,3,0,0,3
12,15,22,4,3,3,3
12,16,5,0,0,0,0
12,18,3,0,0,0,0
12,52,11,0,0,0,0
12,53,6,0,0,0,0
12,54,33,0,0,3,0
12,55,16,0,0,0,0
12,56,16,0,0,0,0
12,57,35,0,0,0,3
12,58,18,0,0,0,0
12,59,10,0,3,0,0
13,9,3,0,0,0,0
13,11,14,0,0,0,0
13,12,35,3,0,0,3
13,13,22,3,0,0,0
13,14,10,0,0,0,0
13,15,12,0,0,3,0
13,16,4,0,0,0,0
13,17,4,0,0,0,0
13,52,10,0,0,0,0
13,53,21,3,0,0,0
13,54,4,0,0,0,0
13,55,15,0,0,0,0
13,56,28,0,4,0,0
13,57,36,3,4,0,0
13,58,20,0,0,0,0
13,59,4,0,0,0,0
14,11,4,0,0,0,0
14,12,14,0,0,0,0
14,13,21,0,0,0,0
14,33,5,0,0,0,0
14,53,5,0,0,0,0
14,55,13,0,0,0,0
14,56,33,0,0,0,0
14,57,15,3,0,0,0
14,58,14,0,0,0,0
14,59,3,0,0,0,0
15,11,6,0,0,0,0
15,32,3,0,0,0,0
15,56,11,0,0,0,0
15,57,8,0,0,0,0
17,28,4,0,0,0,0
17,29,3,0,0,0,0
18,27,3,0,0,0,0
18,28,26,0,0,0,0
18,29,24,0,0,0,0
18,30,5,0,0,0,0
18,31,14,0,0,5,0
18,32,4,0,0,6,3
19,28,16,3,0,3,0
19,29,17,0,3,4,0
19,30,27,0,0,0,0
19,31,23,0,0,3,3
19,32,25,3,0,4,0
19,33,10,0,0,0,0
19,34,6,0,0,0,0
19,82,9,0,0,0,0
20,26,12,0,0,3,3
20,27,7,0,0,0,0
20,28,26,0,0,3,0
20,29,24,0,0,0,0
20,30,24,0,0,0,0
20,31,33,0,0,3,0
20,32,9,0,0,0,0
20,50,3,0,0,0,0
20,61,9,0,0,0,0
20,65,4,0,0,0,0
20,67,7,0,0,0,0
20,89,4,0,0,0,0
20,91,6,0,0,3,0
20,92,6,0,3,3,0
21,26,67,10,0,0,10
21,27,17,0,0,0,0
21,28,14,0,0,0,0
21,29,13,0,0,0,0
21,30,25,0,0,0,0
21,31,11,0,0,0,0
21,32,26,0,0,0,0
21,33,32,0,0,0,0
21,63,34,0,0,0,0
21,64,16,0,0,0,0
21,65,21,0,0,0,0
21,66,22,0,0,0,0
21,67,15,0,0,3,0
21,68,3,0,0,0,0
21,82,6,0,0,0,0
21,83,27,0,0,0,0
21,84,15,0,4,0,0
21,85,14,0,0,0,0
21,86,7,0,0,0,0
21,87,24,0,0,0,0
21,89,26,0,0,0,0
21,90,25,0,0,0,0
21,91,17,0,3,3,0
21,92,13,0,0,0,0
21,93,14,0,0,6,3
21,102,8,0,0,0,0
22,24,11,0,0,0,0
22,25,19,0,0,0,0
22,26,7,0,0,0,0
22,28,8,0,0,0,0
22,29,13,0,0,0,0
22,30,10,0,0,3,3
22,31,21,0,0,0,0
22,32,11,0,0,3,0
22,33,12,0,0,0,3
22,34,7,0,0,0,0
22,38,6,0,0,0,0
22,63,10,0,0,0,0
22,64,19,0,0,0,0
22,65,45,0,0,0,0
22,66,21,0,0,0,0
22,67,16,0,3,0,0
22,68,5,0,0,0,0
22,82,12,0,0,0,0
22,83,15,0,3,0,0
22,84,23,0,0,0,0
22,85,21,0,0,3,0
22,86,24,3,0,0,0
22,87,4,0,0,0,0
22,88,6,0,0,0,0
22,89,25,3,0,0,0
22,90,15,0,0,0,0
22,91,11,0,0,0,0
22,92,19,0,4,5,0
22,93,20,0,0,3,0
22,94,23,0,0,0,0
23,24,10,0,0,0,0
23,64,20,0,0,0,0
23,65,30,0,0,0,0
23,66,16,0,0,0,0
23,67,8,0,0,0,0
23,82,3,0,0,0,0
23,83,20,3,7,3,0
23,84,19,0,0,0,0
23,85,25,0,3,0,0
23,86,27,3,0,4,0
23,87,3,0,0,0,0
23,88,10,0,0,0,0
23,89,11,0,0,0,0
23,90,7,0,0,0,0
23,91,13,0,0,0,0
23,92,27,0,0,0,0
23,93,6,0,3,0,0
23,94,24,0,4,4,0
24,34,3,0,0,0,0
24,54,3,0,0,0,0
24,64,4,0,0,0,0
24,68,5,0,0,0,0
24,80,3,0,0,0,0
24,82,3,0,0,0,0
24,83,17,0,0,3,0
24,84,32,0,3,6,0
24,85,21,0,7,3,4
24,86,16,0,6,8,0
24,87,19,0,3,0,0
24,88,12,0,0,0,0
24,89,17,3,0,0,0
24,90,21,0,0,0,0
24,91,12,0,0,0,0
24,92,7,0,0,3,0
24,93,6,0,0,0,0
24,94,25,3,0,0,0
24,95,8,0,0,0,0
24,96,8,0,0,0,0
24,97,10,0,0,0,0
24,98,19,0,0,0,0
24,99,11,0,0,0,0
24,115,6,0,0,3,0
24,116,8,0,0,0,0
24,117,3,0,0,0,0
25,83,11,0,0,0,0
25,84,18,0,3,0,0
25,85,42,0,0,0,0
25,86,37,4,0,0,0
25,87,34,4,8,0,0
25,88,22,0,0,0,0
25,89,43,0,7,3,0
25,90,27,0,0,3,0
25,91,32,3,9,0,0
25,92,21,3,0,0,3
25,93,8,3,3,0,0
25,94,14,0,0,3,0
25,95,18,0,0,0,0
25,96,25,0,0,0,0
25,97,30,0,0,3,0
25,98,15,3,0,4,0
25,99,18,0,0,3,0
25,114,5,0,0,0,3
25,115,18,0,0,0,0
25,116,9,0,0,0,0
25,117,13,0,0,3,0
26,82,5,0,0,0,0
26,83,30,0,0,0,0
26,84,31,0,0,4,0
26,85,25,0,0,3,0
26,86,22,0,0,3,0
26,87,35,3,0,0,0
26,88,10,0,0,0,0
26,89,29,0,0,0,0
26,90,45,0,0,0,0
26,91,23,0,0,0,0
26,92,20,0,0,3,0
26,93,17,0,3,3,0
26,94,6,0,0,3,0
26,95,20,3,0,0,0
26,96,5,0,0,3,0
26,97,13,0,0,0,0
26,98,9,0,0,0,0
26,99,27,0,0,0,0
26,114,7,3,0,0,0
26,115,18,0,0,0,0
26,116,17,5,3,0,0
26,117,11,0,0,0,0
27,83,24,0,0,7,3
27,84,15,3,3,0,0
27,85,18,0,3,0,0
27,86,7,0,0,0,0
27,87,30,0,0,0,0
27,88,22,0,0,0,0
27,89,26,0,3,3,0
27,90,17,0,0,3,0
27,91,21,0,0,3,0
27,92,20,3,0,0,0
27,93,23,0,0,0,0
27,94,8,0,0,0,0
27,95,27,0,0,3,0
27,96,32,5,3,11,0
27,97,18,0,0,0,0
27,98,12,0,0,3,0
27,99,20,0,0,3,0
27,111,13,0,0,4,0
27,112,20,0,0,0,0
27,113,13,0,3,0,0
27,114,14,0,0,3,0
27,115,18,3,6,0,4
27,117,6,0,0,0,0
27,118,20,0,0,0,0
27,119,4,0,0,0,0
28,82,3,0,0,0,0
28,83,26,6,7,11,7
28,84,40,3,4,16,3
28,85,18,0,3,0,0
28,86,10,0,0,0,0
28,87,11,0,0,4,0
28,88,11,0,0,0,0
28,89,13,3,0,0,0
28,90,52,15,4,0,3
28,91,14,0,0,0,0
28,92,8,0,0,0,0
28,95,6,0,0,0,0
28,96,19,0,5,3,3
28,97,14,0,0,4,0
28,98,16,0,0,3,0
28,99,23,0,0,4,0
28,100,6,0,0,0,0
28,110,3,0,0,0,0
28,111,16,0,3,3,0
28,112,30,3,3,0,0
28,113,7,3,0,0,0
28,114,30,3,4,0,0
28,115,15,0,0,0,0
28,116,13,0,0,0,0
28,117,3,0,0,0,0
28,118,6,3,0,0,0
28,119,4,0,0,0,0
29,83,27,3,4,0,0
29,84,15,3,6,17,8
29,87,3,0,0,0,0
29,88,3,0,0,0,0
29,89,12,0,0,0,0
29,90,40,3,3,3,3
29,91,4,0,0,0,0
29,96,17,0,3,5,0
29,97,13,3,3,10,0
29,98,23,0,3,15,3
29,99,18,3,0,0,0
29,100,16,0,0,0,0
29,101,6,0,0,0,0
29,111,11,0,3,0,0
29,112,10,0,0,0,0
29,113,6,0,0,0,0
29,114,11,0,0,0,0
29,115,8,0,0,0,0
29,117,6,0,0,0,0
29,119,5,0,0,0,0
30,84,9,0,0,3,0
30,89,9,0,0,0,0
30,90,5,0,0,0,0
30,97,45,4,0,5,0
30,98,19,3,3,10,0
30,99,3,0,0,0,0
30,100,54,3,5,12,0
30,101,3,0,3,0,0
30,112,3,0,0,0,0
30,113,29,0,4,4,0
30,114,19,0,0,0,0
30,115,16,3,0,0,0
30,118,12,0,0,0,0
30,119,5,0,0,0,0
31,83,5,0,0,0,0
31,97,7,0,0,0,0
31,98,3,0,0,3,0
31,103,3,0,0,0,0
31,112,8,0,3,4,0
31,113,8,0,3,5,0
31,114,15,0,0,0,0
31,115,5,0,0,0,0
32,112,3,0,0,0,0
34,105,6,0,0,0,16
34,126,3,0,0,0,0
35,40,4,0,0,0,0
35,41,15,3,0,0,0
35,104,3,0,0,0,0
36,40,13,0,0,0,0
36,41,11,0,0,0,0
36,42,4,0,0,0,0
36,43,8,0,0,0,0
36,104,3,0,0,0,0
37,40,18,0,0,0,0
37,41,17,0,0,0,0
37,42,14,0,0,0,0
37,43,18,0,0,0,0
37,44,12,0,0,0,0
37,45,11,0,0,0,0
37,88,9,0,0,0,0
38,39,8,0,0,0,0
38,40,14,0,0,0,0
38,41,11,0,0,0,0
38,42,18,0,0,0,0
38,43,29,0,3,3,0
38,44,26,0,0,0,0
38,46,4,0,0,0,0
38,86,3,0,0,0,0
38,87,4,0,0,0,0
38,127,3,0,0,0,0
39,43,7,3,0,0,0
39,44,14,0,0,0,0
39,127,15,0,0,0,0
40,127,3,3,0,3,0
41,0,5,0,0,0,0
41,127,3,0,0,0,0
42,0,5,0,0,0,0
43,0,12,0,0,0,0
43,66,20,0,0,0,0
43,67,5,0,0,0,0
44,16,6,0,0,0,0
44,17,8,0,0,0,0
44,18,11,0,3,0,0
44,19,12,0,0,0,0
44,65,10,0,0,0,0
44,66,28,0,0,0,0
44,67,20,0,0,0,0
44,68,3,0,0,0,0
45,2,3,0,0,0,0
45,17,12,0,0,3,0
45,18,19,0,0,3,0
45,19,17,0,0,0,0
45,20,7,0,0,0,0
45,64,16,0,0,0,0
45,65,22,4,0,0,3
45,66,33,3,0,0,0
45,67,20,0,0,0,0
45,68,16,0,0,0,0
46,18,14,0,0,0,0
46,19,9,0,0,3,3
46,20,10,3,0,0,0
46,21,5,0,0,0,0
46,40,9,0,0,0,0
46,63,17,0,0,0,0
46,64,10,0,0,0,0
46,65,22,0,0,0,0
46,66,31,0,0,0,0
46,67,26,3,5,0,3
46,68,15,0,0,0,0
47,0,5,0,0,0,0
47,1,3,0,0,0,0
47,18,18,0,0,3,0
47,19,22,0,0,0,0
47,20,16,0,0,3,0
47,21,12,0,0,0,0
47,63,12,0,0,0,0
47,64,32,0,0,0,0
47,65,17,3,0,0,0
47,66,26,0,0,0,0
47,67,18,0,0,0,0
47,68,5,0,0,0,0
48,0,8,0,0,0,0
48,1,9,0,3,0,0
48,2,4,0,0,0,0
48,15,23,0,0,0,0
48,16,20,0,0,0,0
48,17,10,0,0,0,3
48,18,19,0,0,3,0
48,19,38,0,0,3,0
48,20,10,3,0,0,0
48,63,10,0,0,0,0
48,64,30,0,0,0,0
48,65,32,0,0,0,0
48,66,31,0,3,0,3
48,67,29,3,0,0,0
48,68,24,0,0,0,0
48,69,17,0,0,0,0
48,75,3,0,0,0,0
48,124,3,0,0,0,0
49,17,11,0,0,0,0
49,18,26,0,0,0,0
49,19,23,0,0,0,0
49,20,11,0,0,0,0
49,34,5,0,0,0,0
49,36,3,0,0,0,0
49,46,24,0,0,0,0
49,47,7,0,0,0,0
49,64,7,0,0,0,0
49,65,22,0,0,0,0
49,66,36,6,0,0,0
49,67,14,0,0,0,0
49,68,26,0,3,0,0
49,69,16,0,0,0,0
49,70,9,0,0,0,0
49,71,4,0,0,0,0
49,72,3,0,0,0,0
49,73,3,0,0,0,0
49,74,9,0,0,0,0
50,16,3,0,0,0,0
50,17,13,0,0,0,3
50,18,22,0,0,0,0
50,19,20,0,0,0,0
50,20,6,0,0,0,0
50,21,13,0,0,0,0
50,22,3,0,0,0,0
50,36,3,0,0,0,0
50,46,15,0,0,3,0
50,47,12,0,0,0,0
50,48,17,0,0,0,0
50,49,14,0,0,0,0
50,64,10,0,0,0,0
50,65,28,0,0,0,3
50,66,16,0,0,0,0
50,67,20,0,0,0,0
50,68,4,0,0,0,0
50,71,4,0,0,0,0
50,73,3,0,0,0,0
51,5,5,0,0,0,0
51,17,15,0,0,0,0
51,20,8,3,0,0,0
51,39,3,0,0,0,0
51,46,13,0,0,0,0
51,47,15,0,0,0,0
51,48,21,0,0,0,0
51,49,14,0,3,0,0
51,50,11,0,0,0,0
51,51,7,0,0,0,0
51,72,8,0,3,3,0
51,74,9,0,0,0,0
51,124,6,0,0,0,0
52,45,12,0,0,0,0
52,46,8,0,0,0,0
52,47,20,0,0,0,0
52,48,17,0,0,0,0
52,49,11,0,0,0,0
52,50,5,0,0,0,0
52,51,7,3,0,0,0
52,72,3,0,0,0,0
52,73,3,0,0,0,0
52,124,14,0,0,0,0
53,15,3,0,0,0,0
53,46,3,0,0,0,0
53,47,7,0,0,0,0
53,48,16,0,0,0,0
53,49,3,0,0,0,0
53,51,13,0,0,0,0
53,52,3,0,0,0,0
53,72,5,0,0,0,0
53,73,3,0,0,0,0
53,122,4,0,0,0,0
53,124,22,0,0,0,0
53,125,21,0,0,0,0
54,15,6,0,0,0,0
54,49,4,0,0,0,0
54,51,17,0,0,0,0
54,73,4,0,0,0,0
54,124,16,0,0,0,0
54,125,20,0,0,0,0
55,50,15,0,0,0,0
55,51,10,0,0,0,0
55,52,10,0,0,0,0
55,123,22,0,0,0,0
55,124,22,0,0,0,0
55,125,13,0,0,0,0
56,50,18,0,0,0,0
56,51,21,0,0,3,0
56,52,21,0,0,0,0
56,53,16,0,0,0,3
56,57,4,0,0,0,0
56,123,3,0,0,0,0
56,124,6,0,0,0,0
57,50,21,0,0,0,0
57,51,7,0,0,0,0
57,52,11,0,0,0,0
57,53,13,0,0,0,0
58,50,22,0,0,0,0
58,51,31,0,3,0,0
58,52,11,0,3,0,0
58,53,11,0,0,0,0
59,47,3,0,0,0,0
59,48,21,0,0,0,0
59,49,16,0,0,0,0
59,50,15,0,0,0,0
59,51,29,0,0,0,3
59,52,13,0,0,0,0
59,53,16,0,0,0,0
59,111,6,0,0,0,0
59,112,3,0,0,0,0
59,118,4,0,0,0,0
59,119,3,0,0,0,0
59,120,4,0,0,0,0
60,49,16,0,0,0,0
60,50,22,3,0,0,0
60,51,16,3,0,0,0
60,52,15,0,0,0,0
60,53,15,0,0,0,0
60,113,5,0,4,0,0
60,114,12,0,6,0,0
60,115,9,0,0,0,0
60,116,13,0,0,0,0
60,117,15,0,3,0,0
60,118,32,3,0,0,0
60,119,11,0,0,0,0
60,120,33,0,3,10,0
60,121,6,0,0,0,0
60,122,4,0,0,0,0
60,123,12,0,0,3,0
61,49,8,0,0,0,0
61,50,11,0,0,0,0
61,51,8,0,0,0,0
61,113,4,0,0,0,0
61,114,20,3,0,3,0
61,115,28,0,0,3,0
61,116,16,3,0,0,0
61,117,12,0,0,0,0
61,118,11,0,0,0,0
61,119,19,0,0,3,0
61,120,26,0,0,3,0
61,121,16,0,0,0,0
61,122,3,0,0,0,0
61,123,7,0,0,4,0
62,51,10,0,0,0,0
62,114,13,0,0,0,0
62,115,13,0,3,0,0
62,116,17,0,0,0,0
62,117,12,0,0,0,0
62,118,6,0,0,0,0
62,119,26,0,0,3,0
62,120,18,0,0,0,0
62,121,12,3,0,0,0
63,61,12,0,0,0,0
63,62,12,0,0,0,0
63,63,7,0,0,3,0
63,64,4,0,0,0,0
63,115,9,0,0,0,0
63,116,32,0,0,0,0
63,117,18,0,0,0,0
63,118,38,0,0,0,0
63,119,18,0,0,0,0
63,120,10,0,0,0,0
64,60,3,0,0,0,0
64,61,14,0,0,0,0
64,62,17,0,0,0,0
64,63,19,0,0,0,0
64,64,16,0,0,5,0
64,116,4,0,0,0,0
64,117,37,3,0,5,0
64,118,32,3,0,0,0
64,119,11,0,0,3,0
65,59,10,0,0,3,0
65,60,10,0,0,0,0
65,61,18,0,4,0,0
65,62,32,0,0,0,0
65,63,32,0,0,3,0
65,64,12,0,0,0,0
65,116,15,3,0,0,0
65,117,23,0,0,3,0
65,118,29,0,0,0,0
65,119,20,0,0,0,0
66,58,5,0,0,0,0
66,59,15,0,0,0,0
66,60,31,0,0,0,0
66,61,32,0,3,0,0
66,62,46,3,3,0,0
66,63,38,0,0,0,0
66,64,19,0,0,0,0
66,65,4,0,0,0,0
66,101,5,0,0,0,0
66,116,11,0,4,3,0
66,117,15,0,0,0,0
66,118,22,3,0,4,0
66,119,10,0,0,0,0
67,59,15,0,0,0,0
67,60,12,0,0,0,0
67,61,12,0,0,0,0
67,62,12,0,0,3,0
67,63,31,4,0,3,0
67,64,16,0,0,3,0
67,116,8,0,0,0,0
67,117,9,0,0,3,0
68,60,28,0,0,0,0
68,61,8,0,0,0,0
68,62,3,0,0,0,0
68,63,29,3,0,0,0
68,64,18,0,0,4,0
69,63,17,0,0,3,0
69,64,18,0,0,0,0
70,52,3,0,0,0,0
70,65,3,0,0,0,0
71,52,3,0,0,0,0
74,125,4,0,0,0,0
75,6,11,0,0,3,0
75,8,5,0,0,11,0
75,9,8,3,0,0,0
75,10,23,0,0,7,0
75,11,13,0,0,0,0
75,12,18,0,0,0,0
75,123,8,0,0,0,0
75,124,3,0,0,0,0
75,125,24,0,0,3,0
75,126,19,0,0,0,0
76,6,24,4,12,25,0
76,7,10,0,0,6,0
76,8,14,0,0,0,0
76,9,37,4,0,0,0
76,10,34,0,0,3,0
76,11,22,3,0,3,0
76,12,22,0,0,0,0
76,13,23,0,0,3,0
76,14,4,0,0,0,0
76,124,14,3,0,0,0
76,125,19,0,0,0,0
76,126,18,0,0,0,0
76,127,5,0,0,0,0
77,5,3,0,0,0,0
77,6,22,0,7,14,0
77,7,49,3,0,4,0
77,8,19,0,0,3,0
77,9,33,0,0,8,3
77,10,22,0,7,11,0
77,11,22,3,0,6,0
77,12,29,5,5,0,0
77,13,23,3,0,0,0
77,21,17,0,0,0,0
77,22,7,0,0,0,3
77,23,10,0,0,0,0
77,124,5,0,0,0,0
77,125,3,0,0,0,0
77,126,4,0,0,0,0
78,1,4,0,0,0,0
78,5,6,0,0,0,0
78,6,9,0,0,0,3
78,7,9,0,0,8,0
78,8,13,3,0,0,0
78,9,20,0,3,0,3
78,10,18,0,0,3,0
78,11,18,0,0,5,0
78,12,4,0,0,3,0
78,13,25,4,0,3,0
78,20,3,0,0,0,0
78,21,6,0,0,0,0
78,22,11,3,0,0,0
78,96,4,0,0,0,0
78,124,6,0,0,0,0
78,125,6,0,0,0,0
79,8,23,3,0,17,6
79,9,28,0,6,4,3
79,10,30,3,11,12,0
79,11,9,0,0,0,0
79,12,4,0,0,0,0
79,21,3,0,0,0,0
79,37,3,0,0,0,0
79,97,3,0,0,0,0
79,124,5,0,0,0,0
79,125,11,0,0,0,0
80,5,3,0,0,0,0
80,8,20,3,3,8,3
80,9,29,0,0,3,0
80,10,10,0,0,3,0
80,11,12,4,3,4,0
80,12,8,0,0,0,0
80,92,8,0,3,0,0
80,93,18,0,0,0,0
80,94,3,0,0,0,0
80,95,6,0,0,0,0
80,96,5,0,0,0,0
80,97,9,0,0,0,0
80,124,7,0,0,0,0
81,4,3,0,0,0,0
81,5,5,0,0,0,0
81,8,18,0,4,7,3
81,9,24,4,5,18,0
81,10,20,3,0,3,0
81,11,33,0,3,3,0
81,12,20,3,0,7,0
81,19,3,0,0,0,0
81,93,10,3,0,0,0
81,96,3,0,0,0,0
81,97,11,0,0,0,0
81,98,27,0,0,0,0
82,8,14,0,0,0,0
82,9,29,0,3,10,3
82,10,26,0,3,9,0
82,11,34,0,0,0,0
82,12,6,0,0,0,3
83,9,15,3,0,3,0
83,10,15,0,0,0,0
83,11,21,3,0,0,0
83,12,9,0,0,0,0
83,32,6,0,0,0,0
83,33,19,0,0,3,0
83,34,10,0,0,0,0
83,35,22,0,0,5,0
84,8,5,0,6,0,0
84,9,11,0,0,0,0
84,11,12,0,0,0,3
84,31,10,0,0,0,0
84,32,18,0,0,0,0
84,33,17,0,0,4,0
84,34,17,0,0,0,0
84,35,3,0,0,3,0
84,36,12,0,0,0,0
84,37,14,0,0,0,0
84,38,10,0,0,0,0
84,39,5,0,0,4,0
84,41,3,0,0,0,0
84,42,7,3,0,0,0
85,30,3,0,0,0,0
85,31,8,0,0,0,0
85,32,25,0,3,4,0
85,33,13,0,0,0,0
85,34,25,3,0,4,3
85,35,9,3,0,3,0
85,36,11,0,0,0,0
85,37,38,0,0,7,0
85,38,26,0,0,0,0
85,39,14,0,0,3,0
85,40,22,4,4,5,0
85,41,35,0,0,4,0
85,42,16,0,0,0,0
85,43,11,0,0,0,0
86,32,18,4,3,8,0
86,33,27,0,0,0,0
86,34,27,0,3,7,0
86,35,19,3,0,6,0
86,36,14,3,3,6,3
86,37,6,0,4,3,0
86,38,38,3,0,9,3
86,39,18,0,3,0,4
86,40,63,3,6,5,5
86,41,38,3,0,3,0
86,42,22,0,3,5,0
86,43,21,0,0,0,0
87,0,3,0,0,0,0
87,33,4,0,0,3,0
87,34,6,0,0,0,0
87,37,6,0,0,0,0
87,38,28,5,0,3,8
87,39,25,4,0,0,0
87,40,58,0,7,3,3
87,41,39,0,0,0,0
87,42,27,0,0,4,0
87,43,30,0,0,0,0
87,44,3,0,0,0,0
88,34,3,0,0,0,0
88,37,15,0,3,0,0
88,38,45,0,3,4,0
88,39,21,3,0,4,0
88,40,39,3,0,7,5
88,41,7,0,0,0,0
88,42,11,0,0,0,0
88,43,14,0,0,0,0
88,107,3,0,0,0,0
89,33,3,0,0,0,0
89,37,16,0,0,0,0
89,38,31,3,0,4,0
89,39,35,3,0,0,0
89,40,31,0,0,6,0
89,41,30,5,0,6,0
89,42,33,0,0,0,3
89,43,24,0,0,0,0
89,44,16,0,0,5,0
90,8,3,0,0,0,0
90,9,23,0,0,0,0
90,10,11,0,0,0,0
90,12,4,0,0,0,0
90,37,4,0,0,0,0
90,38,40,0,0,0,0
90,39,29,0,0,0,0
90,40,8,3,0,0,0
90,41,7,0,0,0,0
90,42,6,0,0,0,0
90,43,3,0,0,4,0
90,44,7,0,0,0,0
90,104,7,0,0,0,0
90,106,19,4,0,3,0
90,107,9,0,0,0,0
90,108,18,0,0,0,0
90,109,9,0,0,0,0
91,8,13,0,0,0,0
91,9,22,0,3,0,3
91,10,27,3,0,3,0
91,11,35,0,0,3,0
91,12,8,0,0,0,0
91,36,25,0,3,16,0
91,37,29,3,4,11,0
91,38,18,0,0,16,0
91,39,9,0,0,6,0
91,104,21,0,0,0,0
91,105,11,0,6,0,0
91,106,11,0,3,0,0
91,107,31,0,0,0,0
91,108,31,5,0,0,0
91,109,9,0,0,0,0
92,9,15,0,0,0,0
92,10,29,0,8,3,0
92,11,5,0,0,0,0
92,62,4,0,0,0,0
92,63,16,0,0,0,4
92,104,22,0,0,0,0
92,105,21,0,0,0,0
92,106,11,3,0,0,0
92,107,20,0,0,0,0
92,108,23,3,0,0,0
92,109,3,0,0,0,0
93,61,5,0,0,0,0
93,62,10,0,0,0,0
93,103,5,0,0,0,0
93,104,5,0,0,0,0
93,105,33,0,0,0,0
93,106,13,0,0,0,0
93,107,23,0,0,0,0
93,108,11,0,0,0,0
93,110,5,0,0,0,0
94,61,5,0,0,0,0
94,103,3,0,0,0,0
94,104,20,0,0,0,0
94,105,20,0,0,0,0
94,106,13,0,0,0,0
94,107,17,0,0,0,0
94,108,24,0,0,0,0
95,103,15,0,0,0,0
95,104,3,0,0,0,0
95,105,48,0,8,0,0
95,106,21,0,0,0,0
95,107,28,3,3,0,3
96,90,3,0,0,0,0
96,103,12,0,0,0,0
96,104,3,0,0,0,0
96,105,20,0,0,0,0
96,106,25,0,0,3,0
96,107,9,0,0,0,0
97,104,12,0,0,3,3
97,106,20,0,0,0,0
97,107,4,0,0,0,0
98,1,4,0,0,0,0
98,3,3,0,0,0,0
98,57,7,0,0,0,0
98,58,25,0,0,0,0
98,59,7,3,0,0,0
98,60,30,0,0,0,0
98,61,13,0,0,0,0
99,1,9,0,0,0,0
99,2,13,3,3,0,4
99,3,6,0,0,5,0
99,23,3,0,0,0,0
99,24,4,0,0,0,0
99,58,3,0,0,0,0
99,59,16,0,0,0,0
99,60,22,0,0,0,0
99,61,18,0,0,3,0
99,104,3,0,0,0,0
100,0,4,0,0,0,0
100,1,29,0,5,4,0
100,2,37,3,0,6,0
100,3,13,0,0,0,0
100,4,6,0,0,5,0
100,20,3,0,0,0,0
100,21,7,0,0,0,0
100,22,17,0,0,0,0
100,23,12,0,0,0,0
100,24,15,3,0,3,3
100,30,4,0,0,0,0
100,57,15,0,0,0,0
100,58,30,0,0,0,0
100,59,36,0,0,0,0
100,60,38,0,0,3,0
100,61,20,0,0,0,0
100,62,6,0,0,0,0
100,64,10,0,0,0,0
101,0,7,0,0,0,0
101,1,40,0,0,0,0
101,2,25,0,0,0,0
101,3,6,0,0,0,0
101,20,19,0,3,0,0
101,21,18,0,0,3,3
101,22,26,0,3,5,3
101,23,37,0,3,3,0
101,24,22,0,0,0,0
101,25,12,0,0,0,0
101,57,3,0,0,0,0
101,58,25,0,0,0,0
101,59,12,0,0,0,0
101,60,9,3,0,0,0
101,61,22,3,0,0,0
101,62,7,0,0,0,0
101,63,4,0,0,0,0
101,66,3,0,0,0,0
102,0,31,0,0,0,0
102,1,24,0,0,0,0
102,2,21,0,0,0,0
102,3,24,3,0,0,0
102,20,17,0,0,0,0
102,21,46,0,3,3,0
102,22,33,0,3,3,3
102,23,13,3,3,0,0
102,24,21,0,0,0,0
102,25,21,0,0,0,0
102,26,3,0,0,0,0
102,57,3,0,0,0,0
102,60,24,0,0,3,0
102,61,21,3,0,0,0
102,62,10,0,0,0,0
103,0,16,0,0,0,0
103,1,33,0,0,3,0
103,2,6,0,0,0,0
103,3,7,0,0,0,0
103,17,3,0,0,0,0
103,18,16,4,0,0,0
103,19,28,0,0,0,3
103,20,22,0,0,3,0
103,21,15,0,0,0,0
103,22,24,3,0,0,0
103,23,43,4,0,5,0
103,24,41,0,0,3,0
103,25,17,0,0,0,0
103,26,13,0,0,0,0
103,60,20,3,0,0,0
103,61,19,0,0,0,0
103,62,7,3,0,0,0
103,63,3,0,0,0,0
104,17,4,0,0,0,0
104,18,31,4,0,0,0
104,19,19,0,0,0,0
104,20,17,0,0,0,0
104,21,13,0,0,0,0
104,22,13,3,0,0,0
104,23,12,0,0,0,0
104,24,14,0,0,0,0
104,25,16,4,0,0,0
104,26,8,0,0,0,0
105,18,3,0,0,0,0
105,19,4,0,0,0,0
105,20,22,0,0,0,0
105,21,3,0,0,0,0
105,22,3,0,0,0,0
105,23,3,0,0,0,0
105,24,20,0,0,0,0
105,25,12,0,3,0,0
105,26,4,0,0,0,0
105,113,5,0,0,0,0
105,114,10,0,0,0,0
105,115,4,0,0,0,0
105,116,3,0,0,0,0
106,25,9,0,0,0,0
106,26,4,0,0,0,0
106,112,4,0,0,0,0
106,113,25,3,0,0,0
106,114,13,3,0,4,0
106,115,38,0,0,0,4
106,116,18,3,0,0,0
106,119,3,0,0,0,0
107,111,3,0,0,0,0
107,112,3,0,0,0,0
107,113,18,0,0,3,3
107,114,25,0,0,0,0
107,115,39,0,0,0,0
107,116,41,3,0,0,0
107,117,10,0,0,0,0
108,113,26,0,0,0,0
108,114,44,4,6,0,0
108,115,31,0,6,0,0
108,116,29,3,8,0,0
108,117,3,0,0,0,0
108,118,4,0,0,0,0
109,114,35,3,3,0,0
109,115,33,3,4,0,0
109,116,15,0,3,0,0
109,117,7,0,4,0,0
109,118,11,0,0,0,0
109,119,3,0,0,0,0
109,120,15,0,3,0,0
109,121,7,0,0,0,0
110,94,3,0,0,0,0
110,95,4,0,0,0,0
110,111,11,0,0,0,0
110,114,3,0,0,0,0
110,115,34,0,0,0,0
110,116,20,0,0,0,3
110,117,30,0,8,0,0
110,118,20,0,0,0,0
110,119,17,0,3,0,0
111,95,29,0,0,0,0
111,96,4,0,0,0,0
111,100,5,0,0,0,0
111,110,14,0,0,0,0
111,111,23,0,3,0,0
111,112,6,0,0,0,0
111,113,15,3,0,0,0
111,114,21,0,3,0,0
111,115,15,0,0,0,0
111,116,29,0,0,0,0
111,117,31,0,0,0,0
111,118,8,0,0,0,0
111,119,17,0,0,3,0
111,120,7,0,0,0,0
111,121,13,0,0,3,0
112,95,20,3,0,0,0
112,96,13,0,0,0,0
112,98,8,0,0,3,0
112,99,25,0,0,0,0
112,111,49,0,9,3,0
112,112,23,0,7,6,0
112,113,16,0,0,0,0
112,114,8,0,0,0,0
112,117,16,4,0,0,0
112,118,24,0,0,0,0
112,119,21,0,0,0,0
112,120,13,3,3,0,0
112,121,23,0,7,3,0
113,12,4,0,0,0,0
113,95,5,0,0,0,0
113,96,13,0,0,0,0
113,97,8,0,0,0,0
113,98,14,0,0,0,0
113,99,27,0,0,0,0
113,111,6,0,4,0,0
113,112,7,0,0,0,0
113,113,15,3,0,0,0
113,114,7,0,0,0,0
113,118,13,0,0,0,0
113,119,32,4,0,0,3
113,120,23,0,0,0,0
113,121,11,0,0,0,0
113,122,11,3,0,0,0
114,22,3,0,0,0,0
114,23,3,0,0,0,0
114,57,11,0,0,0,0
114,58,13,0,0,0,0
114,59,4,0,0,0,0
114,94,6,0,0,0,0
114,96,14,0,0,0,0
114,97,30,0,0,3,0
114,98,8,0,0,0,0
114,99,8,0,0,0,0
114,111,14,0,3,0,0
114,112,20,3,3,0,0
114,113,17,0,0,0,0
114,114,9,3,0,0,0
114,118,11,0,0,0,0
114,119,27,0,0,0,0
114,120,20,0,0,0,0
114,121,10,0,0,0,0
115,16,4,0,0,0,0
115,17,8,3,0,0,0
115,57,11,0,0,0,0
115,58,18,3,3,0,3
115,59,21,0,0,0,3
115,96,7,0,0,6,0
115,97,18,0,0,0,0
115,98,11,0,0,0,0
115,100,7,0,0,0,0
115,111,13,0,0,0,0
115,112,35,3,0,0,0
115,113,13,4,0,0,0
115,118,10,0,0,0,0
115,119,3,0,0,0,0
115,120,17,0,0,0,0
115,121,5,0,0,0,0
116,16,16,0,4,0,4
116,19,10,0,0,0,0
116,57,10,0,0,0,0
116,58,5,0,0,0,0
116,59,25,0,0,0,0
116,96,7,0,0,0,3
116,97,9,0,0,0,0
116,110,5,0,0,0,0
116,111,32,0,0,3,0
116,112,26,0,0,0,0
116,113,30,3,0,0,0
116,118,6,0,0,0,0
116,119,5,0,0,0,0
116,120,9,0,0,0,0
116,121,23,0,0,0,0
117,15,3,0,0,0,0
117,16,28,3,0,0,6
117,17,16,3,0,0,3
117,18,32,0,3,0,0
117,19,42,0,0,5,0
117,57,24,0,0,0,0
117,58,30,0,0,0,0
117,59,29,4,0,0,0
117,97,4,0,0,0,0
117,110,11,0,0,0,0
117,111,38,3,0,0,0
117,112,32,3,0,0,0
117,113,9,0,0,0,0
117,120,11,0,0,0,0
117,121,14,0,0,0,0
118,14,11,0,0,0,4
118,15,20,0,5,0,0
118,16,23,0,0,0,4
118,17,20,0,0,0,4
118,18,17,0,0,0,0
118,19,10,0,0,0,3
118,20,11,0,0,3,0
118,56,5,0,0,0,0
118,57,19,0,3,0,0
118,58,25,0,0,0,0
118,59,7,0,0,0,0
118,60,3,0,0,0,0
118,97,5,0,0,0,0
118,111,14,0,0,0,0
118,112,10,0,0,0,0
119,14,5,0,0,3,3
119,15,21,3,0,0,3
119,16,18,0,0,4,3
119,17,30,0,3,0,0
119,18,6,0,0,3,0
119,56,4,0,0,0,0
119,57,11,0,0,0,0
119,58,6,0,0,0,0
119,59,18,0,0,0,0
119,68,9,0,0,0,0
119,69,6,0,0,0,0
120,16,21,0,0,3,3
120,17,10,0,0,3,3
120,18,18,0,0,0,0
120,58,10,0,0,0,0
120,59,8,0,0,0,0
120,60,21,0,0,0,0
120,67,3,0,0,0,0
120,68,20,3,0,0,0
120,69,6,3,0,0,0
120,70,8,0,0,0,0
121,16,4,0,3,0,0
121,17,17,0,0,0,4
121,18,7,0,3,3,0
121,57,3,0,0,0,0
121,60,4,0,0,0,0
121,61,3,0,0,0,0
121,68,28,0,0,0,3
121,69,23,5,0,0,0
121,70,4,0,0,0,0
121,71,3,0,0,0,0
122,68,18,0,0,0,0
122,69,13,0,0,0,0
122,70,25,0,0,0,0
122,71,9,0,0,0,0
123,62,4,0,0,0,0
123,69,24,0,0,0,0
123,70,23,0,0,3,0
123,71,3,0,0,0,0
123,103,3,0,0,0,0
124,68,5,0,0,0,0
124,69,20,0,0,0,0
124,104,6,0,0,0,0
124,105,21,0,0,0,0
124,106,3,0,0,0,0
125,22,3,0,0,0,0
125,23,5,0,0,0,0
125,104,10,0,0,0,0
125,105,15,3,0,0,0
126,20,13,0,0,0,0
126,21,23,0,0,0,3
126,22,15,0,0,0,0
126,23,7,3,0,0,3
126,24,7,0,4,0,0
126,69,3,0,0,0,0
126,105,17,0,0,0,0
126,106,10,0,3,0,0
127,20,8,0,0,0,3
127,21,9,0,0,0,0
127,22,30,0,3,3,0
127,23,20,3,0,0,0
127,24,22,0,0,0,3
127,25,3,0,0,0,0
127,106,19,0,0,0,0
127,107,16,3,0,0,0
127,108,10,0,0,0,0