x,y,1,2,3,4,5
0,9,3,3,3,5,5
0,25,13,17,8,17,5
0,52,6,3,9,13,3
0,59,10,3,21,10,12
0,60,3,0,3,3,0
0,63,0,0,3,3,0
0,64,3,0,4,3,3
0,80,6,3,16,18,7
0,81,9,15,24,14,35
0,97,3,3,0,0,0
0,102,21,12,30,31,17
0,103,18,12,36,20,21
0,108,12,0,10,3,0
0,113,3,0,3,10,8
0,119,22,30,76,50,14
1,8,0,0,0,0,3
1,13,0,0,0,3,0
1,14,0,0,0,0,3
1,15,0,3,3,3,6
1,24,0,0,6,5,54
1,25,12,13,37,34,25
1,26,0,0,0,0,3
1,59,3,3,9,12,13
1,62,3,0,3,0,0
1,63,0,0,3,6,6
1,64,32,12,39,27,16
1,70,0,0,0,0,3
1,71,19,0,19,13,19
1,95,0,0,0,0,6
1,98,0,0,0,3,0
1,102,32,24,56,52,44
1,103,11,19,20,29,11
1,112,3,3,11,12,0
1,113,13,10,20,13,14
1,121,7,0,19,11,15
2,8,0,0,0,3,0
2,14,0,0,0,3,0
2,15,0,0,0,0,3
2,22,6,5,17,12,12
2,25,9,9,18,26,16
2,59,7,0,4,3,0
2,62,11,5,32,29,32
2,63,16,3,25,12,29
2,64,3,0,3,4,0
2,74,6,3,12,12,9
2,75,0,0,3,0,0
2,89,3,6,16,14,6
2,103,0,0,3,3,0
2,104,0,0,0,3,0
2,111,11,0,9,3,3
2,112,4,3,3,0,0
2,113,0,0,0,3,0
2,122,0,0,0,3,0
2,123,3,0,0,0,0
3,10,3,0,4,3,0
3,11,6,0,12,3,3
3,24,6,0,15,13,6
3,25,3,0,5,3,3
3,37,0,3,6,0,0
3,38,0,0,3,0,0
3,39,0,0,0,3,0
3,49,0,0,3,0,0
3,65,0,0,0,3,0
3,66,6,3,12,4,3
3,67,3,6,10,6,3
3,75,6,3,3,3,0
3,76,0,0,0,3,0
3,79,0,0,0,0,3
3,88,3,6,9,12,6
3,89,3,0,6,3,6
3,91,0,0,0,3,0
3,104,0,0,0,3,3
3,111,0,0,6,6,10
3,118,3,3,0,0,0
3,123,23,10,40,27,14
3,124,19,15,37,21,16
3,125,3,0,4,6,0
4,11,6,0,9,10,3
4,15,0,0,0,0,3
4,16,0,0,3,6,0
4,23,0,0,0,3,0
4,24,0,0,3,0,0
4,46,7,0,10,14,3
4,47,0,6,11,15,17
4,63,0,0,3,0,6
4,66,0,0,3,0,0
4,67,0,3,3,0,0
4,73,0,0,0,0,3
4,76,0,0,0,4,0
4,78,11,0,19,7,6
4,79,21,13,44,35,15
4,80,7,16,18,22,24
4,91,6,0,9,6,9
4,92,0,0,3,6,6
4,95,0,3,3,0,3
4,101,0,0,0,3,3
4,102,3,0,10,16,0
4,103,0,0,0,6,0
4,105,6,3,12,3,0
4,106,3,0,6,3,0
4,111,9,0,3,6,3
4,113,3,0,0,3,3
4,125,3,0,9,0,3
5,2,3,3,6,9,3
5,13,0,11,15,27,17
5,22,0,0,3,0,0
5,26,3,3,18,3,9
5,44,3,0,0,0,0
5,46,3,3,6,3,0
5,47,14,7,20,11,22
5,53,4,0,3,0,0
5,62,0,4,3,7,0
5,73,0,6,12,0,3
5,74,0,0,3,0,0
5,78,7,0,8,0,7
5,79,13,8,23,22,11
5,80,57,66,99,118,98
5,81,3,4,8,17,13
5,86,6,3,14,17,11
5,92,8,3,17,15,6
5,99,0,0,0,3,0
5,100,3,0,3,3,0
5,102,0,0,3,0,0
5,107,0,0,3,3,0
5,110,0,3,6,6,0
5,111,0,0,0,3,0
5,115,3,3,7,3,15
5,120,0,3,3,3,0
6,2,10,3,36,27,25
6,3,0,0,3,3,0
6,13,9,3,14,9,6
6,25,0,0,3,0,0
6,26,3,0,10,3,8
6,43,0,0,3,3,6
6,44,0,3,7,0,0
6,53,8,7,27,24,9
6,61,3,0,0,3,0
6,62,3,0,6,3,3
6,66,0,0,0,0,3
6,68,6,0,9,0,0
6,69,9,3,22,6,12
6,70,0,0,7,3,6
6,76,10,9,13,18,9
6,77,0,3,0,3,13
6,83,0,0,3,3,6
6,84,3,3,3,0,3
6,95,9,3,13,6,9
6,96,3,0,5,0,0
6,99,6,6,13,3,18
6,100,0,0,3,0,0
6,107,4,3,3,0,0
6,108,0,0,3,0,3
6,109,0,0,0,3,0
6,110,3,3,9,6,6
6,115,3,3,3,0,6
6,118,6,3,20,7,13
6,119,32,20,74,38,11
6,127,3,0,6,6,0
7,2,0,0,0,3,0
7,5,0,0,4,0,3
7,6,0,3,6,0,7
7,9,0,0,0,5,0
7,20,3,3,8,7,3
7,53,0,0,3,0,3
7,76,0,0,6,0,0
7,77,17,11,26,19,9
7,81,6,0,5,0,6
7,84,32,18,61,37,26
7,85,3,0,0,3,0
7,96,0,0,0,0,3
7,110,3,0,3,0,3
7,117,6,3,12,8,6
7,118,0,0,0,3,0
7,120,0,0,3,0,3
8,0,0,0,4,3,6
8,15,3,0,5,0,3
8,16,0,0,0,3,4
8,17,8,3,15,12,7
8,19,0,0,3,0,0
8,81,0,3,12,6,6
8,84,10,3,11,3,6
8,85,10,6,18,21,12
8,89,3,0,15,12,6
8,90,16,10,39,19,16
8,93,3,0,6,7,3
8,95,0,0,0,3,0
8,98,0,3,9,3,0
8,99,0,0,0,0,3
8,103,17,0,17,16,3
8,106,0,0,0,3,3
8,107,0,0,0,6,3
8,109,0,3,0,0,0
8,110,0,0,0,3,3
8,111,0,0,0,3,6
8,112,5,6,14,3,10
9,15,34,24,77,100,53
9,16,25,23,71,51,38
9,17,68,46,119,91,78
9,18,8,3,30,16,11
9,47,3,3,14,23,6
9,81,0,0,6,9,7
9,85,8,7,5,14,6
9,89,0,0,3,0,0
9,90,4,3,9,7,3
9,98,3,7,12,19,16
9,102,0,0,0,3,0
9,107,3,0,0,3,0
9,112,11,4,13,3,11
9,124,9,12,19,17,3
10,2,0,0,3,0,3
10,3,5,0,7,16,11
10,15,39,20,66,63,53
10,16,179,200,268,348,325
10,17,29,18,67,82,33
10,18,3,0,11,8,0
10,26,0,0,3,0,0
10,27,3,3,3,0,0
10,47,28,38,58,79,40
10,48,0,0,0,3,0
10,52,0,0,3,0,0
10,62,0,0,0,5,0
10,63,8,6,9,10,3
10,65,0,0,3,6,3
10,73,0,0,0,3,0
10,74,0,0,0,0,3
10,75,3,3,8,6,4
10,80,7,10,12,10,6
10,81,5,6,26,3,11
10,95,0,0,0,0,3
10,112,3,0,0,0,0
10,115,0,0,9,9,6
10,116,0,0,0,3,0
10,121,0,0,0,6,0
10,122,3,0,6,6,6
10,124,3,0,3,0,0
10,125,4,0,3,0,0
11,2,37,12,56,72,31
11,3,0,3,7,9,7
11,8,0,3,7,8,5
11,14,3,0,3,0,0
11,15,7,3,14,8,5
11,16,81,45,151,126,114
11,17,78,63,156,184,258
11,18,17,25,41,49,45
11,19,3,0,3,0,0
11,20,3,0,3,0,0
11,22,3,3,6,5,0
11,23,3,0,4,6,3
11,24,5,23,0,6,0
11,26,0,0,3,0,0
11,28,10,3,15,6,12
11,29,11,16,26,17,17
11,30,34,20,65,48,49
11,31,39,34,90,46,39
11,47,18,9,38,31,7
11,48,9,16,34,28,32
11,52,3,0,7,6,3
11,53,0,3,3,0,0
11,59,0,0,0,3,0
11,62,3,0,9,13,5
11,63,13,17,36,39,27
11,64,11,3,32,40,14
11,65,9,6,15,12,16
11,74,6,3,21,7,3
11,75,0,6,10,10,7
11,80,0,0,6,0,6
11,81,5,5,7,12,12
11,82,0,0,3,3,0
11,87,3,0,3,0,0
11,88,0,0,0,0,3
11,92,3,0,8,0,3
11,93,0,0,0,0,4
11,115,3,3,9,0,5
11,123,0,0,0,3,0
11,125,7,0,15,4,0
11,126,0,0,3,0,0
12,1,3,0,3,0,3
12,3,0,0,3,0,0
12,8,0,0,4,6,6
12,10,0,0,12,11,9
12,11,7,3,10,3,3
12,14,0,0,5,13,6
12,15,0,0,6,7,6
12,16,24,21,47,57,43
12,17,96,120,185,103,105
12,18,50,93,172,156,171
12,19,18,17,52,53,50
12,20,3,6,31,33,35
12,24,0,0,3,0,0
12,30,0,0,0,5,5
12,31,0,0,0,0,3
12,59,0,0,0,3,0
12,64,0,0,6,3,9
12,69,0,0,3,0,3
12,74,3,0,7,4,3
12,81,6,3,6,3,3
12,87,3,6,10,11,3
12,90,0,0,3,0,0
12,98,6,0,11,6,0
12,99,6,0,10,6,3
12,108,0,0,0,3,0
12,109,3,9,16,10,13
12,113,4,0,4,6,5
12,122,0,0,3,0,0
12,124,3,3,3,0,3
12,125,6,0,6,0,0
12,126,6,0,3,0,0
13,1,0,0,0,3,0
13,11,3,0,3,0,0
13,16,6,0,8,6,0
13,17,9,14,36,22,14
13,18,13,3,17,25,12
13,19,21,28,45,43,46
13,20,0,3,9,3,7
13,24,0,0,0,6,0
13,25,3,0,0,3,3
13,27,19,16,48,39,24
13,28,3,3,0,6,3
13,40,3,0,3,0,10
13,41,3,0,3,0,0
13,44,0,0,0,3,0
13,56,0,0,0,3,0
13,69,0,0,13,3,6
13,70,3,6,0,6,3
13,73,0,0,0,3,0
13,74,3,0,0,0,0
13,75,0,0,0,3,0
13,81,6,0,7,6,0
13,89,4,0,0,0,0
13,90,0,0,3,6,3
13,93,0,0,6,6,0
13,96,6,0,3,0,0
13,98,4,0,9,6,3
13,99,0,0,3,0,0
13,104,3,6,3,3,6
13,105,0,0,0,3,0
13,109,3,0,12,0,0
13,110,0,3,0,0,0
13,119,0,0,0,0,3
13,120,7,0,6,0,6
13,125,0,0,3,0,0
13,126,0,0,3,0,0
13,127,0,0,0,3,3
14,24,0,3,6,6,9
14,27,0,4,12,9,3
14,28,3,3,6,6,0
14,43,0,0,3,0,3
14,46,0,3,3,4,3
14,56,6,0,12,9,7
14,58,0,0,0,0,3
14,65,0,0,0,3,0
14,74,3,0,0,9,0
14,75,3,0,3,0,0
14,76,0,0,0,3,0
14,81,3,0,9,6,3
14,87,0,0,0,3,0
14,88,0,0,5,0,0
14,89,5,3,11,0,3
14,90,3,0,9,6,3
14,91,0,0,0,3,0
14,93,11,9,17,11,15
14,94,3,3,6,6,0
14,104,7,3,13,9,7
14,105,11,3,19,5,6
14,107,3,0,3,3,0
14,109,0,0,0,3,3
14,122,0,3,3,0,0
14,127,3,0,3,3,0
15,21,0,0,0,3,6
15,27,0,0,3,4,0
15,28,0,0,3,3,3
15,47,0,0,3,11,11
15,57,0,0,0,0,3
15,71,0,0,0,0,6
15,87,10,4,10,9,3
15,99,0,3,4,5,8
15,112,6,0,3,0,3
15,118,0,0,4,3,0
15,122,6,6,10,11,6
16,27,3,3,3,0,0
16,28,0,3,0,0,0
16,49,0,0,0,3,0
16,68,0,0,3,3,6
16,71,5,0,0,0,0
16,72,0,3,4,6,3
16,73,0,8,8,13,3
16,80,6,7,17,8,13
16,90,3,0,3,0,6
16,99,6,0,11,6,7
16,100,3,6,3,17,14
16,106,0,0,3,3,3
16,107,0,0,0,0,3
16,113,0,9,9,3,3
16,114,16,0,19,19,6
16,118,4,0,3,0,3
16,122,3,3,9,7,11
16,123,3,0,6,0,6
16,127,0,6,18,10,5
17,5,7,6,16,9,3
17,6,18,19,42,32,44
17,11,6,7,13,16,6
17,18,0,3,12,15,13
17,19,3,3,3,6,3
17,27,3,3,13,0,6
17,62,6,0,6,6,3
17,65,0,0,3,0,3
17,79,0,0,0,4,0
17,96,0,0,0,3,0
17,99,3,0,3,0,0
17,105,0,0,6,0,3
17,107,12,9,25,11,6
17,108,0,0,3,6,0
17,113,3,0,3,10,16
17,114,19,14,15,15,9
17,115,6,9,10,10,13
17,127,6,3,8,6,3
18,0,0,0,3,6,0
18,5,6,9,23,7,16
18,6,12,3,22,12,30
18,15,0,3,0,3,0
18,55,3,0,4,3,0
18,59,6,0,10,6,9
18,60,0,0,0,0,3
18,62,3,0,9,6,6
18,76,4,0,3,0,0
18,77,0,0,0,3,0
18,78,14,6,41,33,20
18,79,14,15,40,35,43
18,80,4,3,5,3,0
18,84,4,0,5,3,0
18,85,9,3,13,12,6
18,86,3,5,10,11,7
18,94,0,0,0,3,0
18,96,3,0,3,0,0
18,103,3,0,3,6,0
18,104,0,0,4,0,3
18,107,0,0,0,3,0
18,110,0,3,0,3,0
18,111,0,3,0,0,0
19,1,0,0,0,3,0
19,14,16,23,22,36,15
19,15,24,9,41,23,13
19,21,0,3,8,12,9
19,54,0,0,3,0,0
19,55,14,6,31,21,10
19,56,3,0,7,3,7
19,78,19,3,25,21,10
19,79,12,7,31,43,23
19,80,26,12,62,35,40
19,81,3,0,3,0,0
19,82,8,0,8,6,4
19,83,0,0,0,3,0
19,84,3,3,3,0,3
19,85,10,3,18,14,3
19,86,0,0,6,8,0
19,89,0,0,3,0,0
19,90,4,0,3,0,0
19,92,0,3,0,0,0
19,93,16,0,18,16,8
19,94,8,0,16,19,11
19,103,6,6,6,9,10
19,104,13,20,43,58,43
19,110,3,3,0,3,0
19,111,11,3,16,6,3
19,116,3,3,3,0,3
19,117,9,0,14,9,12
20,0,0,0,3,0,0
20,1,6,3,9,13,9
20,14,0,0,3,0,0
20,21,11,6,17,19,12
20,55,0,0,3,6,3
20,56,6,4,22,18,29
20,57,23,9,23,6,5
20,65,4,0,3,0,0
20,71,10,3,6,6,0
20,72,3,0,7,6,0
20,79,0,0,3,0,0
20,81,23,6,30,20,13
20,82,6,3,13,13,18
20,83,0,0,3,0,0
20,85,12,6,22,13,13
20,86,16,9,11,13,19
20,87,3,3,8,10,3
20,100,0,0,3,0,3
20,104,0,0,3,0,0
20,108,0,0,3,0,0
20,111,3,0,10,6,6
20,117,0,0,6,3,6
20,122,10,0,3,3,3
21,0,3,3,6,9,0
21,1,6,0,6,0,0
21,3,0,0,0,0,3
21,8,0,3,6,0,0
21,9,3,0,4,0,3
21,21,11,3,18,20,7
21,42,6,0,12,10,8
21,72,3,4,7,7,3
21,73,3,3,12,10,6
21,74,3,0,0,3,3
21,76,3,3,6,8,0
21,81,0,0,3,0,0
21,84,0,0,7,6,0
21,85,0,0,0,3,3
21,86,6,3,4,13,5
21,87,3,0,8,0,0
21,97,3,0,3,3,3
21,98,6,3,3,5,0
21,99,0,0,4,3,3
21,100,7,0,18,11,3
21,105,0,0,3,3,0
21,106,3,0,4,6,3
21,108,9,6,19,6,3
22,3,6,0,6,6,3
22,8,19,6,27,3,25
22,9,6,3,13,9,4
22,17,0,3,0,3,0
22,18,0,9,11,4,0
22,19,6,0,11,4,9
22,42,9,8,10,5,10
22,54,0,0,12,9,3
22,55,0,0,0,8,3
22,61,0,0,0,3,0
22,75,0,0,0,3,3
22,87,0,0,3,7,3
22,88,10,0,9,6,3
22,91,0,0,3,7,3
22,92,0,0,0,3,0
22,98,15,3,19,19,12
22,101,0,0,0,3,0
22,102,0,3,0,3,0
22,107,0,0,3,0,0
22,108,3,0,3,3,0
23,13,3,0,3,3,0
23,17,0,0,3,0,0
23,18,10,21,29,21,6
23,19,0,3,8,7,3
23,34,3,3,15,9,6
23,35,0,8,7,9,3
23,46,3,0,3,0,0
23,47,3,3,7,9,6
23,48,6,0,5,3,3
23,49,6,3,17,7,10
23,59,0,3,8,17,6
23,60,16,11,29,18,27
23,61,0,0,4,0,3
23,68,0,0,0,3,3
23,92,0,0,0,3,0
23,101,0,4,0,3,0
23,107,6,6,6,3,6
23,112,0,0,0,0,3
23,113,4,0,9,6,6
23,118,0,0,3,0,0
23,119,14,3,21,12,19
23,120,9,3,3,10,16
23,124,3,0,3,0,6
23,127,0,0,0,0,3
24,13,12,3,32,22,18
24,18,0,3,5,4,7
24,32,0,0,3,3,3
24,41,0,0,3,0,3
24,58,0,0,0,3,0
24,64,3,4,0,0,3
24,79,3,3,3,6,0
24,80,5,3,8,3,0
24,81,0,0,3,0,3
24,82,0,0,0,3,0
24,89,0,0,0,3,0
24,99,0,0,4,3,3
24,100,3,3,3,0,0
24,107,13,3,15,4,6
24,111,0,0,10,3,0
24,112,0,0,9,0,3
24,113,9,6,21,8,9
24,123,0,0,7,12,25
24,124,16,22,42,44,29
25,4,0,0,0,0,3
25,5,0,0,0,3,0
25,30,3,0,4,9,4
25,41,0,0,0,0,3
25,46,0,0,0,3,0
25,53,3,0,7,0,5
25,54,6,3,17,9,9
25,67,3,3,13,12,8
25,72,3,6,14,8,11
25,74,3,0,3,0,0
25,75,0,0,0,3,0
25,77,13,4,18,10,3
25,79,0,3,0,0,0
25,80,3,0,3,0,3
25,81,3,0,3,0,0
25,89,6,0,7,3,3
25,99,3,0,5,4,3
25,100,3,0,6,0,0
25,105,0,3,0,0,6
25,106,9,6,14,9,15
25,107,10,4,19,6,12
25,124,3,9,9,10,6
25,125,4,3,18,9,5
26,8,7,0,12,6,6
26,12,0,0,3,0,0
26,30,0,0,0,0,3
26,31,22,23,30,7,18
26,32,6,10,11,7,9
26,53,0,3,16,7,17
26,54,9,0,15,24,14
26,55,0,0,3,0,0
26,57,0,0,0,3,0
26,61,10,0,21,20,8
26,62,6,0,10,9,3
26,72,18,16,45,25,27
26,85,3,0,8,6,0
26,86,0,0,3,0,0
26,96,3,0,14,10,10
26,97,0,0,3,0,3
26,102,0,0,0,0,3
26,103,13,0,13,3,10
26,104,0,3,3,0,3
26,105,3,0,3,5,0
26,106,9,9,22,14,14
26,107,3,0,3,3,0
27,8,4,3,8,15,0
27,9,0,0,0,0,3
27,12,0,3,0,3,0
27,13,3,0,3,0,3
27,30,3,0,3,3,7
27,31,15,6,30,23,13
27,32,16,18,31,33,34
27,34,5,3,3,3,0
27,44,6,6,6,8,6
27,45,0,0,0,0,4
27,54,0,3,0,3,0
27,60,0,0,0,0,3
27,77,3,0,0,3,0
27,81,0,0,6,3,0
27,82,3,0,3,0,0
27,83,3,0,3,0,0
27,84,21,11,35,50,34
27,85,52,41,120,102,163
27,86,0,0,0,0,3
27,89,0,0,0,3,0
27,95,18,12,25,18,14
27,96,14,6,18,14,14
27,97,11,15,21,24,16
27,98,7,10,9,16,6
27,100,3,0,0,0,3
27,102,6,0,6,0,6
27,103,9,7,13,18,3
27,107,12,0,12,0,6
27,116,0,6,3,7,3
27,117,3,3,6,3,0
28,2,14,24,31,16,12
28,3,3,0,3,0,9
28,9,0,3,3,0,5
28,12,6,4,6,6,3
28,14,9,6,7,6,0
28,15,8,6,9,7,3
28,18,0,0,3,0,6
28,19,3,9,3,0,6
28,30,3,0,13,15,13
28,33,0,0,3,0,0
28,44,3,5,6,12,6
28,45,3,0,6,0,3
28,53,0,0,0,3,0
28,54,3,0,3,6,9
28,59,0,3,3,0,0
28,64,6,0,6,4,3
28,68,6,0,9,6,4
28,69,0,0,0,0,3
28,77,10,3,14,6,8
28,82,4,0,4,7,3
28,83,19,19,63,58,41
28,84,35,31,71,96,197
28,85,251,248,375,436,486
28,86,11,11,38,61,61
28,88,14,21,28,18,10
28,91,3,0,3,0,3
28,92,0,0,0,3,0
28,95,0,0,3,0,0
28,96,0,0,0,4,0
28,97,3,6,9,12,0
28,103,3,0,8,0,9
28,105,0,0,3,0,4
28,109,0,0,0,0,3
28,116,5,3,4,3,0
29,10,3,0,7,0,0
29,11,15,11,25,23,20
29,12,3,3,3,4,3
29,13,0,0,0,3,0
29,14,4,0,6,3,3
29,15,7,3,10,7,8
29,31,0,0,0,6,0
29,49,0,0,3,0,0
29,50,3,0,6,0,0
29,53,0,0,6,3,0
29,54,0,0,0,4,0
29,59,0,0,3,3,0
29,63,0,0,4,4,3
29,64,18,19,31,38,29
29,72,0,0,0,3,0
29,77,3,0,6,6,3
29,83,47,41,121,111,141
29,84,222,189,437,328,257
29,85,119,106,236,212,190
29,86,68,71,110,99,54
29,87,0,0,6,3,3
29,98,6,0,10,10,10
29,99,0,3,0,0,3
29,105,3,0,6,0,3
29,106,0,0,0,0,3
29,110,0,0,3,8,0
29,119,0,0,0,3,0
30,11,13,6,33,7,27
30,12,9,0,9,3,3
30,38,0,3,3,0,0
30,39,3,3,0,3,3
30,41,0,3,3,0,0
30,52,16,19,35,40,33
30,53,9,13,19,27,17
30,55,0,0,0,0,3
30,58,6,0,3,0,3
30,59,0,0,3,4,3
30,70,0,0,0,3,7
30,83,22,20,31,37,23
30,84,174,168,281,238,326
30,85,0,4,6,3,6
30,98,5,3,8,0,0
30,99,21,6,39,22,20
30,100,3,0,6,0,3
30,108,0,0,0,0,3
30,110,0,0,3,3,3
31,7,22,15,42,26,17
31,11,6,3,7,9,0
31,12,0,0,0,0,9
31,13,3,3,3,0,0
31,39,0,0,3,3,0
31,42,3,6,6,3,0
31,44,0,0,4,3,9
31,53,3,0,7,10,9
31,59,11,11,25,40,41
31,70,6,0,6,0,0
31,82,0,3,3,3,3
31,83,0,6,3,8,13
31,84,3,7,6,12,0
31,85,32,30,96,112,56
31,101,3,3,9,6,6
31,102,0,3,4,3,3
31,114,0,0,0,3,0
31,115,0,6,3,6,0
32,4,0,3,3,3,0
32,8,0,0,3,0,9
32,9,9,0,15,10,3
32,13,0,0,0,0,3
32,17,9,14,34,19,16
32,18,6,0,9,3,0
32,39,6,0,3,0,6
32,43,0,0,0,3,0
32,44,0,3,3,3,6
32,45,0,0,3,3,0
32,55,0,0,0,3,3
32,59,0,0,0,0,3
32,74,0,0,3,0,0
32,84,3,4,10,4,3
32,85,3,3,20,39,22
32,103,0,0,3,0,3
32,104,9,6,21,10,8
32,114,6,0,10,3,17
32,115,12,6,22,11,11
32,119,3,6,6,6,12
32,125,0,0,0,0,3
33,3,9,3,20,21,12
33,4,3,3,10,0,4
33,5,0,0,3,0,0
33,8,0,0,3,0,0
33,9,6,3,16,9,10
33,17,0,0,3,0,0
33,37,0,0,3,0,0
33,38,15,16,53,34,18
33,39,17,6,24,24,16
33,40,3,0,3,0,3
33,41,0,3,3,0,0
33,42,6,3,6,0,3
33,43,0,0,3,9,0
33,65,5,0,7,6,8
33,66,5,6,3,5,15
33,80,18,6,28,24,6
33,81,0,0,4,0,0
33,82,0,7,16,7,3
33,83,0,3,3,0,0
33,102,6,0,12,6,12
33,103,13,3,24,9,13
33,107,9,13,31,22,14
33,108,6,9,14,12,13
33,115,6,0,7,0,11
33,119,0,0,3,4,3
33,125,6,0,9,10,0
34,4,13,14,22,24,8
34,5,8,6,23,26,28
34,6,6,0,13,3,0
34,29,3,0,3,3,0
34,38,0,0,7,9,6
34,39,22,34,66,58,29
34,40,0,3,0,9,3
34,43,7,3,12,3,3
34,46,0,3,0,0,0
34,47,0,0,3,3,0
34,49,3,3,22,3,9
34,50,0,0,0,0,3
34,57,3,0,3,0,0
34,74,10,0,9,8,15
34,75,0,3,0,3,0
34,80,19,9,23,17,3
34,81,0,0,3,3,0
34,82,0,0,0,3,0
34,102,3,0,3,0,3
34,103,6,6,8,6,6
34,107,17,9,30,42,26
34,108,37,34,84,114,70
34,109,0,0,6,0,7
34,111,0,6,0,7,4
34,121,4,0,0,0,0
34,122,0,0,6,3,0
34,124,0,0,0,0,3
35,31,6,0,7,3,6
35,39,0,0,0,3,0
35,56,0,0,0,3,0
35,59,0,3,11,4,0
35,60,3,3,6,11,9
35,71,3,0,4,0,3
35,74,11,0,13,6,10
35,82,13,15,33,32,15
35,87,0,0,3,0,0
35,88,3,0,3,0,0
35,91,0,0,0,3,0
35,101,8,9,18,12,13
35,111,7,11,27,37,14
35,121,5,3,13,6,0
35,122,3,0,0,0,3
35,124,0,0,0,0,3
36,14,8,3,18,13,16
36,15,14,9,38,36,14
36,31,6,10,22,21,10
36,32,5,3,8,3,3
36,39,3,0,0,3,0
36,44,3,0,0,0,3
36,53,3,0,5,3,3
36,54,3,0,0,3,0
36,55,5,0,5,3,0
36,71,25,6,28,24,11
36,82,10,3,22,8,13
36,87,3,0,7,6,6
36,88,6,4,13,11,10
36,93,3,3,6,3,0
36,119,3,3,4,15,14
36,120,5,0,3,0,0
37,0,13,6,24,31,6
37,17,0,0,0,3,3
37,18,52,30,100,86,63
37,19,6,3,11,16,19
37,40,0,0,0,3,0
37,43,3,0,3,0,0
37,52,0,0,6,6,0
37,54,0,0,4,0,0
37,63,0,0,3,0,0
37,74,0,3,3,0,0
37,87,0,0,4,0,0
37,92,3,0,6,3,7
37,93,0,0,3,0,7
37,104,3,6,11,7,3
37,105,6,3,7,10,6
37,113,0,0,0,3,0
37,118,0,0,0,0,3
37,121,17,5,24,33,14
37,122,0,0,3,0,0
38,0,10,0,3,9,8
38,1,9,10,21,32,30
38,2,6,3,27,17,6
38,18,13,12,21,42,19
38,19,13,16,30,30,48
38,26,0,0,5,3,7
38,27,0,0,3,0,0
38,41,11,10,29,24,19
38,52,3,0,3,3,3
38,62,0,0,3,0,0
38,74,0,0,0,0,3
38,92,0,0,3,3,0
38,104,6,3,11,12,6
38,105,0,3,6,6,12
38,112,0,0,0,3,3
38,121,5,6,11,12,9
38,122,3,0,3,10,4
39,1,0,0,3,6,93
39,21,17,18,25,42,13
39,25,6,4,8,6,9
39,26,0,0,6,11,12
39,27,10,7,15,16,19
39,30,3,5,10,18,9
39,31,18,9,31,11,6
39,35,0,0,0,3,0
39,36,22,20,58,35,26
39,42,6,4,10,6,9
39,44,0,4,3,6,0
39,45,12,0,12,7,0
39,52,3,0,3,0,0
39,55,19,13,29,21,13
39,61,0,0,3,0,0
39,62,0,0,0,3,3
39,65,0,0,3,12,6
39,66,0,0,0,3,6
39,76,0,0,0,3,0
39,81,0,0,3,0,0
39,84,0,3,6,3,0
39,91,21,9,37,57,33
39,92,3,0,6,6,3
39,100,0,0,0,0,3
39,101,0,0,0,3,6
39,107,17,3,20,13,3
39,108,0,3,3,10,3
39,114,6,7,18,14,4
39,115,0,0,4,4,0
40,25,0,0,0,0,4
40,27,13,10,33,27,26
40,29,0,0,3,7,5
40,30,54,50,130,135,73
40,31,22,20,51,22,9
40,35,3,13,10,21,11
40,36,24,15,52,48,23
40,38,0,0,0,3,0
40,50,0,0,3,3,0
40,56,0,0,0,3,0
40,61,0,0,3,0,0
40,65,6,0,6,3,0
40,66,0,3,14,6,4
40,73,3,0,6,0,3
40,74,0,0,0,3,3
40,80,6,3,20,11,12
40,81,5,6,10,15,10
40,85,0,0,0,3,0
40,100,0,0,3,13,3
40,108,0,0,3,0,3
40,114,9,6,36,24,25
40,115,3,3,8,3,0
41,28,49,39,83,37,55
41,30,0,0,0,3,0
41,31,0,0,8,17,3
41,32,0,0,6,0,0
41,36,14,14,31,18,0
41,59,4,0,3,4,3
41,60,3,0,3,0,0
41,74,0,0,0,3,0
41,80,0,0,3,6,0
41,81,0,0,0,0,3
41,85,3,0,0,3,0
41,86,3,3,7,11,3
41,87,6,0,6,6,9
41,108,0,0,3,0,0
41,110,0,3,6,4,0
41,111,0,0,0,3,0
41,120,0,0,0,3,0
41,123,0,4,0,3,0
41,124,3,0,14,5,14
41,125,3,0,3,3,3
42,27,0,0,3,0,0
42,28,158,171,245,172,281
42,29,227,210,362,356,561
42,30,19,17,41,44,29
42,33,0,0,0,3,0
42,34,3,3,3,0,7
42,38,0,3,0,3,0
42,49,0,0,3,0,0
42,50,0,3,0,3,0
42,79,0,0,9,3,3
42,80,5,0,3,0,3
42,86,0,0,3,3,0
42,87,15,0,24,12,10
42,91,0,0,6,3,3
42,104,0,0,3,0,0
42,110,6,3,5,4,3
42,123,3,0,3,3,3
42,124,9,6,18,18,14
42,125,0,0,0,6,3
43,24,0,0,3,3,0
43,28,53,80,121,107,250
43,29,111,90,256,232,418
43,30,36,27,83,102,118
43,31,0,0,8,4,0
43,47,0,0,0,0,3
43,49,3,0,11,11,3
43,52,6,3,6,6,3
43,53,3,3,6,3,3
43,67,16,3,39,19,27
43,68,0,0,3,6,15
43,69,8,0,6,3,3
43,76,3,0,3,3,0
43,77,4,0,3,3,0
43,79,0,0,3,3,7
43,80,0,0,0,3,0
43,91,6,3,9,13,3
43,97,0,6,6,0,0
43,104,17,3,12,6,3
43,117,3,0,12,0,7
43,118,3,3,9,3,6
43,125,3,0,3,0,3
43,126,3,0,3,0,0
44,24,7,7,11,14,79
44,27,10,11,24,29,47
44,28,88,83,192,158,204
44,29,101,103,242,240,314
44,30,14,10,30,21,30
44,55,6,3,18,10,11
44,56,16,9,26,34,20
44,65,3,3,6,7,3
44,67,3,0,3,6,3
44,68,15,18,52,30,32
44,77,3,0,3,0,0
44,78,0,3,0,3,3
44,79,0,0,0,3,3
44,80,7,0,9,3,3
44,96,0,0,0,3,3
44,97,3,0,3,0,5
44,102,0,0,0,3,3
44,104,3,0,0,0,0
44,105,13,8,16,18,11
44,114,19,3,9,3,3
44,117,0,0,3,3,3
44,118,6,3,6,8,6
44,123,0,3,3,0,3
45,24,25,10,41,28,36
45,27,23,33,43,33,126
45,28,94,131,169,126,142
45,29,56,80,125,92,79
45,30,34,21,66,46,60
45,31,6,14,16,25,8
45,40,3,0,3,0,0
45,41,9,7,12,7,4
45,46,7,6,10,11,0
45,47,0,0,3,0,0
45,55,12,6,21,17,6
45,56,8,0,10,6,3
45,65,6,0,10,9,3
45,67,3,0,3,5,0
45,68,7,4,14,15,14
45,71,25,6,27,20,18
45,72,0,3,0,0,3
45,80,32,29,60,64,70
45,81,9,6,17,23,7
45,96,0,0,3,0,0
45,97,5,7,26,23,9
45,105,0,0,6,4,3
45,108,16,6,25,8,9
45,109,6,0,9,3,9
45,124,0,0,3,6,3
46,23,0,0,3,7,4
46,24,18,17,38,41,25
46,27,125,264,364,212,173
46,28,37,68,81,59,109
46,29,20,10,33,32,79
46,30,19,10,42,34,41
46,31,4,4,16,15,18
46,32,0,0,0,6,11
46,33,0,0,0,5,62
46,34,0,4,7,12,3
46,36,3,0,3,3,0
46,39,3,0,3,0,3
46,41,6,0,6,0,3
46,47,0,0,0,0,3
46,48,3,3,9,10,3
46,49,0,0,3,0,0
46,61,0,0,0,0,3
46,81,5,0,8,10,6
46,89,0,3,3,3,0
46,90,0,0,0,3,0
46,105,0,5,0,3,0
46,118,3,3,10,12,12
46,119,6,0,6,0,0
47,22,6,3,11,10,14
47,23,22,3,33,25,36
47,25,29,19,39,31,30
47,26,164,175,354,337,319
47,27,66,85,185,163,103
47,28,7,14,25,23,12
47,29,0,0,3,0,0
47,30,0,0,6,3,11
47,34,6,0,6,6,6
47,35,13,9,25,22,21
47,36,21,9,52,27,14
47,39,0,3,0,3,0
47,43,0,3,0,3,0
47,48,0,0,0,3,6
47,49,4,0,6,0,3
47,58,12,3,16,19,18
47,59,3,9,7,16,6
47,68,3,3,4,3,6
47,86,6,8,17,15,0
47,103,0,0,3,3,6
47,115,3,0,3,4,3
47,118,8,3,10,0,6
48,25,0,0,3,6,3
48,26,449,492,617,501,395
48,27,52,54,82,48,24
48,28,63,89,203,196,404
48,29,14,9,53,30,30
48,30,6,13,19,57,34
48,31,3,0,4,3,0
48,43,0,0,7,3,0
48,44,0,0,0,0,6
48,50,0,0,0,0,3
48,58,0,0,0,3,0
48,59,0,0,0,0,6
48,66,0,0,3,0,3
48,68,18,3,18,13,0
48,86,10,4,18,17,9
48,93,3,0,0,3,0
48,114,0,0,0,0,3
48,115,3,0,3,0,3
48,123,6,6,7,0,6
49,25,0,0,0,0,7
49,26,43,27,90,59,34
49,27,10,6,18,23,15
49,28,72,88,196,226,189
49,29,22,3,43,7,3
49,30,17,10,34,10,29
49,31,0,0,0,0,3
49,39,15,3,35,29,6
49,69,0,0,0,0,3
49,81,0,0,3,0,0
49,86,6,4,9,9,7
49,94,0,0,3,8,0
49,100,23,14,45,41,42
49,101,3,9,16,14,19
49,105,3,0,6,0,0
49,109,0,3,7,6,0
49,110,20,6,24,20,20
49,112,0,0,3,7,3
49,113,0,10,10,17,0
49,122,6,0,7,0,0
49,123,3,5,8,8,3
49,125,0,0,0,3,0
50,26,6,0,6,6,3
50,27,0,0,0,0,3
50,28,78,36,143,125,56
50,29,7,7,12,9,3
50,43,3,0,0,3,0
50,46,0,0,3,4,0
50,71,4,3,7,0,3
50,110,0,0,3,0,3
50,113,31,19,31,23,17
50,114,3,0,6,0,0
50,124,0,3,0,0,3
51,34,4,6,14,19,0
51,42,3,0,3,0,0
51,43,9,3,16,9,13
51,47,0,0,0,0,3
51,48,9,0,18,9,6
51,56,0,0,0,3,0
51,57,3,0,3,0,0
51,58,0,3,0,0,0
51,61,0,0,0,0,3
51,62,3,3,18,6,15
51,67,3,3,11,15,6
51,68,7,12,14,13,9
51,69,21,12,46,62,35
51,76,0,0,0,8,0
51,82,0,0,3,6,0
51,83,0,0,6,0,0
51,93,0,0,3,0,0
51,114,3,0,0,0,0
51,124,0,0,3,0,3
52,34,14,9,20,19,3
52,40,0,0,3,0,0
52,42,0,0,3,0,0
52,43,12,11,39,22,6
52,44,0,0,3,0,0
52,57,3,3,9,12,6
52,67,3,0,0,0,0
52,68,54,62,101,64,97
52,69,18,17,36,51,36
52,70,0,0,4,0,0
52,75,0,3,4,6,5
52,76,0,3,3,3,0
52,77,36,21,89,78,39
52,82,0,3,6,9,0
52,83,0,0,0,0,3
52,93,9,9,18,15,6
52,100,3,0,3,0,0
52,112,7,3,12,6,11
52,113,0,0,0,0,3
52,115,7,5,8,10,9
52,116,0,0,9,0,6
52,117,0,0,3,0,3
52,121,0,3,5,3,3
52,122,3,0,3,3,0
52,123,3,0,4,0,0
53,13,0,3,7,3,0
53,21,5,3,6,0,3
53,25,3,0,3,0,0
53,54,3,0,3,0,3
53,63,0,0,0,6,0
53,67,7,14,30,31,20
53,68,14,15,40,22,28
53,75,5,6,19,21,33
53,76,10,10,34,50,68
53,77,158,212,328,382,323
53,78,119,114,226,185,194
53,83,0,0,3,3,0
53,87,0,0,6,0,7
53,93,0,4,9,4,6
54,22,0,0,0,3,3
54,35,3,0,10,7,3
54,36,0,0,3,0,0
54,46,6,7,14,3,0
54,47,7,7,19,15,9
54,50,0,3,0,0,0
54,54,6,0,18,3,9
54,65,3,0,4,3,0
54,66,0,0,0,0,3
54,69,0,0,3,0,0
54,70,0,0,3,0,3
54,75,32,19,72,82,89
54,76,20,12,39,42,36
54,77,103,93,218,211,214
54,78,158,186,336,328,701
54,83,7,0,4,0,3
54,91,3,3,3,0,0
54,94,0,0,0,0,3
54,103,7,3,9,15,19
54,104,0,0,9,10,6
54,108,18,3,25,9,19
54,109,6,3,9,9,4
54,122,12,14,20,11,25
55,21,0,3,0,3,0
55,24,0,0,0,0,3
55,30,0,0,0,3,0
55,31,5,3,7,18,5
55,32,3,0,4,3,6
55,40,0,0,0,0,3
55,41,3,0,7,4,0
55,45,0,0,3,0,0
55,46,3,0,3,0,3
55,47,3,11,32,15,14
55,51,0,0,3,3,3
55,52,13,11,15,20,10
55,66,0,0,0,3,3
55,67,0,0,3,0,3
55,69,0,0,0,3,0
55,70,0,0,3,0,0
55,71,0,0,9,10,3
55,77,26,15,40,40,32
55,78,23,22,58,74,136
55,79,3,12,14,7,0
55,101,3,0,0,4,0
55,106,0,0,0,3,0
55,122,14,6,20,13,18
55,123,0,0,3,0,3
56,20,12,4,22,14,10
56,21,5,11,9,16,10
56,24,3,0,4,9,6
56,27,11,0,17,3,9
56,37,0,0,9,3,3
56,42,0,0,3,3,0
56,47,3,0,0,3,3
56,52,3,0,0,0,0
56,68,0,0,3,0,0
56,69,4,3,0,0,0
56,76,3,3,21,21,19
56,77,28,21,34,40,20
56,78,6,3,9,12,9
56,94,4,7,6,4,11
56,95,0,0,3,10,0
56,96,8,3,23,8,12
56,97,0,0,3,0,0
56,121,0,0,0,3,0
57,24,3,5,10,0,0
57,37,45,31,92,42,29
57,38,25,22,15,4,7
57,41,3,0,3,0,0
57,42,3,0,3,6,6
57,43,10,6,22,20,18
57,45,0,0,3,0,0
57,55,0,0,3,0,0
57,56,0,6,6,6,3
57,58,3,0,3,0,0
57,61,0,0,3,0,3
57,62,3,0,6,0,0
57,68,3,0,3,0,0
57,76,0,0,0,3,0
57,77,4,3,10,7,0
57,86,0,0,6,0,0
57,87,3,6,16,8,9
57,95,33,22,71,99,56
57,96,104,100,227,230,252
57,97,14,19,37,31,51
57,111,12,0,10,3,3
57,112,9,3,12,12,6
57,115,7,0,13,16,12
57,125,3,3,3,11,0
58,27,25,16,30,20,18
58,32,18,5,12,9,0
58,37,0,0,0,0,3
58,38,3,0,6,11,3
58,42,26,4,43,24,28
58,43,6,3,19,31,3
58,54,0,3,6,3,0
58,55,24,14,58,36,29
58,56,7,5,13,5,5
58,59,0,0,3,0,0
58,60,0,0,3,0,0
58,61,7,3,9,14,3
58,62,16,3,20,14,16
58,69,3,0,4,3,3
58,70,16,16,35,25,13
58,71,3,3,3,0,3
58,86,3,6,3,9,3
58,87,12,4,28,4,12
58,88,0,0,3,0,0
58,95,3,0,5,14,4
58,96,14,11,22,23,8
58,105,0,0,3,0,0
58,106,8,3,14,14,7
58,107,0,0,3,0,3
58,115,10,7,18,15,9
58,125,6,0,6,0,0
59,26,4,0,6,3,3
59,27,26,9,43,38,25
59,31,3,0,6,0,0
59,32,42,19,65,54,25
59,33,8,3,22,9,6
59,42,0,0,0,3,0
59,47,0,0,0,0,3
59,53,3,0,18,22,17
59,54,0,0,0,3,0
59,55,4,7,8,12,11
59,69,0,0,3,6,0
59,70,6,0,19,10,7
59,88,3,3,6,9,0
59,89,0,0,11,21,17
59,101,0,0,0,3,4
59,102,0,0,0,0,3
59,122,0,0,3,0,0
59,123,3,0,3,0,0
59,124,0,0,3,3,4
59,125,9,13,21,25,7
60,3,0,0,3,0,0
60,26,5,3,13,4,3
60,27,11,6,25,20,6
60,30,0,3,0,0,0
60,32,6,4,8,3,3
60,33,3,0,7,0,0
60,43,5,0,3,0,0
60,58,0,0,3,3,3
60,59,6,0,17,10,9
60,78,4,0,3,6,0
60,89,0,0,13,10,9
60,90,0,0,7,3,11
60,101,3,3,10,13,7
60,102,3,4,9,6,0
60,103,0,0,0,0,3
60,106,0,3,0,3,3
60,107,6,6,18,10,6
60,121,0,0,3,0,0
60,123,0,0,3,0,3
60,124,0,0,0,4,0
60,125,0,0,6,8,7
61,0,0,0,0,3,0
61,1,0,3,3,6,3
61,16,3,0,6,3,3
61,34,0,0,0,3,0
61,36,0,0,0,0,3
61,38,0,3,0,0,0
61,63,6,0,5,0,0
61,64,0,0,0,3,0
61,100,3,3,3,3,0
61,101,6,3,6,3,6
61,106,10,6,11,14,4
61,107,0,4,7,8,0
61,123,0,0,3,0,0
61,127,7,3,16,13,12
62,1,9,3,14,9,4
62,2,0,0,6,6,4
62,31,0,0,3,0,3
62,32,0,0,0,0,3
62,34,6,3,12,0,4
62,35,22,4,25,17,0
62,63,3,0,3,12,3
62,64,0,0,0,6,0
62,78,15,13,21,29,9
62,79,11,7,20,26,25
62,84,3,8,14,17,11
62,85,0,0,3,3,0
62,115,6,7,6,18,10
62,116,0,0,5,0,3
62,122,0,0,3,0,0
62,127,0,0,3,0,0
63,2,0,0,0,3,0
63,29,10,4,26,29,12
63,34,0,0,0,3,3
63,36,3,0,3,3,0
63,43,0,0,0,4,0
63,48,6,11,23,14,15
63,49,3,3,3,3,0
63,58,18,9,45,28,20
63,59,0,0,0,0,3
63,71,11,8,28,19,12
63,72,8,4,13,17,9
63,79,3,3,0,3,0
63,84,15,7,41,28,29
63,85,3,6,8,10,15
63,114,10,7,14,14,18
63,115,21,21,39,47,48
63,119,6,0,3,7,0
63,120,3,0,6,0,0
63,122,9,7,12,12,0
63,123,3,3,7,0,3
64,29,0,0,6,3,0
64,42,10,12,19,6,6
64,43,11,0,16,16,10
64,48,0,0,0,3,0
64,57,3,0,7,12,7
64,58,4,0,16,20,18
64,83,6,3,10,6,0
64,84,3,3,28,6,6
64,85,10,3,11,15,6
64,105,0,0,0,4,0
64,110,3,3,3,3,12
64,111,0,0,0,0,3
64,112,3,0,3,3,0
64,113,3,8,11,16,11
64,114,25,25,85,88,92
64,115,39,39,55,48,93
64,119,3,0,13,0,6
64,120,0,0,0,6,3
65,33,9,12,6,3,9
65,34,3,0,3,0,0
65,57,0,0,3,3,0
65,58,6,6,12,5,6
65,67,0,0,0,0,3
65,68,6,0,7,3,5
65,104,3,3,4,3,0
65,105,9,7,21,3,11
65,111,0,3,7,20,6
65,112,18,9,37,46,60
65,113,62,47,114,106,122
65,114,55,81,109,241,182
65,115,50,63,115,145,82
65,123,0,0,0,3,0
66,12,3,0,0,0,3
66,27,14,6,18,11,14
66,28,10,9,26,12,0
66,33,9,3,11,13,9
66,67,3,0,3,0,0
66,68,38,28,83,51,40
66,69,3,3,11,10,11
66,72,0,4,3,6,3
66,74,0,0,0,3,0
66,79,0,0,6,0,6
66,111,6,9,21,12,9
66,112,15,9,22,15,19
66,113,3,0,9,13,3
66,114,6,3,8,4,14
66,115,0,6,0,3,0
67,11,0,0,6,9,6
67,27,9,7,18,22,17
67,33,3,6,11,11,10
67,34,3,9,9,3,0
67,35,38,39,74,64,56
67,39,6,0,14,10,14
67,48,20,0,21,12,4
67,53,0,0,3,3,0
67,58,6,4,17,10,10
67,59,3,0,9,0,3
67,68,20,6,39,33,30
67,71,0,3,3,6,6
67,85,7,3,16,6,9
67,115,0,0,0,3,0
67,116,3,3,11,3,3
67,119,0,0,3,0,0
67,125,4,6,10,10,10
67,126,3,0,10,3,9
68,31,0,0,3,6,3
68,32,0,3,16,6,3
68,35,17,7,43,43,13
68,36,0,3,3,3,0
68,39,7,7,10,11,6
68,43,3,6,13,3,3
68,44,17,12,31,23,25
68,58,9,6,14,6,7
68,59,3,0,4,0,3
68,84,0,0,6,5,3
68,85,0,0,0,4,8
68,116,0,3,0,3,6
68,119,3,9,3,3,12
68,124,0,0,3,0,0
68,125,6,0,15,9,8
68,126,8,3,18,6,6
68,127,9,3,12,9,9
69,26,0,0,0,0,3
69,31,3,0,9,0,3
69,32,3,0,0,0,0
69,35,0,3,3,3,0
69,40,6,0,3,0,6
69,43,6,0,6,3,3
69,76,0,0,3,0,0
69,89,10,6,12,3,7
69,109,0,0,3,0,0
69,113,6,3,8,5,3
69,114,12,3,16,8,6
69,119,3,3,6,3,0
70,26,5,0,9,6,0
70,27,0,0,4,0,0
70,29,0,0,0,0,3
70,40,3,0,3,0,3
70,43,0,0,3,3,0
70,60,0,0,3,0,0
70,63,0,0,3,3,3
70,65,0,3,6,3,3
70,66,13,10,19,17,3
70,68,3,3,0,0,0
70,75,0,0,10,7,3
70,88,3,0,7,16,10
70,89,6,0,7,0,0
70,90,10,3,15,18,7
70,102,3,0,4,0,0
70,113,0,3,0,5,4
70,114,12,12,35,44,32
70,115,0,3,4,10,8
71,18,0,0,3,6,0
71,19,6,3,10,3,0
71,26,3,3,3,3,0
71,30,0,3,3,0,3
71,31,3,0,3,0,0
71,50,3,0,14,6,20
71,51,0,0,3,0,0
71,55,6,0,3,3,3
71,56,0,0,3,0,3
71,58,3,3,9,6,7
71,63,12,12,28,30,20
71,81,3,3,8,0,3
71,82,4,10,16,19,10
71,83,9,0,7,0,0
71,84,0,0,0,3,0
71,90,0,0,10,3,9
71,91,8,6,14,14,4
71,103,17,0,20,9,6
71,104,7,0,14,10,6
71,114,0,3,12,10,9
71,115,7,9,20,24,15
72,1,9,3,3,9,10
72,22,3,0,3,3,3
72,26,3,3,3,0,0
72,31,3,0,6,3,3
72,43,12,5,14,7,7
72,44,3,0,3,3,3
72,55,3,0,3,0,0
72,62,3,0,3,3,0
72,63,11,6,18,18,11
72,64,20,17,42,46,12
72,68,35,54,80,53,39
72,69,176,191,272,243,291
72,70,3,4,14,35,7
72,82,9,6,15,13,7
72,83,0,6,13,9,10
72,87,5,3,8,0,3
72,92,0,0,0,6,6
72,102,0,0,7,9,15
72,103,18,6,39,53,33
72,104,0,0,0,0,3
73,1,0,0,0,3,0
73,22,8,0,8,6,13
73,23,10,17,29,38,28
73,30,9,6,13,12,3
73,31,3,0,6,6,3
73,32,0,0,0,3,0
73,33,3,0,0,0,0
73,34,0,0,6,6,0
73,36,3,3,6,7,0
73,42,7,3,15,7,6
73,43,3,3,11,10,3
73,52,0,0,3,8,0
73,53,5,10,16,10,20
73,55,0,0,0,3,0
73,60,14,10,25,21,6
73,61,101,108,145,76,84
73,62,6,6,32,23,6
73,65,0,0,0,3,0
73,66,3,0,12,33,10
73,67,3,3,7,21,14
73,68,36,16,55,65,53
73,69,122,151,272,252,275
73,70,4,6,4,5,3
73,81,0,0,0,0,3
73,82,0,3,0,6,3
73,92,0,0,0,0,3
73,94,0,0,10,4,6
73,95,3,0,6,7,0
73,96,0,0,3,6,6
73,97,0,0,3,0,0
73,98,3,0,3,3,0
73,101,0,0,5,0,3
73,102,4,6,25,21,12
73,103,3,0,10,10,19
73,109,0,3,6,0,0
73,110,10,3,11,14,13
73,114,0,0,0,3,0
73,121,0,0,12,6,3
73,124,0,0,3,3,3
74,0,0,0,3,0,0
74,23,0,6,3,35,5
74,27,0,0,0,3,0
74,31,0,0,0,3,0
74,35,6,6,12,15,22
74,36,10,8,12,11,6
74,52,6,0,8,0,8
74,53,9,3,24,24,17
74,54,0,3,0,0,0
74,60,7,3,8,7,3
74,61,9,9,23,25,12
74,65,3,0,0,0,6
74,66,7,0,15,6,17
74,67,13,3,17,28,16
74,68,77,80,135,106,67
74,69,40,42,107,104,101
74,70,25,26,50,50,48
74,71,7,8,22,20,15
74,72,3,0,3,3,0
74,73,3,0,3,0,0
74,75,0,0,3,3,3
74,94,7,0,4,4,10
74,95,9,3,26,27,33
74,96,0,3,3,0,0
74,104,0,0,0,3,0
74,109,0,0,0,3,6
74,110,3,0,6,10,0
74,114,4,0,4,3,0
74,121,0,0,3,6,3
74,122,7,3,10,3,3
74,123,0,0,0,0,3
74,124,0,0,0,6,0
75,5,4,0,0,0,3
75,6,0,0,0,0,6
75,31,0,0,0,6,0
75,36,0,0,0,0,3
75,40,9,3,17,11,10
75,52,0,0,0,3,0
75,59,0,0,0,3,0
75,60,3,3,6,6,0
75,66,8,4,10,12,9
75,67,6,17,32,35,34
75,68,13,19,39,56,58
75,71,0,0,3,3,3
75,75,7,9,31,46,38
75,88,10,3,12,4,3
75,98,0,0,0,3,0
75,122,0,0,0,0,8
75,123,3,0,0,0,0
76,5,10,6,22,16,10
76,6,8,0,7,8,6
76,20,8,0,12,3,3
76,24,0,0,9,0,0
76,29,0,0,3,0,0
76,31,0,0,4,0,0
76,37,0,0,0,3,0
76,38,6,3,17,7,0
76,40,12,13,33,32,26
76,48,0,0,3,6,0
76,59,6,3,13,3,9
76,67,0,0,0,6,6
76,68,18,12,33,61,32
76,70,0,0,7,5,0
76,71,6,0,4,3,3
76,77,12,11,21,19,6
76,78,0,34,0,0,0
76,88,9,3,19,11,6
76,93,0,0,0,3,0
76,97,0,0,0,3,0
76,100,0,0,3,0,0
76,105,0,0,3,0,0
77,2,0,0,3,0,0
77,17,0,0,3,0,0
77,25,3,0,3,0,0
77,26,20,10,29,17,6
77,30,24,22,41,22,22
77,31,29,39,57,39,60
77,40,0,0,6,8,0
77,48,6,0,6,12,9
77,49,4,3,6,0,3
77,53,3,0,3,3,0
77,54,3,0,4,0,3
77,58,0,0,3,4,0
77,59,6,6,21,9,16
77,66,0,0,6,3,0
77,68,3,0,6,10,0
77,69,0,3,7,0,6
77,88,5,3,4,5,3
77,97,3,0,3,0,3
77,106,0,0,0,3,0
77,114,0,3,10,4,6
77,115,13,6,24,23,23
77,116,3,0,6,0,0
77,127,3,0,3,0,0
78,25,0,0,0,3,0
78,26,16,19,31,37,20
78,30,7,7,11,15,4
78,31,34,62,72,88,54
78,32,0,3,7,3,0
78,42,7,0,8,3,3
78,43,0,0,3,0,0
78,48,3,0,3,9,7
78,58,0,0,3,0,3
78,59,3,3,3,0,3
78,69,3,0,4,13,6
78,103,14,5,26,13,15
78,104,0,9,12,12,8
78,106,0,0,0,3,0
78,108,0,0,0,0,3
78,114,0,0,3,3,3
79,8,21,15,41,25,14
79,9,0,0,3,4,0
79,25,0,0,3,0,3
79,26,3,0,3,0,0
79,30,0,0,3,0,0
79,31,0,3,4,7,5
79,33,6,9,19,12,11
79,37,0,0,3,4,0
79,42,12,0,15,12,9
79,43,0,6,9,3,4
79,47,3,0,6,3,0
79,54,11,6,29,10,8
79,55,7,0,16,16,12
79,57,3,0,3,0,0
79,69,0,0,3,0,0
79,70,21,13,30,20,12
79,71,0,0,3,3,3
79,90,0,0,0,3,0
79,94,0,0,0,3,0
79,103,6,0,4,8,3
79,104,13,0,24,21,20
79,107,0,0,0,3,0
79,108,14,9,23,22,8
79,127,5,0,3,3,3
80,9,3,0,10,3,6
80,13,3,3,7,13,10
80,47,0,0,5,0,6
80,48,0,0,6,8,3
80,54,3,0,7,4,0
80,55,0,0,6,5,3
80,62,0,0,0,3,0
80,70,5,5,6,10,3
80,71,3,0,3,6,0
80,72,6,12,6,5,7
80,73,0,3,3,3,0
80,81,0,0,6,3,0
80,82,0,0,3,0,3
80,86,0,3,0,0,3
80,87,3,0,3,3,0
80,90,15,3,13,10,17
80,94,22,20,44,19,34
80,95,0,0,3,0,0
80,98,3,0,0,0,0
80,99,3,0,3,7,4
80,101,0,0,3,0,0
80,102,0,0,3,0,3
80,104,6,0,7,7,0
80,106,0,0,0,0,3
80,113,6,6,10,23,12
80,114,9,0,10,6,9
80,117,3,0,8,10,0
80,118,3,0,12,6,3
80,119,0,0,0,0,3
80,126,3,0,0,3,0
80,127,0,3,3,6,0
81,9,0,0,0,6,6
81,10,20,9,24,20,25
81,22,9,9,26,26,14
81,24,0,0,3,0,0
81,48,17,6,28,9,9
81,50,0,0,3,3,0
81,56,3,0,3,10,3
81,61,15,21,25,28,27
81,72,12,22,35,65,39
81,73,5,14,34,37,10
81,81,0,0,0,0,3
81,82,7,0,18,22,12
81,86,0,0,3,3,0
81,87,0,0,3,0,0
81,90,3,0,6,3,6
81,94,6,6,13,9,11
81,98,3,0,3,0,3
81,99,6,0,12,9,3
81,102,4,0,0,0,0
81,104,0,0,0,0,3
81,106,0,3,0,0,0
81,107,3,0,6,0,3
81,109,0,0,3,0,0
81,114,3,0,0,3,0
81,116,3,3,6,0,0
81,117,11,3,23,12,19
81,118,18,3,24,28,17
81,124,0,0,3,0,3
82,9,0,0,3,0,0
82,10,0,3,3,3,0
82,15,6,12,21,24,11
82,20,3,3,0,0,0
82,22,6,12,27,15,21
82,26,3,0,5,6,3
82,27,10,6,14,25,6
82,37,0,0,3,0,0
82,38,0,0,0,3,0
82,54,0,0,0,0,3
82,60,3,0,0,3,0
82,61,5,13,23,15,6
82,62,7,10,31,21,19
82,63,3,0,3,0,3
82,65,0,0,3,3,0
82,69,0,0,0,3,0
82,72,25,15,50,37,16
82,75,0,3,0,0,0
82,82,0,0,7,4,3
82,83,4,0,3,6,0
82,97,3,0,7,3,3
82,98,4,3,15,13,3
82,100,3,0,3,0,0
82,106,0,0,0,0,3
82,107,0,0,4,0,0
82,114,3,0,6,3,0
82,116,3,0,3,0,0
82,122,0,0,0,3,0
82,123,12,19,41,51,28
82,124,0,4,10,12,16
83,0,0,0,0,0,3
83,20,0,0,3,0,0
83,21,10,3,25,12,12
83,26,3,0,3,0,0
83,27,0,0,6,0,4
83,62,6,0,6,9,0
83,63,0,0,3,0,4
83,65,3,0,3,0,0
83,67,0,0,0,3,0
83,84,12,3,13,24,9
83,85,0,0,3,7,9
83,98,0,3,0,0,3
83,99,0,3,0,0,0
83,109,3,3,4,0,0
83,114,4,0,12,6,0
83,115,3,5,7,24,9
83,116,3,0,4,0,0
84,0,0,0,0,0,3
84,1,0,0,0,0,4
84,21,0,0,0,3,0
84,28,0,0,0,3,0
84,42,0,0,3,0,0
84,50,0,0,0,4,6
84,52,0,4,6,4,6
84,53,6,3,3,0,6
84,60,0,0,3,0,0
84,61,0,0,3,0,0
84,65,0,7,0,3,0
84,69,9,3,13,13,0
84,83,0,0,3,3,0
84,84,0,0,3,0,0
84,87,0,0,0,0,9
84,88,0,0,0,6,0
84,90,3,0,0,0,0
84,94,3,0,4,8,16
84,98,0,3,6,0,0
84,99,13,9,32,15,20
84,100,3,0,9,3,3
84,103,22,19,30,25,30
84,104,0,3,6,6,3
84,109,3,0,0,0,0
84,115,16,4,39,42,32
84,116,51,30,115,126,114
84,117,3,0,3,3,3
85,14,0,0,0,0,3
85,28,0,0,3,0,0
85,37,6,0,15,3,0
85,42,3,0,4,0,0
85,46,3,0,9,9,10
85,47,6,0,20,19,20
85,52,9,4,19,23,9
85,53,0,6,13,9,10
85,64,0,0,3,0,0
85,69,6,0,13,3,3
85,91,3,0,3,0,0
85,94,6,0,6,7,0
85,100,0,0,0,0,3
85,103,0,0,3,0,6
85,104,0,3,0,0,0
85,111,3,0,3,0,0
85,115,6,0,10,6,12
85,116,9,19,45,64,57
85,117,0,0,3,0,0
85,119,0,0,0,0,3
85,120,0,0,3,3,0
85,122,0,0,0,0,3
85,127,8,3,19,6,3
86,10,0,0,3,0,0
86,11,0,0,0,3,3
86,21,12,6,22,3,3
86,29,0,0,0,3,0
86,30,3,6,13,4,3
86,31,7,0,8,3,0
86,37,18,23,35,24,22
86,54,0,0,0,3,0
86,66,0,0,0,0,3
86,74,0,0,0,0,3
86,109,8,6,17,13,0
86,113,0,6,6,6,7
86,114,7,6,11,17,11
86,115,53,58,119,113,72
86,116,16,21,28,20,28
86,126,3,0,3,0,0
86,127,9,0,17,3,0
87,10,0,0,0,4,4
87,15,6,10,18,10,3
87,16,0,0,4,6,6
87,18,0,0,3,3,0
87,21,0,16,24,14,6
87,23,0,0,0,3,0
87,30,0,0,0,3,0
87,31,28,6,49,43,33
87,32,3,3,4,9,3
87,33,0,0,3,0,0
87,55,3,0,3,0,0
87,58,0,3,6,6,0
87,59,0,3,9,9,14
87,67,15,6,31,19,10
87,68,12,3,18,22,12
87,74,3,0,10,0,0
87,75,7,3,12,21,11
87,84,0,0,6,0,0
87,90,0,0,3,0,6
87,109,3,3,6,9,0
87,113,3,0,3,0,0
87,114,10,18,47,43,7
87,115,32,44,110,126,88
87,116,16,13,34,22,35
87,117,0,6,12,21,7
87,118,0,0,6,4,6
87,119,4,7,24,30,10
87,120,6,3,14,3,0
88,15,0,0,0,3,0
88,16,0,0,7,13,8
88,23,3,3,3,0,0
88,30,0,0,0,0,3
88,56,0,0,3,0,3
88,59,6,0,7,3,0
88,63,0,0,0,3,0
88,65,0,0,3,0,0
88,67,0,0,3,3,3
88,79,17,0,18,13,3
88,84,3,7,23,12,14
88,85,8,12,33,13,22
88,86,0,0,0,3,3
88,89,7,3,8,10,8
88,90,6,0,6,12,16
88,113,8,4,20,21,17
88,114,7,0,11,7,14
88,115,8,0,19,13,15
88,116,93,100,168,175,307
88,117,101,116,198,170,287
88,119,5,12,9,18,4
89,30,3,3,4,3,3
89,43,3,0,0,3,0
89,50,0,0,6,7,6
89,51,6,3,16,15,14
89,56,3,0,0,0,0
89,63,6,0,10,3,12
89,69,0,0,0,0,3
89,70,0,0,0,3,0
89,82,3,0,0,6,6
89,84,0,0,3,0,0
89,85,3,4,7,3,3
89,86,3,0,3,0,0
89,88,0,0,0,3,0
89,89,0,0,0,3,0
89,112,6,6,8,10,4
89,113,33,28,64,68,32
89,114,0,0,3,9,5
89,115,11,14,18,6,13
89,116,163,178,288,247,350
89,117,47,52,103,86,106
89,120,0,0,3,3,3
90,9,26,6,36,16,3
90,25,3,3,6,9,3
90,26,14,3,18,15,15
90,28,6,8,18,8,3
90,29,0,4,6,15,3
90,30,0,0,3,3,0
90,33,21,6,14,13,0
90,34,0,3,6,9,0
90,46,0,3,3,3,3
90,47,3,3,25,9,6
90,50,7,6,11,11,6
90,51,3,0,3,3,3
90,62,0,0,3,0,0
90,63,0,3,3,3,0
90,69,5,0,4,0,0
90,74,6,0,7,6,3
90,75,0,0,3,6,6
90,93,6,6,9,9,15
90,94,0,0,3,3,0
90,96,0,0,3,0,0
90,103,8,0,10,4,6
90,104,6,0,8,9,3
90,111,0,0,0,0,3
90,112,0,0,0,6,0
90,113,3,3,9,12,6
90,115,91,84,172,116,241
90,116,103,122,161,102,158
90,117,15,11,34,26,42
90,121,0,3,6,3,0
91,9,3,3,11,0,6
91,15,3,3,6,14,6
91,25,3,0,0,3,0
91,26,18,10,19,17,24
91,29,0,0,0,3,0
91,33,3,0,12,16,6
91,46,6,0,9,7,0
91,47,6,3,8,13,0
91,54,13,6,51,54,45
91,55,34,21,45,41,44
91,74,3,0,3,3,0
91,75,3,0,6,3,3
91,77,3,0,4,0,0
91,78,0,0,0,3,0
91,91,15,0,15,9,6
91,92,3,3,3,14,0
91,94,6,0,6,0,0
91,96,0,0,3,6,0
91,97,0,3,0,3,3
91,98,7,4,10,6,8
91,99,13,9,17,15,7
91,103,0,0,0,0,3
91,112,0,0,0,0,3
91,115,71,44,69,44,66
91,116,30,18,45,47,79
91,117,146,139,280,334,218
91,118,7,6,20,16,9
91,122,3,0,6,0,3
91,124,0,0,0,3,0
92,15,15,6,31,23,17
92,19,0,0,0,3,0
92,21,9,3,10,6,3
92,22,21,12,31,28,13
92,33,6,3,13,6,6
92,34,3,0,9,13,13
92,37,13,0,18,3,3
92,46,0,0,0,3,3
92,54,13,17,46,39,21
92,55,14,9,29,24,3
92,56,0,0,0,3,0
92,69,6,0,11,7,7
92,77,0,3,14,6,3
92,78,8,3,20,20,16
92,91,0,0,0,3,3
92,92,9,4,11,12,6
92,96,0,0,0,0,6
92,97,0,3,0,3,0
92,98,10,0,9,6,0
92,99,16,14,32,26,14
92,100,0,0,3,0,0
92,115,31,19,61,51,67
92,116,115,122,269,199,364
92,117,0,0,3,11,6
92,119,6,0,16,25,6
92,124,8,3,15,10,6
92,125,6,3,15,19,10
93,0,0,0,3,0,0
93,15,6,6,17,6,3
93,21,0,0,0,0,3
93,22,7,6,13,11,15
93,46,0,0,0,6,3
93,47,0,3,6,3,3
93,58,0,0,0,4,0
93,61,0,0,0,0,6
93,68,0,3,0,6,0
93,69,0,0,9,11,12
93,73,0,0,0,3,0
93,74,3,0,0,6,9
93,84,0,0,6,3,7
93,89,6,0,4,0,0
93,100,0,0,0,0,3
93,103,3,0,6,0,0
93,104,12,3,12,17,25
93,105,0,0,3,3,0
93,115,11,6,9,4,6
93,116,3,3,3,7,3
93,117,0,0,0,3,0
93,119,6,0,6,6,0
93,120,3,0,4,3,0
93,127,0,3,0,0,0
94,9,3,0,4,0,6
94,10,0,0,0,6,9
94,11,3,3,3,3,3
94,15,0,0,3,0,0
94,43,3,3,6,7,8
94,44,0,0,0,3,3
94,52,3,0,9,6,0
94,53,0,0,3,0,0
94,54,3,0,6,3,0
94,60,0,0,3,0,4
94,61,15,9,23,24,22
94,62,0,3,3,0,0
94,74,0,0,0,3,0
94,84,0,0,0,0,3
94,88,6,6,12,13,14
94,89,4,0,12,6,3
94,98,0,0,0,3,3
94,100,3,0,3,7,6
94,101,3,7,6,10,9
94,102,7,3,3,0,3
94,112,5,5,9,3,0
94,116,0,0,9,3,0
94,118,0,0,0,6,0
94,127,5,3,15,3,15
95,10,0,0,0,3,0
95,11,4,6,9,0,9
95,13,0,0,4,6,7
95,14,23,6,48,28,27
95,15,0,0,11,12,8
95,24,0,0,0,0,3
95,43,7,3,10,6,10
95,52,0,3,0,0,0
95,54,0,0,0,0,3
95,55,19,10,40,17,32
95,56,0,0,4,0,0
95,59,0,0,0,3,0
95,60,9,7,15,16,12
95,61,10,0,16,3,6
95,69,3,0,3,0,0
95,70,10,4,13,10,7
95,76,0,0,3,0,0
95,80,29,6,31,11,18
95,81,3,0,6,3,0
95,85,0,0,0,0,6
95,89,3,3,9,14,4
95,90,0,0,3,3,0
95,111,3,0,6,4,5
95,112,0,0,3,3,0
95,116,3,0,3,0,0
95,119,0,3,0,9,0
95,121,3,0,3,0,0
95,122,6,3,13,7,6
95,123,18,3,28,9,12
96,0,0,3,9,10,25
96,33,3,0,3,3,0
96,34,10,3,21,17,9
96,40,3,0,3,0,3
96,51,21,9,24,21,9
96,52,0,0,0,3,0
96,54,3,0,3,0,0
96,65,3,6,16,14,3
96,66,0,0,3,0,3
96,70,3,0,3,6,3
96,71,0,3,6,3,0
96,80,0,0,0,0,3
96,81,3,0,3,3,3
96,84,0,3,3,0,3
96,85,4,0,6,3,6
96,90,0,0,3,3,3
96,98,0,0,3,3,0
96,99,0,0,0,3,0
96,102,0,0,0,3,0
96,109,3,0,6,0,3
96,110,0,0,0,6,0
96,119,0,0,0,0,3
96,120,3,3,4,0,0
96,122,6,3,9,7,6
96,123,3,0,9,12,3
97,19,3,0,3,3,0
97,24,0,0,3,0,0
97,25,0,0,0,3,0
97,26,3,7,6,6,5
97,29,3,0,0,7,3
97,33,7,5,15,11,9
97,34,3,0,3,0,0
97,40,8,6,12,16,6
97,45,3,0,3,6,0
97,46,6,3,7,6,3
97,51,3,0,4,0,0
97,66,20,12,52,29,31
97,68,0,0,0,0,3
97,71,7,3,13,3,6
97,86,0,0,3,3,0
97,90,0,0,3,0,0
97,91,0,0,0,3,0
97,94,3,8,14,9,9
97,95,3,0,17,6,19
97,96,0,0,3,0,3
97,99,0,3,3,3,3
97,102,0,0,3,3,0
97,103,11,3,17,15,12
97,114,0,0,0,6,3
97,119,0,0,3,6,0
97,122,3,0,3,6,0
97,123,3,0,9,3,3
98,26,36,18,61,67,44
98,27,43,44,90,97,56
98,28,19,27,48,40,18
98,29,16,0,31,18,8
98,31,3,3,13,3,7
98,45,6,0,13,7,15
98,46,41,20,74,56,37
98,47,0,0,5,0,0
98,52,9,6,20,7,15
98,53,3,3,3,3,3
98,68,3,0,3,0,3
98,72,3,0,3,3,3
98,73,0,0,0,0,3
98,85,0,0,0,0,3
98,91,9,3,31,20,22
98,92,13,8,19,27,23
98,93,3,0,9,0,0
98,94,6,3,19,11,10
98,95,0,0,3,0,0
98,103,6,3,9,6,0
98,106,0,0,0,3,3
98,114,0,0,0,3,0
98,116,0,0,0,0,3
98,119,0,0,0,14,3
98,120,0,0,3,3,0
98,121,3,6,12,14,10
98,122,0,3,0,8,6
98,127,17,6,34,16,6
99,26,3,0,9,23,56
99,27,127,117,238,204,242
99,28,8,3,5,9,6
99,36,19,12,47,25,13
99,37,4,9,12,16,3
99,52,17,8,27,7,5
99,53,3,0,4,0,0
99,57,0,0,0,0,3
99,62,3,0,0,0,0
99,72,12,14,35,15,3
99,73,6,0,9,0,3
99,76,0,0,6,0,3
99,83,3,3,6,0,3
99,84,12,9,22,17,6
99,85,6,0,11,6,11
99,86,0,0,0,3,0
99,91,0,3,15,3,3
99,92,3,3,6,9,3
99,94,3,0,3,0,0
99,105,0,0,6,0,3
99,106,6,0,13,8,12
99,107,18,6,10,3,9
99,112,0,0,0,0,3
99,113,0,6,6,9,7
99,115,0,0,0,3,0
99,119,0,0,9,19,3
99,120,0,0,3,7,0
99,121,3,3,3,3,3
100,5,0,3,0,0,0
100,14,0,3,7,20,9
100,23,3,0,3,0,3
100,24,0,0,0,0,3
100,26,9,0,13,4,6
100,27,27,27,51,37,42
100,28,8,7,13,24,20
100,39,3,0,3,0,0
100,54,0,0,0,3,4
100,55,9,0,9,3,6
100,58,0,0,0,0,3
100,66,0,0,0,0,7
100,67,9,4,13,9,13
100,72,0,0,0,3,0
100,73,0,0,3,3,0
100,76,9,3,14,6,3
100,80,0,3,3,0,0
100,81,9,9,16,15,11
100,82,0,0,0,3,3
100,83,6,0,4,0,7
100,86,0,3,0,6,0
100,93,0,3,3,0,0
100,104,3,0,3,0,0
100,105,12,10,15,16,7
100,106,0,3,12,15,3
100,107,0,0,9,3,6
100,113,9,13,28,23,11
100,115,3,0,7,4,0
100,119,0,3,3,0,0
100,120,0,0,0,3,3
101,11,3,0,3,0,3
101,13,12,10,20,15,6
101,14,14,9,33,21,25
101,15,3,0,8,11,8
101,23,6,6,24,10,12
101,26,3,0,3,0,0
101,27,0,0,6,3,0
101,28,0,0,0,3,0
101,40,0,0,0,3,0
101,47,0,3,3,0,6
101,48,5,0,10,13,10
101,57,0,0,3,0,3
101,80,0,0,0,3,0
101,81,0,0,0,3,0
101,87,3,0,3,0,0
101,88,3,0,6,6,5
101,91,0,0,3,0,0
101,106,13,0,6,0,0
101,107,0,0,0,3,0
101,108,0,0,0,3,0
101,112,0,0,3,3,3
101,113,4,6,5,6,8
101,115,0,3,0,0,0
101,119,0,0,3,0,0
101,120,0,0,3,0,0
101,127,6,0,6,0,0
102,3,0,0,3,0,4
102,4,6,6,10,6,6
102,13,0,0,0,0,7
102,14,9,6,16,27,16
102,15,6,3,13,10,3
102,26,0,3,3,7,0
102,27,4,6,11,3,3
102,29,3,3,6,0,3
102,30,0,0,0,3,0
102,40,0,0,0,4,5
102,41,3,4,13,26,9
102,56,0,0,0,3,3
102,57,5,6,10,12,9
102,60,18,30,42,39,55
102,61,6,3,8,9,3
102,66,0,3,0,0,3
102,79,3,0,6,0,3
102,80,3,0,4,0,3
102,81,0,0,3,3,0
102,86,0,0,3,0,3
102,87,12,6,11,14,18
102,88,3,0,4,0,0
102,91,0,3,0,3,0
102,108,0,0,0,0,3
102,125,10,3,9,0,9
103,3,0,0,3,0,3
103,4,19,10,56,28,41
103,5,6,3,8,6,3
103,9,0,0,0,3,0
103,24,0,0,6,0,0
103,36,6,3,15,18,3
103,37,0,3,7,0,3
103,41,0,0,0,3,0
103,42,0,0,3,0,0
103,59,3,0,6,0,3
103,60,11,18,30,25,16
103,61,4,0,4,9,6
103,71,0,0,0,0,3
103,72,3,0,7,3,12
103,76,0,0,0,3,0
103,96,3,0,15,12,3
103,97,10,20,31,18,30
103,98,0,0,3,0,0
103,99,6,6,15,0,0
103,106,3,0,3,0,0
103,114,0,3,3,7,3
103,115,18,12,37,38,33
103,116,3,0,3,0,3
103,117,0,0,0,5,0
103,120,0,6,12,16,29
103,121,0,0,0,3,0
103,125,3,0,10,6,6
104,4,0,0,3,3,3
104,5,0,0,3,0,0
104,7,9,6,17,30,6
104,18,0,0,3,3,3
104,19,3,3,6,3,3
104,24,0,0,3,5,0
104,30,7,10,13,9,3
104,31,11,3,25,17,9
104,37,3,3,4,0,3
104,43,3,10,14,24,13
104,44,3,0,6,9,6
104,72,7,6,11,8,3
104,73,12,6,16,9,4
104,76,30,23,56,50,43
104,77,21,9,39,55,45
104,96,0,3,3,3,3
104,99,3,3,11,5,0
104,106,9,6,9,15,18
104,107,3,3,7,3,9
104,120,3,3,8,10,10
104,121,21,12,44,53,33
104,122,3,0,3,7,0
104,125,0,0,3,0,0
104,126,0,0,0,0,6
105,4,0,3,3,13,6
105,7,16,3,28,34,10
105,8,0,0,0,3,0
105,10,10,6,26,15,12
105,11,16,0,16,3,3
105,17,0,3,6,0,4
105,18,0,3,6,0,0
105,24,0,0,3,9,0
105,30,3,0,10,11,0
105,31,11,7,26,14,11
105,34,0,0,0,5,3
105,35,7,0,6,9,6
105,43,0,0,3,7,0
105,44,0,0,3,6,0
105,50,0,0,6,0,8
105,51,14,4,24,29,17
105,60,8,0,6,3,0
105,64,3,3,0,0,0
105,65,6,3,28,19,15
105,66,12,7,24,20,22
105,77,13,6,18,14,0
105,115,3,0,3,6,3
105,116,0,0,0,4,0
105,126,6,0,6,0,3
106,4,0,0,0,3,3
106,7,3,3,5,7,3
106,15,0,0,0,0,3
106,16,13,6,19,24,9
106,23,0,0,3,3,0
106,24,6,0,9,10,3
106,34,39,24,74,55,26
106,35,0,0,0,6,0
106,39,3,0,3,0,0
106,45,4,6,7,5,5
106,50,0,0,3,0,0
106,51,6,4,9,6,3
106,60,0,4,6,9,3
106,64,0,0,0,0,3
106,65,0,3,6,0,0
106,66,5,7,8,14,6
106,87,3,0,3,0,0
106,88,0,0,0,3,3
106,99,0,0,9,21,10
106,100,3,3,8,0,0
106,104,0,0,6,0,0
106,105,6,3,6,3,9
106,110,3,0,3,3,0
106,111,9,13,26,16,6
106,116,0,0,3,0,0
106,127,7,6,24,26,31
107,2,3,0,3,0,0
107,7,0,0,3,0,3
107,21,0,3,9,7,0
107,32,0,0,3,3,0
107,41,0,0,0,3,0
107,44,14,8,39,32,9
107,45,26,16,59,40,24
107,46,6,6,32,19,8
107,67,9,0,9,3,3
107,84,0,0,6,4,6
107,85,6,3,10,11,8
107,90,3,0,6,3,0
107,91,5,14,42,27,28
107,92,0,3,3,3,3
107,99,3,0,6,9,6
107,104,3,0,3,0,0
107,105,3,0,3,0,0
107,111,9,6,11,11,6
107,112,3,0,6,0,3
107,117,0,0,0,3,0
107,120,6,0,3,0,0
107,121,6,0,6,7,3
108,9,0,0,0,3,0
108,11,0,0,3,7,3
108,21,0,0,9,3,0
108,22,3,0,6,0,0
108,26,0,0,0,0,3
108,31,0,3,3,6,0
108,32,0,0,0,3,0
108,36,3,0,0,10,0
108,41,3,0,3,3,0
108,44,9,0,15,20,3
108,45,11,13,15,10,15
108,55,54,42,86,34,40
108,61,3,10,9,6,8
108,64,4,0,0,0,0
108,67,3,0,0,3,3
108,84,3,3,12,15,9
108,85,6,3,6,6,0
108,91,0,0,4,0,3
108,97,3,0,9,3,0
108,98,10,3,12,9,6
108,105,0,0,0,3,3
108,115,0,0,3,3,3
108,120,6,0,13,6,9
108,121,7,3,8,3,3
109,11,0,0,7,9,6
109,21,0,0,0,4,4
109,25,0,0,3,0,0
109,26,30,16,58,67,50
109,35,5,3,11,8,7
109,36,6,13,29,19,17
109,37,20,9,31,21,21
109,61,8,0,9,3,0
109,62,0,0,3,0,0
109,69,3,0,7,10,3
109,72,3,11,11,9,6
109,73,3,3,3,6,3
109,75,0,0,3,3,0
109,82,11,12,29,27,12
109,89,0,3,3,3,3
109,94,3,3,4,0,3
109,95,3,3,6,13,17
109,97,3,0,3,0,0
109,98,9,3,19,10,0
109,115,0,0,3,4,0
110,25,12,4,13,11,3
110,26,5,3,12,10,0
110,33,0,0,0,0,3
110,35,4,3,6,9,0
110,36,22,22,45,21,20
110,37,21,11,40,73,18
110,69,3,6,7,6,0
110,72,3,0,3,6,3
110,73,0,0,3,4,0
110,75,8,15,22,15,8
110,81,4,0,3,0,0
110,82,23,6,35,26,33
110,83,10,9,24,21,15
110,94,3,3,3,3,18
110,97,0,3,15,7,10
111,10,5,3,0,0,0
111,14,0,0,0,0,3
111,30,8,3,20,21,10
111,31,0,0,0,0,3
111,32,3,0,6,0,0
111,47,0,0,0,3,0
111,50,0,0,3,6,3
111,51,0,0,3,3,3
111,54,5,3,21,9,10
111,64,0,0,0,3,0
111,67,0,0,0,6,0
111,75,0,0,4,15,3
111,82,3,3,6,7,3
111,83,0,0,3,0,0
111,89,3,0,3,3,9
111,90,5,0,4,3,0
111,115,0,0,3,3,3
112,0,3,0,9,9,5
112,1,0,0,0,3,0
112,13,3,0,3,6,6
112,14,14,9,39,42,28
112,26,3,0,7,0,6
112,27,7,0,8,6,0
112,44,0,5,3,3,3
112,45,7,7,24,24,5
112,47,0,0,0,3,3
112,53,20,7,23,10,6
112,54,3,3,8,7,0
112,56,3,0,3,4,0
112,57,0,0,3,0,0
112,63,3,0,4,0,0
112,74,0,0,6,0,0
112,75,3,3,5,3,3
112,83,0,0,0,3,0
112,89,7,3,13,14,12
112,90,7,12,23,26,9
112,100,3,3,6,3,6
112,101,0,0,3,3,0
112,110,10,3,21,41,29
112,111,6,15,16,27,23
112,115,10,3,15,12,6
113,0,3,0,3,9,4
113,14,3,0,3,3,0
113,16,0,0,0,3,0
113,20,0,0,4,0,3
113,21,3,0,9,3,0
113,36,0,0,3,4,3
113,37,28,14,52,67,18
113,41,0,19,35,10,0
113,42,10,6,14,10,22
113,45,13,22,43,29,22
113,46,10,3,23,29,12
113,48,3,0,6,0,0
113,56,6,0,9,7,3
113,57,3,0,9,6,6
113,63,0,0,0,3,0
113,67,3,0,3,0,0
113,68,3,0,3,6,0
113,84,7,3,16,12,0
113,85,3,0,3,0,0
113,89,0,3,0,3,0
113,90,0,0,4,0,3
113,101,3,0,4,7,13
113,105,0,0,3,0,3
113,106,0,0,0,3,0
114,10,0,0,0,3,0
114,17,0,0,3,0,0
114,18,3,6,10,15,15
114,21,0,0,3,0,0
114,36,0,0,3,3,3
114,37,59,48,127,199,79
114,38,0,0,3,3,0
114,41,23,9,52,42,21
114,42,30,16,60,55,24
114,43,0,0,3,0,3
114,56,0,3,14,9,0
114,65,4,0,13,12,6
114,66,0,0,3,3,0
114,76,0,0,6,0,0
114,84,7,4,17,24,14
114,85,0,0,0,0,4
114,92,0,0,3,3,0
114,99,3,6,6,3,3
114,100,0,0,0,3,3
114,102,0,0,0,3,3
114,105,0,0,0,3,0
114,116,0,3,3,13,10
114,120,48,52,90,47,38
114,121,0,3,3,0,0
115,5,3,0,3,6,0
115,6,6,3,10,7,0
115,9,10,0,11,3,0
115,10,3,7,7,7,9
115,18,6,3,11,17,6
115,37,9,8,24,37,12
115,38,4,4,9,17,3
115,39,3,0,4,0,0
115,40,13,3,22,29,6
115,41,99,75,223,190,64
115,42,3,0,3,3,4
115,43,0,0,0,3,0
115,73,18,9,31,21,15
115,77,6,3,7,9,8
115,91,3,0,7,0,3
115,102,7,0,10,10,4
115,103,0,0,3,0,0
115,108,0,3,7,3,0
115,116,6,3,22,9,21
115,120,21,15,72,77,48
115,121,12,3,23,45,97
116,9,0,0,3,0,0
116,20,0,0,3,0,0
116,23,0,4,5,9,0
116,24,6,3,20,25,18
116,25,7,14,27,17,22
116,37,64,60,155,143,66
116,38,169,98,392,333,128
116,39,0,0,3,3,0
116,40,0,4,7,7,3
116,41,6,4,6,5,7
116,47,0,0,0,0,3
116,50,0,0,3,4,0
116,51,0,0,7,3,0
116,58,0,0,5,0,0
116,59,31,26,58,64,30
116,60,3,6,10,17,3
116,64,0,0,6,6,3
116,73,3,0,3,0,0
116,76,0,0,3,0,3
116,78,0,3,0,3,3
116,99,14,0,19,13,4
116,103,0,0,4,6,6
116,104,9,6,13,6,6
116,108,0,3,0,0,0
116,116,20,9,21,4,0
116,118,7,3,14,13,10
116,119,16,6,21,42,20
116,120,57,40,133,116,125
117,15,8,3,15,21,10
117,16,0,0,0,0,3
117,20,0,0,7,9,3
117,21,35,35,93,136,42
117,22,3,0,15,3,11
117,24,3,0,9,6,6
117,25,0,0,3,3,3
117,37,11,7,33,37,13
117,38,133,90,271,290,149
117,39,46,42,98,107,54
117,40,19,15,45,84,35
117,41,0,0,8,6,5
117,42,0,0,3,0,0
117,50,10,7,18,13,0
117,51,26,9,81,46,18
117,53,24,6,42,56,18
117,59,0,3,7,0,0
117,60,3,0,8,3,0
117,61,14,3,30,30,17
117,64,0,0,3,0,0
117,65,0,0,3,0,0
117,66,10,0,11,6,0
117,67,0,0,0,6,0
117,68,34,45,105,142,46
117,69,6,3,29,17,19
117,71,6,6,10,8,0
117,76,4,0,4,3,3
117,77,4,0,3,0,0
117,78,0,3,6,3,7
117,79,3,0,8,6,7
117,84,6,0,0,0,0
117,85,0,3,0,0,3
117,103,0,3,0,3,0
117,104,16,12,27,10,18
117,121,14,0,23,12,5
118,0,0,0,0,6,3
118,2,0,0,3,3,0
118,7,6,4,10,17,7
118,8,0,0,0,3,3
118,16,0,0,0,0,3
118,20,13,15,45,30,22
118,21,29,13,62,71,44
118,22,0,0,0,3,0
118,38,16,16,16,41,9
118,39,56,47,128,189,111
118,40,26,7,53,37,20
118,50,3,0,9,15,5
118,51,30,14,60,91,23
118,61,9,0,20,17,3
118,66,15,6,36,16,18
118,68,22,50,58,68,118
118,69,101,108,193,216,277
118,70,93,105,143,143,106
118,71,16,12,58,53,47
118,72,17,6,28,16,19
118,73,4,0,11,13,9
118,74,0,0,3,0,6
118,77,0,0,0,3,0
118,78,10,4,13,15,15
118,79,3,0,6,0,5
118,104,3,3,10,12,9
118,110,0,0,6,3,3
118,111,0,0,7,17,12
118,114,6,0,16,11,19
118,120,4,0,7,6,0
118,121,14,18,27,21,15
118,122,3,0,3,0,0
119,0,0,0,0,3,0
119,3,10,5,28,14,15
119,4,13,6,20,19,6
119,6,6,10,23,28,14
119,7,16,9,34,24,14
119,21,8,4,12,4,3
119,24,0,0,0,3,3
119,38,17,3,31,15,7
119,39,46,10,56,17,9
119,40,26,9,40,16,12
119,42,0,0,3,0,0
119,68,0,6,9,11,23
119,69,44,46,95,86,118
119,70,178,136,258,243,186
119,71,32,33,61,42,67
119,72,11,8,23,27,20
119,73,0,3,4,15,12
119,74,19,9,46,48,15
119,75,0,0,0,4,0
119,91,0,3,3,0,0
119,103,3,0,3,0,0
119,104,9,0,13,0,12
119,114,3,6,4,9,13
119,115,0,0,0,3,0
119,126,3,3,16,6,6
119,127,10,10,11,0,6
120,3,8,0,9,6,4
120,4,8,6,15,6,9
120,6,0,3,3,9,3
120,7,3,0,3,0,0
120,8,0,0,3,0,0
120,9,0,0,0,3,3
120,25,0,0,0,7,3
120,39,142,438,346,295,203
120,40,79,95,191,124,225
120,41,78,40,137,89,98
120,42,0,0,3,0,0
120,68,0,0,0,0,3
120,69,6,3,13,20,13
120,70,13,3,25,28,21
120,71,0,9,6,13,10
120,72,6,0,9,6,3
120,88,21,23,52,60,25
120,91,3,0,3,0,0
120,92,0,0,3,0,0
120,93,3,0,3,4,0
120,94,0,0,0,3,6
120,98,0,0,0,3,0
120,114,0,0,3,0,0
120,125,3,0,6,7,3
120,126,0,3,0,12,0
120,127,10,4,19,8,3
121,8,3,3,3,3,0
121,15,0,0,0,3,0
121,17,0,3,12,7,6
121,18,0,3,3,5,5
121,31,47,44,101,140,53
121,32,98,130,273,386,386
121,33,29,21,60,98,51
121,34,38,46,62,51,34
121,35,39,32,86,76,81
121,38,7,20,17,6,9
121,39,60,47,143,97,140
121,40,112,122,258,238,445
121,41,62,124,212,207,309
121,42,190,316,447,480,550
121,43,322,589,449,371,155
121,53,0,0,0,3,0
121,54,0,0,0,3,0
121,57,0,0,3,3,3
121,68,0,0,6,0,0
121,69,0,0,6,3,8
121,70,9,7,19,25,16
121,71,29,33,73,89,58
121,72,4,0,3,0,0
121,79,3,0,7,6,3
121,88,53,49,79,101,61
121,91,0,0,0,3,0
121,92,10,7,23,18,19
121,99,3,6,16,5,6
121,108,7,4,7,9,9
121,115,6,3,6,7,9
121,124,0,0,0,3,0
121,125,0,0,0,0,3
122,8,6,0,3,4,0
122,9,0,0,0,3,0
122,17,5,0,6,4,0
122,18,8,6,9,6,6
122,30,11,13,44,23,13
122,31,38,27,86,85,40
122,32,3,0,3,0,0
122,33,8,54,61,33,28
122,34,184,254,274,256,250
122,35,68,119,214,259,311
122,36,82,84,121,71,28
122,37,164,183,321,273,152
122,38,77,104,205,305,900
122,39,86,58,182,198,303
122,40,177,166,394,272,401
122,41,87,98,199,169,288
122,42,229,393,570,549,448
122,43,179,391,323,307,146
122,44,14,4,35,33,44
122,45,3,0,6,0,0
122,54,12,9,20,38,18
122,55,0,0,3,4,0
122,58,0,0,0,3,0
122,65,3,0,0,0,0
122,78,0,0,0,3,0
122,79,10,3,19,14,7
122,85,0,0,0,3,0
122,87,6,3,10,6,0
122,88,20,16,53,63,23
122,91,4,0,7,3,0
122,92,9,8,46,36,52
122,98,3,6,8,7,0
122,99,0,0,3,0,0
122,108,3,3,15,9,14
122,110,3,3,14,17,7
122,111,13,7,17,12,7
123,1,11,19,25,28,23
123,5,6,3,8,12,3
123,6,6,3,7,4,9
123,7,0,0,3,0,0
123,8,3,6,9,21,9
123,9,10,6,18,17,5
123,23,15,23,58,72,41
123,24,37,23,80,63,23
123,25,16,3,25,13,3
123,30,24,19,52,32,11
123,31,98,65,204,233,118
123,32,49,37,131,154,62
123,33,33,10,70,32,17
123,36,39,49,100,99,134
123,37,134,158,313,324,383
123,38,163,282,451,336,699
123,39,74,75,179,151,223
123,40,147,394,371,306,290
123,41,99,201,294,245,178
123,42,105,96,261,192,198
123,43,30,14,69,41,34
123,44,253,194,324,324,226
123,45,45,41,61,80,78
123,46,0,0,7,0,0
123,47,9,8,14,9,3
123,48,0,0,3,3,0
123,53,0,0,0,3,0
123,54,18,9,38,55,18
123,55,3,3,10,23,4
123,60,6,6,12,13,15
123,61,17,15,40,32,19
123,73,0,0,8,6,0
123,74,4,3,5,8,3
123,82,0,0,3,0,3
123,83,18,6,29,24,18
123,104,3,0,10,3,11
123,110,8,0,9,6,12
123,111,0,3,3,0,0
123,113,3,0,5,3,3
123,114,0,3,3,6,9
123,118,3,0,3,9,3
123,121,0,3,6,9,3
123,123,15,9,37,9,17
123,124,0,6,6,6,0
123,125,0,11,6,3,3
123,126,3,0,4,0,0
123,127,3,3,4,5,0
124,1,0,0,10,3,7
124,5,14,7,14,25,3
124,6,64,40,103,67,72
124,7,4,3,9,7,8
124,19,18,7,22,19,19
124,20,9,3,7,9,0
124,24,11,7,19,16,10
124,25,0,3,6,5,0
124,31,7,0,10,14,8
124,32,7,0,15,3,8
124,33,102,32,166,54,14
124,36,6,4,6,10,17
124,37,0,8,0,3,0
124,38,0,0,0,4,3
124,39,7,4,9,11,28
124,40,76,149,188,158,118
124,41,204,366,375,353,263
124,42,203,327,398,410,385
124,43,6,10,18,32,19
124,44,240,353,402,392,158
124,45,163,289,270,338,157
124,46,0,3,0,0,0
124,51,10,12,26,35,0
124,52,0,8,7,6,6
124,69,0,0,0,3,0
124,74,21,10,54,26,17
124,75,27,18,55,22,19
124,76,0,0,3,3,0
124,83,19,7,35,25,14
124,84,3,0,3,7,0
124,87,0,0,0,3,0
124,91,0,0,3,0,0
124,102,11,3,18,12,9
124,103,22,9,39,37,31
124,104,0,0,0,0,7
124,113,0,3,3,4,0
124,118,7,0,15,17,17
124,121,0,0,0,9,6
124,122,6,0,9,17,9
124,126,0,0,0,3,0
124,127,7,5,6,0,3
125,6,3,3,0,0,0
125,29,3,3,13,7,7
125,30,9,6,32,33,9
125,32,0,31,0,0,0
125,33,25,39,56,31,5
125,37,0,0,5,0,3
125,38,54,41,89,75,59
125,39,72,116,152,117,185
125,40,18,51,24,40,52
125,41,0,6,11,8,0
125,42,7,15,19,15,3
125,45,0,0,6,0,0
125,50,5,7,16,6,0
125,51,36,40,77,96,46
125,52,9,6,29,31,9
125,58,0,0,3,3,0
125,79,0,0,0,3,0
125,83,0,0,6,6,8
125,88,0,4,3,0,3
125,91,3,6,6,9,0
125,103,3,0,0,6,3
125,121,0,0,4,9,3
125,122,0,0,4,3,5
126,0,3,0,3,0,3
126,3,0,0,3,0,3
126,17,6,5,12,10,0
126,18,11,6,24,13,6
126,29,9,13,34,19,10
126,30,0,0,6,7,6
126,36,0,3,3,3,6
126,37,5,0,5,11,5
126,38,354,394,470,489,369
126,39,220,406,454,514,547
126,40,76,160,216,244,219
126,49,0,14,0,0,0
126,54,8,9,16,9,5
126,55,0,3,3,9,0
126,58,13,0,19,12,6
126,59,6,12,15,11,9
126,62,4,0,6,3,3
126,78,4,3,11,10,13
126,79,0,0,9,3,6
126,91,0,0,0,3,0
126,92,6,0,8,3,0
126,93,0,0,0,3,6
126,96,0,0,3,3,3
126,97,16,6,27,14,28
126,118,0,0,3,0,0
126,121,30,27,49,45,66
126,122,0,0,0,3,0
126,123,0,0,0,3,0
127,0,0,0,3,0,3
127,3,0,0,0,3,0
127,5,9,6,5,15,13
127,6,0,0,0,0,3
127,12,3,0,0,6,0
127,18,3,0,5,0,3
127,26,3,7,12,16,3
127,27,3,6,6,7,6
127,29,0,0,0,3,0
127,36,5,3,5,16,0
127,37,55,34,124,223,257
127,38,190,328,330,376,278
127,39,460,519,642,588,813
127,40,218,368,310,258,246
127,43,0,0,3,0,0
127,44,3,7,10,5,3
127,45,27,41,59,51,36
127,46,6,0,17,28,32
127,54,6,0,11,10,9
127,55,0,3,4,0,3
127,62,0,3,0,9,3
127,67,0,3,0,0,0
127,70,3,0,3,0,0
127,89,0,0,0,3,0
127,92,3,0,0,3,0
127,103,3,0,0,3,0
127,104,3,6,12,6,3
127,109,3,0,0,0,3
127,111,7,11,18,19,3
127,118,6,3,15,13,0
127,121,46,58,107,151,125
127,122,11,26,67,102,108
127,123,0,0,3,6,6