x,y,1,2,3,4,5,6,7,8
0,1,3,4,0,0,0,0,0,0
0,21,13,19,0,0,0,0,0,0
0,22,10,9,0,3,0,0,0,0
0,23,3,7,0,0,0,0,0,0
0,24,0,3,0,0,0,0,0,0
0,35,3,0,0,0,0,0,0,0
0,45,3,0,0,0,0,0,0,0
0,46,0,3,0,0,0,0,0,0
0,55,3,3,0,0,0,0,0,0
0,56,26,44,3,6,0,0,0,0
0,57,26,29,6,0,0,0,0,0
0,58,14,24,0,0,0,0,0,0
0,60,3,3,0,0,0,0,0,0
0,79,3,3,0,0,0,0,0,0
0,81,0,6,0,0,0,0,0,0
0,82,4,3,0,0,0,0,0,0
0,98,3,3,0,0,0,0,0,0
0,103,5,4,0,0,0,0,0,0
0,108,0,3,0,0,0,0,0,0
0,115,0,3,0,0,0,0,0,0
0,121,3,3,0,0,0,0,0,0
0,126,8,6,3,3,0,0,0,0
1,21,12,22,3,0,0,0,0,0
1,24,6,6,0,0,0,0,0,0
1,29,3,3,0,0,0,0,0,0
1,35,4,3,0,0,0,0,0,0
1,43,4,4,0,0,0,0,0,0
1,44,4,8,0,0,0,0,0,0
1,45,7,6,0,3,0,0,0,0
1,52,3,6,0,0,0,0,0,0
1,57,36,29,0,3,0,0,0,0
1,58,7,3,0,3,0,0,0,0
1,81,3,3,0,0,0,0,0,0
1,82,0,3,0,0,0,0,0,0
1,94,3,4,0,3,0,0,0,0
1,108,3,3,0,3,0,0,0,0
1,109,6,4,0,0,0,0,0,0
1,121,23,23,3,7,0,0,0,0
1,122,19,38,0,3,0,0,0,0
1,123,20,27,0,3,0,0,0,0
1,124,0,3,0,0,0,0,0,0
1,126,3,4,0,0,0,0,0,0
2,20,0,3,0,0,0,0,0,0
2,21,9,9,3,3,0,0,0,0
2,25,6,3,0,3,0,0,0,0
2,26,0,3,0,0,0,0,0,0
2,35,4,3,0,0,0,0,0,0
2,52,3,4,0,0,0,0,0,0
2,56,9,14,3,0,0,0,0,0
2,57,39,33,3,4,0,0,0,0
2,82,3,3,0,3,0,0,0,0
2,85,0,3,0,0,0,0,0,0
2,94,0,3,0,0,0,0,0,0
2,99,0,3,0,0,0,0,0,0
2,106,4,3,0,0,0,0,0,0
2,107,0,3,0,0,0,0,0,0
2,121,15,12,0,0,0,0,0,0
2,122,6,13,0,0,0,0,0,0
3,19,11,7,0,0,0,0,0,0
3,21,6,3,0,0,0,0,0,0
3,34,9,11,0,3,0,0,0,0
3,35,0,10,0,0,0,0,0,0
3,55,31,22,6,6,0,0,0,0
3,56,28,31,7,9,0,0,0,0
3,57,11,7,0,0,0,0,0,0
3,73,3,0,0,0,0,0,0,0
3,84,6,8,0,3,0,0,0,0
3,95,0,3,0,0,0,0,0,0
3,99,3,0,0,3,0,0,0,0
3,114,0,3,0,0,0,0,0,0
3,116,3,3,0,0,0,0,0,0
3,117,6,3,0,0,0,0,0,0
3,118,3,0,3,0,0,0,0,0
3,121,12,18,3,3,0,0,0,0
3,122,6,8,0,0,0,0,0,0
4,43,3,3,0,0,0,0,0,0
4,56,5,13,6,0,0,0,0,0
4,57,14,14,0,0,0,0,0,0
4,73,6,3,0,0,0,0,0,0
4,93,0,3,0,0,0,0,0,0
4,95,3,0,0,0,0,0,0,0
4,116,4,0,0,0,0,0,0,0
4,117,0,3,0,0,0,0,0,0
4,121,21,9,5,19,0,0,0,0
5,34,8,4,3,0,0,0,0,0
5,44,3,3,0,0,0,0,0,0
5,45,3,3,0,0,0,0,0,0
5,53,3,3,0,0,0,0,0,0
5,56,3,3,3,0,0,0,0,0
5,57,3,0,0,0,0,0,0,0
5,72,3,0,0,0,0,0,0,0
5,73,0,3,0,0,0,0,0,0
5,92,3,3,0,0,0,0,0,0
5,102,3,3,0,0,0,0,0,0
5,105,0,3,3,0,0,0,0,0
5,121,9,9,0,0,0,0,0,0
6,34,12,16,0,3,0,0,0,0
6,35,12,8,3,0,0,0,0,0
6,45,3,0,0,0,0,0,0,0
6,47,3,4,0,0,0,0,0,0
6,60,8,3,0,0,0,0,0,0
6,78,0,4,0,0,0,0,0,0
6,116,0,3,0,0,0,0,0,0
6,121,9,6,0,0,0,0,0,0
7,33,9,20,0,0,0,0,0,0
7,34,23,36,3,0,0,0,0,0
7,35,12,16,0,3,0,0,0,0
7,58,3,3,0,0,0,0,0,0
7,68,0,3,0,0,0,0,0,0
7,77,0,3,0,0,0,0,0,0
7,97,0,3,0,0,0,0,0,0
7,105,7,0,3,0,0,0,0,0
7,111,3,3,0,0,0,0,0,0
7,112,4,4,0,3,0,0,0,0
7,113,3,0,0,0,0,0,0,0
7,121,4,3,0,0,0,0,0,0
8,33,13,3,0,3,0,0,0,0
8,34,11,19,0,3,0,0,0,0
8,35,19,8,0,3,0,0,0,0
8,44,3,6,0,0,0,0,0,0
8,45,7,6,0,0,0,0,0,0
8,46,3,3,0,0,0,0,0,0
8,47,3,6,0,0,0,0,0,0
8,77,3,3,0,0,0,0,0,0
8,83,0,3,0,0,0,0,0,0
8,87,0,3,0,0,0,0,0,0
8,88,3,0,0,0,0,0,0,0
8,110,4,6,0,0,0,0,0,0
8,115,3,4,0,0,0,0,0,0
9,34,5,10,0,0,0,0,0,0
9,35,12,14,3,0,0,0,0,0
9,44,3,3,0,0,0,0,0,0
9,48,0,6,0,0,0,0,0,0
9,70,3,3,0,0,0,0,0,0
9,109,0,3,0,0,0,0,0,0
9,114,3,0,0,0,0,0,0,0
10,10,3,3,0,0,0,0,0,0
10,16,3,6,0,0,0,0,0,0
10,35,3,6,0,0,0,0,0,0
10,36,0,3,0,0,0,0,0,0
10,69,3,3,0,0,0,0,0,0
10,70,8,9,0,0,0,0,0,0
10,85,3,3,0,0,0,0,0,0
11,0,0,7,0,0,0,0,0,0
11,10,0,3,0,0,0,0,0,0
11,29,3,0,0,0,0,0,0,0
11,35,0,3,0,0,0,0,0,0
11,45,4,3,0,0,0,0,0,0
11,74,0,4,0,0,0,0,0,0
11,92,0,4,0,3,0,0,0,0
11,97,0,3,0,0,0,0,0,0
11,102,6,4,0,0,0,0,0,0
11,110,0,3,0,0,0,0,0,0
12,11,3,4,0,0,0,0,0,0
12,28,0,3,0,0,0,0,0,0
12,35,3,4,0,0,0,0,0,0
12,36,3,0,0,0,0,0,0,0
12,42,3,0,0,0,0,0,0,0
12,45,0,3,0,0,0,0,0,0
12,67,3,4,0,0,0,0,0,0
12,69,0,3,0,0,0,0,0,0
12,97,22,24,0,0,0,0,0,0
12,98,31,38,0,3,0,0,0,0
12,99,25,27,0,0,0,0,0,0
12,100,0,3,0,3,0,0,0,0
12,101,7,6,0,0,0,0,0,0
12,109,0,6,0,0,0,0,0,0
12,123,4,4,0,0,0,0,0,0
13,27,0,4,0,0,0,0,0,0
13,44,0,3,0,3,0,0,0,0
13,45,3,3,0,0,0,0,0,0
13,59,3,4,0,0,0,0,0,0
13,60,15,22,3,6,0,0,0,0
13,61,9,19,0,0,0,0,0,0
13,62,3,3,0,0,0,0,0,0
13,71,3,3,0,0,0,0,0,0
13,74,3,7,0,0,0,0,0,0
13,96,3,3,0,0,0,0,0,0
13,97,67,69,0,3,0,0,0,0
13,98,66,40,12,13,0,0,0,0
13,99,0,3,0,0,0,0,0,0
13,100,11,10,6,3,0,0,0,0
13,101,3,4,0,0,0,0,0,0
13,104,3,3,0,0,0,0,0,0
13,123,3,3,0,0,0,0,0,0
14,2,5,4,0,0,0,0,0,0
14,27,3,3,0,0,0,0,0,0
14,44,3,3,0,0,0,0,0,0
14,61,41,26,8,0,0,0,0,0
14,62,10,8,0,0,0,0,0,0
14,69,0,3,0,0,0,0,0,0
14,71,3,4,0,0,0,0,0,0
14,74,3,4,0,3,0,0,0,0
14,95,14,36,0,6,0,0,0,0
14,96,25,44,6,3,0,0,0,0
14,97,21,45,7,5,0,0,0,0
14,98,31,66,6,8,0,0,0,0
14,99,24,23,3,6,0,0,0,0
14,100,3,3,0,0,0,0,0,0
14,101,0,3,0,3,0,0,0,0
14,108,0,3,0,0,0,0,0,0
14,114,14,12,0,0,0,0,0,0
14,116,0,4,0,0,0,0,0,0
14,117,3,3,0,0,0,0,0,0
14,120,3,4,0,0,0,0,0,0
14,121,0,3,0,0,0,0,0,0
15,26,3,0,0,0,0,0,0,0
15,60,14,14,3,3,0,0,0,0
15,61,24,39,3,3,0,0,0,0
15,62,7,4,0,0,0,0,0,0
15,65,0,3,0,0,0,0,0,0
15,69,0,3,0,0,0,0,0,0
15,71,6,7,0,0,0,0,0,0
15,73,4,0,0,0,0,0,0,0
15,86,10,16,0,0,0,0,0,0
15,87,3,4,0,0,0,0,0,0
15,94,3,3,0,0,0,0,0,0
15,95,19,15,0,6,0,0,0,0
15,96,28,50,0,6,0,0,0,0
15,97,43,77,0,7,0,0,0,0
15,98,14,37,6,0,0,0,0,0
15,99,11,12,0,3,0,0,0,0
15,100,6,13,3,3,0,0,0,0
15,113,11,8,0,0,0,0,0,0
15,114,6,3,0,3,0,0,0,0
15,116,3,3,0,0,0,0,0,0
16,48,0,4,0,0,0,0,0,0
16,61,3,13,3,3,0,0,0,0
16,69,0,3,0,0,0,0,0,0
16,71,3,4,0,0,0,0,0,0
16,74,10,8,3,3,0,0,0,0
16,86,0,3,0,0,0,0,0,0
16,87,37,33,0,3,0,0,0,0
16,88,24,30,0,0,0,0,0,0
16,89,9,4,0,0,0,0,0,0
16,95,22,30,6,3,0,0,0,0
16,96,29,43,10,7,0,0,0,0
16,97,36,33,0,6,3,0,0,0
16,98,19,28,9,0,0,0,0,0
16,99,12,14,0,0,0,0,0,0
16,100,9,12,0,0,0,0,0,0
16,101,13,7,0,0,0,0,0,0
16,102,13,16,0,3,0,0,0,0
16,103,17,22,3,3,0,0,0,0
16,113,6,7,3,0,0,0,0,0
16,114,0,3,0,0,0,0,0,0
16,117,3,5,0,0,0,0,0,0
17,3,3,0,0,3,0,0,0,0
17,69,0,3,0,0,0,0,0,0
17,75,6,3,0,0,0,0,0,0
17,86,8,3,0,0,0,0,0,0
17,87,29,25,3,3,0,0,0,0
17,88,49,35,0,6,0,0,0,0
17,89,13,15,0,3,0,0,0,0
17,91,3,3,0,0,0,0,0,0
17,94,22,29,3,0,0,0,0,0
17,95,28,23,0,8,0,0,0,0
17,96,32,35,0,3,0,0,0,0
17,97,16,33,6,3,0,0,0,0
17,98,11,24,0,5,0,0,0,0
17,99,8,4,0,0,0,0,0,0
17,101,14,23,3,0,0,0,0,0
17,102,32,27,3,6,0,0,0,0
17,103,29,42,0,3,0,0,0,0
17,104,0,3,0,0,0,0,0,0
17,113,4,3,0,0,0,0,0,0
17,117,3,3,0,0,0,0,0,0
17,120,3,3,0,0,0,0,0,0
18,17,0,3,0,0,0,0,0,0
18,37,3,5,0,0,0,0,0,0
18,71,0,3,0,0,0,0,0,0
18,74,3,3,0,0,0,0,0,0
18,75,7,6,0,0,0,0,0,0
18,78,0,3,0,0,0,0,0,0
18,87,34,27,3,13,0,0,0,0
18,88,35,34,3,8,0,0,0,0
18,89,5,18,0,0,0,0,0,0
18,90,10,19,0,3,0,0,0,0
18,91,3,3,0,0,0,0,0,0
18,92,3,4,0,0,0,0,0,0
18,99,0,3,0,0,0,0,0,0
18,103,3,3,0,0,0,0,0,0
18,104,0,3,0,0,0,0,0,0
19,4,3,4,0,0,0,0,0,0
19,5,17,20,3,0,0,0,0,0
19,6,0,4,0,0,0,0,0,0
19,7,3,3,0,0,0,0,0,0
19,40,13,15,0,0,0,0,0,0
19,41,19,25,0,0,0,0,0,0
19,44,4,5,0,0,0,0,0,0
19,45,0,3,0,0,0,0,0,0
19,66,3,0,0,0,0,0,0,0
19,70,0,3,0,0,0,0,0,0
19,76,0,4,0,0,0,0,0,0
19,78,3,0,0,0,0,0,0,0
19,87,16,10,3,6,0,0,0,0
19,88,0,13,0,0,0,0,0,0
19,89,10,16,0,0,0,0,0,0
19,90,3,6,0,0,0,0,0,0
19,96,0,3,0,0,0,0,0,0
19,107,3,3,0,0,0,0,0,0
20,5,19,21,0,0,0,0,0,0
20,6,3,6,0,0,0,0,0,0
20,19,0,3,0,0,0,0,0,0
20,31,3,3,0,0,0,0,0,0
20,40,24,31,0,0,0,0,0,0
20,41,47,51,0,3,0,0,0,0
20,42,70,65,0,8,0,0,0,0
20,43,7,6,0,0,0,0,0,0
20,44,0,3,0,0,0,0,0,0
20,46,5,4,0,0,0,0,0,0
20,65,3,4,0,0,0,0,0,0
20,79,4,7,0,3,0,0,0,0
20,80,0,6,0,0,0,0,0,0
20,84,4,9,0,0,0,0,0,0
20,86,3,0,0,0,0,0,0,0
20,102,3,0,3,0,0,0,0,0
20,108,3,0,0,0,0,0,0,0
20,109,0,3,0,0,0,0,0,0
20,111,3,13,3,3,0,0,0,0
20,123,4,3,0,0,0,0,0,0
20,125,3,3,0,0,0,0,0,0
20,126,8,3,0,0,0,0,0,0
20,127,5,3,0,0,0,0,0,0
21,3,7,6,0,0,0,0,0,0
21,4,3,4,3,0,0,0,0,0
21,5,21,37,3,6,0,0,0,0
21,6,18,15,3,0,0,0,0,0
21,7,11,19,0,0,0,0,0,0
21,11,3,4,0,0,0,0,0,0
21,19,3,3,0,0,0,0,0,0
21,25,3,3,0,0,0,0,0,0
21,37,4,3,0,0,0,0,0,0
21,40,21,30,6,3,0,0,0,0
21,41,23,39,3,0,0,0,0,0
21,42,55,74,0,7,0,0,0,0
21,43,8,8,0,0,0,0,0,0
21,76,3,6,0,3,0,0,0,0
21,80,12,16,3,0,0,0,0,0
21,81,39,38,0,3,0,0,0,0
21,82,13,23,6,0,0,0,0,0
21,84,3,3,0,0,0,0,0,0
21,85,0,4,0,0,0,0,0,0
21,100,3,3,0,0,0,0,0,0
21,109,44,52,0,3,0,0,0,0
21,110,20,24,3,6,0,0,0,0
21,111,22,55,11,3,0,0,0,0
21,112,15,31,9,3,0,0,0,0
21,113,14,18,0,0,0,0,0,0
21,114,0,4,0,0,0,0,0,0
21,115,3,7,0,0,0,0,0,0
21,116,0,7,0,0,0,0,0,0
21,117,10,9,0,0,0,0,0,0
21,123,3,6,0,0,0,0,0,0
21,126,3,0,3,3,0,0,0,0
21,127,0,3,0,0,0,0,0,0
22,4,4,4,0,0,0,0,0,0
22,5,21,31,4,8,0,0,0,0
22,6,28,34,6,6,0,0,0,0
22,7,27,42,9,3,0,0,0,0
22,8,12,30,0,0,0,0,0,0
22,27,3,4,0,0,0,0,0,0
22,36,41,7,0,0,0,0,0,0
22,37,57,49,0,20,0,0,0,0
22,38,27,36,6,6,0,0,0,0
22,39,16,17,3,3,0,0,0,0
22,40,41,60,7,7,0,0,0,0
22,41,43,65,6,9,0,0,0,0
22,42,34,42,0,3,0,0,0,0
22,43,48,65,0,8,0,0,0,0
22,44,15,10,0,4,0,0,0,0
22,79,0,3,0,0,0,0,0,0
22,80,14,6,0,3,0,0,0,0
22,84,9,13,0,0,0,0,0,0
22,101,4,4,0,0,0,0,0,0
22,109,19,32,3,0,0,0,0,0
22,110,37,48,0,3,0,0,0,0
22,111,7,7,0,0,0,0,0,0
22,112,18,10,0,6,0,0,0,0
22,113,3,8,3,0,0,0,0,0
22,114,21,28,0,0,0,0,0,0
22,115,3,3,0,0,0,0,0,0
22,117,8,12,0,0,0,0,0,0
23,4,12,13,0,0,0,0,0,0
23,5,16,28,3,6,0,0,0,0
23,6,19,21,6,6,0,0,0,0
23,7,27,28,0,3,0,0,0,0
23,8,14,13,3,0,0,0,0,0
23,10,0,3,0,0,0,0,0,0
23,11,6,6,0,0,0,0,0,0
23,20,3,3,0,0,0,0,0,0
23,37,8,20,0,0,0,0,0,0
23,38,25,39,18,6,0,0,0,0
23,39,29,50,13,8,0,0,0,0
23,40,46,58,16,10,0,0,0,0
23,41,35,38,0,6,0,0,0,0
23,42,71,66,4,3,0,0,0,0
23,43,56,70,0,6,0,0,0,0
23,44,8,9,0,0,0,0,0,0
23,80,0,4,0,0,0,0,0,0
23,85,3,3,0,0,0,0,0,0
23,86,0,3,0,0,0,0,0,0
23,102,3,3,0,0,0,0,0,0
23,109,7,7,0,0,0,0,0,0
23,110,11,17,0,0,0,0,0,0
23,113,0,3,0,0,0,0,0,0
23,114,16,18,0,0,0,0,0,0
23,115,4,6,3,0,0,0,0,0
23,118,15,6,3,4,0,0,0,0
24,4,3,0,0,0,0,0,0,0
24,5,27,29,0,4,0,0,0,0
24,6,3,5,0,0,0,0,0,0
24,7,3,4,0,0,0,0,0,0
24,11,0,3,0,0,0,0,0,0
24,20,3,3,0,0,0,0,0,0
24,36,16,24,3,3,0,0,0,0
24,37,51,79,0,0,0,0,0,0
24,38,46,72,29,12,0,0,0,0
24,39,39,68,6,3,0,0,0,0
24,40,130,91,11,33,0,0,0,0
24,41,72,61,20,9,0,0,0,0
24,42,54,63,3,3,0,0,0,0
24,43,15,16,0,3,0,0,0,0
24,80,7,6,0,0,0,0,0,0
24,81,13,19,0,0,0,0,0,0
24,93,3,10,0,0,0,0,0,0
24,102,7,4,0,0,0,0,0,0
24,109,3,3,0,0,0,0,0,0
24,115,5,3,0,0,0,0,0,0
24,117,0,3,0,0,0,0,0,0
24,118,8,10,0,3,0,0,0,0
25,20,0,3,0,0,0,0,0,0
25,36,11,21,3,6,0,0,0,0
25,37,44,73,0,10,0,0,0,0
25,38,43,51,26,24,0,0,0,0
25,39,52,32,6,15,0,0,0,0
25,40,38,21,4,10,0,0,0,0
25,41,76,56,9,12,0,0,0,0
25,42,17,34,9,3,0,0,0,0
25,43,6,13,0,0,0,0,0,0
25,44,0,3,0,0,0,0,0,0
25,80,6,10,0,0,0,0,0,0
25,81,16,32,9,3,0,0,0,0
25,82,3,3,0,0,0,0,0,0
25,88,0,4,0,0,0,0,0,0
25,93,8,10,0,0,0,0,0,0
25,94,3,0,0,0,0,0,0,0
25,103,3,4,0,0,0,0,0,0
25,104,4,3,0,0,0,0,0,0
25,108,0,7,0,0,0,0,0,0
26,13,3,3,0,0,0,0,0,0
26,15,0,3,0,0,0,0,0,0
26,20,3,3,0,0,0,0,0,0
26,36,10,16,3,0,0,0,0,0
26,37,38,71,14,13,0,0,0,0
26,38,51,59,9,6,0,0,0,0
26,39,18,25,7,3,0,0,0,0
26,40,38,44,6,18,0,0,0,0
26,41,20,25,0,0,0,0,0,0
26,42,11,4,0,3,0,0,0,0
26,43,11,8,3,0,0,0,0,0
26,46,3,3,0,0,0,0,0,0
26,81,3,13,0,0,0,0,0,0
26,82,23,19,0,6,0,0,0,0
26,93,3,0,0,0,0,0,0,0
26,94,8,24,0,0,0,0,0,0
26,95,6,9,0,3,0,0,0,0
26,104,8,3,0,3,0,0,0,0
26,117,0,9,0,0,0,0,0,0
26,118,4,3,0,0,0,0,0,0
26,123,6,6,0,0,0,0,0,0
27,13,0,3,0,0,0,0,0,0
27,15,4,3,0,0,0,0,0,0
27,20,3,4,0,0,0,0,0,0
27,25,6,4,0,0,0,0,0,0
27,27,0,3,0,0,0,0,0,0
27,28,5,0,0,0,0,0,0,0
27,36,14,21,6,0,0,0,0,0
27,37,32,44,7,6,0,0,0,0
27,38,16,45,19,3,3,0,0,0
27,39,44,33,19,14,0,0,0,0
27,40,18,48,0,6,0,0,0,0
27,41,26,55,6,3,0,0,0,0
27,42,18,31,3,3,0,0,0,0
27,43,19,32,7,3,0,0,0,0
27,60,6,3,0,3,0,0,0,0
27,61,3,3,0,0,0,0,0,0
27,80,0,11,0,0,0,0,0,0
27,81,40,22,24,16,0,0,0,0
27,82,18,31,6,0,0,0,0,0
27,83,24,41,3,3,0,0,0,0
27,84,6,7,0,0,0,0,0,0
27,85,15,10,3,3,0,0,0,0
27,96,0,3,0,0,0,0,0,0
27,103,3,3,0,0,0,0,0,0
27,106,3,3,0,0,0,0,0,0
27,107,3,3,0,0,0,0,0,0
27,115,0,3,0,0,0,0,0,0
27,116,3,3,0,3,0,0,0,0
28,28,0,3,0,0,0,0,0,0
28,36,7,7,0,3,0,0,0,0
28,37,13,36,3,6,0,0,0,0
28,38,4,4,0,0,0,0,0,0
28,40,15,40,0,0,0,0,0,0
28,41,37,55,5,14,0,0,0,0
28,42,41,64,9,9,0,0,0,0
28,43,30,41,6,6,0,0,0,0
28,44,18,26,3,3,0,0,0,0
28,57,12,0,0,3,0,0,0,0
28,58,3,6,0,0,0,0,0,0
28,78,0,3,0,0,0,0,0,0
28,79,13,13,3,6,0,0,0,0
28,80,12,16,3,0,0,0,0,0
28,81,0,3,0,0,0,0,0,0
28,82,9,12,0,0,0,0,0,0
28,83,3,4,0,0,0,0,0,0
28,93,4,0,0,3,0,0,0,0
28,97,41,3,0,0,0,0,0,0
28,100,0,3,0,0,0,0,0,0
28,112,6,8,3,0,0,0,0,0
28,113,3,0,0,0,0,0,0,0
28,114,11,7,0,3,0,0,0,0
28,116,3,4,0,0,0,0,0,0
28,117,8,3,0,0,0,0,0,0
28,118,6,9,0,0,0,0,0,0
28,126,3,0,0,0,0,0,0,0
29,13,3,4,0,0,0,0,0,0
29,21,0,3,0,0,0,0,0,0
29,22,0,7,0,0,0,0,0,0
29,41,8,18,0,3,0,0,0,0
29,42,6,3,0,0,0,0,0,0
29,54,3,4,0,0,0,0,0,0
29,55,3,3,0,0,0,0,0,0
29,56,0,3,0,0,0,0,0,0
29,57,3,0,0,0,0,0,0,0
29,78,9,20,3,0,0,0,0,0
29,79,7,8,0,0,0,0,0,0
29,80,19,8,0,3,0,0,0,0
29,82,3,0,0,0,0,0,0,0
29,87,3,11,0,0,0,0,0,0
29,92,0,6,0,0,0,0,0,0
29,93,0,4,0,0,0,0,0,0
29,94,3,6,0,0,0,0,0,0
29,110,3,6,0,0,0,0,0,0
29,113,0,6,0,0,0,0,0,0
29,114,3,6,0,0,0,0,0,0
29,118,25,23,0,0,0,0,0,0
29,119,3,3,0,0,0,0,0,0
29,125,4,0,0,0,0,0,0,0
30,22,0,3,0,0,0,0,0,0
30,24,4,3,0,0,0,0,0,0
30,34,3,3,0,0,0,0,0,0
30,40,0,3,0,0,0,0,0,0
30,41,5,0,0,0,0,0,0,0
30,42,6,10,3,0,0,0,0,0
30,51,3,3,0,0,0,0,0,0
30,55,3,3,0,0,0,0,0,0
30,86,25,30,34,3,0,0,0,0
30,87,131,118,16,23,0,0,0,0
30,88,18,21,6,0,0,0,0,0
30,90,5,8,0,0,0,0,0,0
30,92,5,11,0,4,0,0,0,0
30,93,20,37,7,3,0,0,0,0
30,94,3,12,0,0,0,0,0,0
30,103,3,3,0,0,0,0,0,0
30,109,0,3,0,0,0,0,0,0
30,110,0,6,0,0,0,0,0,0
30,116,8,6,0,0,0,0,0,0
30,118,5,6,0,0,0,0,0,0
30,120,8,14,3,0,0,0,0,0
30,121,9,35,0,0,0,0,0,0
30,122,0,3,0,0,0,0,0,0
30,124,3,0,0,3,0,0,0,0
31,24,0,3,0,0,0,0,0,0
31,35,4,3,0,0,0,0,0,0
31,41,3,7,0,0,0,0,0,0
31,42,3,3,0,3,0,0,0,0
31,43,4,3,0,0,0,0,0,0
31,52,0,3,0,0,0,0,0,0
31,86,36,31,7,6,0,0,0,0
31,87,204,155,14,47,0,0,0,0
31,89,20,26,7,3,0,0,0,0
31,90,26,25,0,0,0,0,0,0
31,91,13,17,0,0,0,0,0,0
31,92,0,6,3,0,0,0,0,0
31,102,8,8,0,0,0,0,0,0
31,104,0,3,0,0,0,0,0,0
31,116,17,20,0,0,0,0,0,0
31,117,11,10,0,3,0,0,0,0
31,119,19,29,6,3,0,0,0,0
31,120,27,42,3,3,0,0,0,0
32,14,0,0,0,3,0,0,0,0
32,36,12,9,3,0,0,0,0,0
32,37,6,7,0,3,0,0,0,0
32,41,0,3,0,0,0,0,0,0
32,45,9,0,0,0,0,0,0,0
32,46,3,3,0,0,0,0,0,0
32,52,6,9,0,0,0,0,0,0
32,65,3,4,0,0,0,0,0,0
32,86,72,74,15,11,0,0,0,0
32,87,63,27,11,10,0,0,0,0
32,88,12,23,3,0,0,0,0,0
32,89,70,61,9,18,3,0,0,0
32,90,93,68,10,15,0,0,0,0
32,91,0,3,0,0,0,0,0,0
32,102,30,40,6,10,0,0,0,0
32,103,34,43,0,3,0,0,0,0
32,106,3,4,0,3,0,0,0,0
32,116,19,56,6,6,0,0,0,0
32,117,17,34,6,9,0,0,0,0
32,118,9,37,0,0,0,0,0,0
32,119,7,13,0,0,0,0,0,0
33,36,15,19,3,3,0,0,0,0
33,37,9,5,3,3,0,0,0,0
33,40,3,3,0,0,0,0,0,0
33,52,3,4,0,0,0,0,0,0
33,65,20,21,0,0,0,0,0,0
33,85,74,14,5,29,0,0,0,0
33,86,32,62,9,6,0,0,0,0
33,87,53,19,9,17,0,0,0,0
33,88,50,70,9,10,0,0,0,0
33,89,17,35,6,7,0,0,0,0
33,91,0,4,0,0,0,0,0,0
33,92,0,6,0,0,0,0,0,0
33,93,3,4,0,0,0,0,0,0
33,102,29,28,9,3,0,0,0,0
33,103,18,42,3,9,0,0,0,0
33,104,23,25,3,3,0,0,0,0
33,105,8,9,3,0,0,0,0,0
33,106,8,21,3,0,0,0,0,0
33,107,4,10,3,0,0,0,0,0
33,115,15,17,3,6,0,0,0,0
33,116,23,24,0,0,0,0,0,0
33,117,21,42,3,3,0,0,0,0
33,118,17,38,3,0,0,0,0,0
34,14,0,3,0,0,0,0,0,0
34,62,3,0,0,3,0,0,0,0
34,63,19,29,0,6,0,0,0,0
34,64,15,23,3,4,0,0,0,0
34,65,19,30,0,3,0,0,0,0
34,66,8,5,0,0,0,0,0,0
34,85,9,25,6,5,0,0,0,0
34,86,17,36,5,8,0,0,0,0
34,87,86,66,25,23,0,0,0,0
34,88,29,39,6,6,0,0,0,0
34,89,17,16,3,7,0,0,0,0
34,90,63,44,7,17,0,0,0,0
34,91,47,50,14,9,0,0,0,0
34,92,7,11,0,5,0,0,0,0
34,93,0,3,0,0,0,0,0,0
34,98,6,12,5,0,0,0,0,0
34,102,8,8,0,0,0,0,0,0
34,103,16,31,0,3,0,0,0,0
34,104,101,79,6,11,0,0,0,0
34,105,14,20,3,0,0,0,0,0
34,106,14,51,7,0,0,0,0,0
34,107,6,43,5,0,0,0,0,0
34,115,11,21,0,4,0,0,0,0
34,116,31,41,0,4,0,0,0,0
34,117,19,25,0,0,0,0,0,0
35,14,3,8,0,0,0,0,0,0
35,20,4,3,0,0,0,0,0,0
35,63,7,15,3,0,0,0,0,0
35,64,35,31,3,6,0,0,0,0
35,65,43,30,3,3,0,0,0,0
35,66,40,34,3,10,0,0,0,0
35,67,9,11,0,0,0,0,0,0
35,69,3,0,0,0,0,0,0,0
35,77,4,6,0,3,0,0,0,0
35,82,11,8,0,0,0,0,0,0
35,86,0,0,0,3,0,0,0,0
35,88,3,6,0,0,0,0,0,0
35,89,42,26,0,17,0,0,0,0
35,90,106,93,10,27,3,0,0,0
35,91,41,79,12,12,0,0,0,0
35,92,23,27,3,6,3,0,0,0
35,93,5,16,0,0,0,0,0,0
35,95,0,3,0,0,0,0,0,0
35,98,16,4,0,0,0,0,0,0
35,99,3,0,38,3,0,0,0,0
35,101,3,4,0,3,0,0,0,0
35,102,10,17,0,6,0,0,0,0
35,103,22,27,6,6,0,0,0,0
35,104,16,23,3,0,0,0,0,0
35,105,36,60,3,7,0,0,0,0
35,106,32,70,9,0,0,0,0,0
35,107,13,34,3,0,0,0,0,0
35,115,3,9,0,0,0,0,0,0
35,116,10,11,0,0,0,0,0,0
35,118,4,3,0,0,0,0,0,0
36,0,4,9,0,0,0,0,0,0
36,1,3,6,0,0,0,0,0,0
36,14,3,7,0,0,0,0,0,0
36,20,5,6,0,0,0,0,0,0
36,21,6,11,0,0,0,0,0,0
36,63,8,9,0,0,0,0,0,0
36,64,15,47,3,3,0,0,0,0
36,65,19,28,0,3,0,0,0,0
36,66,32,50,3,7,0,0,0,0
36,78,3,3,0,0,0,0,0,0
36,79,3,3,0,0,0,0,0,0
36,81,31,42,0,7,0,0,0,0
36,82,36,74,9,11,0,0,0,0
36,83,7,21,3,0,0,0,0,0
36,88,64,43,8,19,0,0,0,0
36,89,97,76,6,18,0,0,0,0
36,90,92,73,17,22,0,0,0,0
36,91,79,56,7,15,0,0,0,0
36,92,78,47,3,18,0,0,0,0
36,93,18,20,0,3,0,0,0,0
36,94,17,11,3,6,0,0,0,0
36,98,6,12,4,0,0,0,0,0
36,101,8,11,0,0,0,0,0,0
36,102,38,42,4,11,0,0,0,0
36,103,27,50,6,7,0,0,0,0
36,105,17,49,0,3,0,0,0,0
36,106,58,77,11,11,0,0,0,0
36,107,56,62,0,0,0,0,0,0
36,115,6,10,0,0,0,0,0,0
36,117,0,3,0,0,0,0,0,0
37,1,5,4,0,0,0,0,0,0
37,20,7,10,0,0,0,0,0,0
37,21,6,0,0,0,0,0,0,0
37,43,0,3,0,0,0,0,0,0
37,64,16,15,3,3,0,0,0,0
37,65,10,28,0,3,0,0,0,0
37,66,31,38,0,3,0,0,0,0
37,67,16,18,0,3,0,0,0,0
37,76,3,3,0,0,0,0,0,0
37,78,0,3,0,0,0,0,0,0
37,79,0,3,0,0,0,0,0,0
37,80,19,14,0,3,0,0,0,0
37,81,76,80,3,4,0,0,0,0
37,82,29,59,3,4,0,0,0,0
37,83,3,4,3,0,0,0,0,0
37,84,3,3,0,0,0,0,0,0
37,85,8,27,0,3,0,0,0,0
37,86,0,3,0,0,0,0,0,0
37,88,5,8,0,3,0,0,0,0
37,89,65,48,7,24,0,0,0,0
37,90,102,26,8,20,0,0,0,0
37,92,6,8,0,3,0,0,0,0
37,93,45,57,13,9,0,0,0,0
37,94,30,16,6,10,0,0,0,0
37,95,0,3,0,0,0,0,0,0
37,96,3,4,4,3,0,0,0,0
37,97,7,6,3,0,0,0,0,0
37,98,35,19,9,12,0,0,0,0
37,99,61,39,18,8,0,0,0,0
37,100,18,13,0,5,0,0,0,0
37,101,52,38,6,12,0,0,0,0
37,102,53,53,7,17,0,0,0,0
37,103,54,59,12,21,0,0,0,0
37,104,6,4,0,0,0,0,0,0
37,105,37,90,8,6,0,0,0,0
37,106,18,39,0,3,0,0,0,0
37,107,3,4,0,0,0,0,0,0
37,112,6,7,0,0,0,0,0,0
37,113,0,6,0,0,0,0,0,0
37,114,0,9,0,0,0,0,0,0
37,119,3,0,0,0,0,0,0,0
38,19,4,5,0,0,0,0,0,0
38,44,3,0,0,0,0,0,0,0
38,67,5,5,0,0,0,0,0,0
38,76,7,8,0,0,0,0,0,0
38,79,5,8,0,0,0,0,0,0
38,80,6,10,0,0,3,0,0,0
38,81,33,56,6,3,0,0,0,0
38,82,19,47,6,3,0,0,0,0
38,83,7,16,0,0,0,0,0,0
38,85,32,44,6,9,0,0,0,0
38,86,11,15,3,3,0,0,0,0
38,88,3,0,0,0,0,0,0,0
38,89,64,46,10,23,0,0,0,0
38,91,15,18,62,8,0,0,0,0
38,93,29,24,13,20,0,0,0,0
38,94,0,3,0,0,0,0,0,0
38,95,4,13,3,0,0,0,0,0
38,96,85,40,11,20,0,0,0,0
38,97,95,55,15,31,0,0,0,0
38,98,53,38,7,13,0,0,0,0
38,99,7,7,3,0,0,0,0,0
38,100,0,3,0,0,0,0,0,0
38,101,25,15,8,5,0,0,0,0
38,102,47,69,9,11,0,0,0,0
38,103,53,68,9,10,0,0,0,0
38,104,29,60,0,9,0,0,0,0
38,105,6,24,4,0,0,0,0,0
38,112,3,3,0,3,0,0,0,0
38,116,3,3,0,0,0,0,0,0
38,117,3,0,0,0,0,0,0,0
39,0,3,3,0,0,0,0,0,0
39,63,3,0,0,0,0,0,0,0
39,67,6,7,0,0,0,0,0,0
39,76,8,12,0,0,0,0,0,0
39,81,0,4,0,0,0,0,0,0
39,82,57,55,0,6,0,0,0,0
39,83,24,29,7,3,0,0,0,0
39,84,51,61,9,16,0,0,0,0
39,85,48,68,11,8,0,0,0,0
39,86,21,48,3,3,0,0,0,0
39,87,7,20,3,3,0,0,0,0
39,88,11,8,0,0,0,0,0,0
39,89,8,7,6,0,0,0,0,0
39,93,33,39,21,34,0,0,0,0
39,96,45,18,3,8,0,0,0,0
39,97,36,22,3,11,0,0,0,0
39,99,7,11,3,3,0,0,0,0
39,101,56,36,11,17,0,0,0,0
39,102,52,71,15,11,0,0,0,0
39,103,91,75,11,27,0,0,0,0
39,104,60,57,7,16,0,0,0,0
39,105,42,52,12,0,0,0,0,0
39,107,3,4,0,0,0,0,0,0
39,115,3,3,0,0,0,0,0,0
39,117,0,0,3,0,0,0,0,0
39,118,5,9,0,0,0,0,0,0
40,8,0,9,0,0,0,0,0,0
40,9,0,3,0,0,0,0,0,0
40,10,0,3,0,0,0,0,0,0
40,28,3,6,0,0,0,0,0,0
40,82,6,5,0,0,0,0,0,0
40,83,3,4,0,0,0,0,0,0
40,84,9,18,7,3,0,0,0,0
40,85,37,54,7,9,0,0,0,0
40,86,61,46,6,11,0,0,0,0
40,87,26,41,3,3,0,0,0,0
40,88,14,13,3,7,0,0,0,0
40,89,4,3,0,3,0,0,0,0
40,96,5,8,6,3,0,0,0,0
40,97,100,81,17,34,0,0,0,0
40,98,35,44,9,5,0,0,0,0
40,99,54,61,6,9,0,0,0,0
40,100,53,53,13,18,0,0,0,0
40,101,156,103,18,40,0,0,0,0
40,102,105,56,27,40,0,0,0,0
40,103,201,44,21,46,0,0,0,0
40,104,105,120,21,30,0,0,0,0
40,105,32,46,9,3,0,0,0,0
40,106,21,21,0,4,0,0,0,0
40,108,0,7,0,0,0,0,0,0
40,114,0,3,0,0,0,0,0,0
40,115,3,0,0,0,0,0,0,0
40,116,3,4,0,0,0,0,0,0
40,117,8,7,0,0,0,0,0,0
40,118,4,7,0,0,0,0,0,0
40,127,0,6,0,0,0,0,0,0
41,8,0,3,0,0,0,0,0,0
41,32,3,4,0,0,0,0,0,0
41,83,3,3,0,0,0,0,0,0
41,85,3,3,0,0,0,0,0,0
41,86,3,0,0,3,0,0,0,0
41,88,13,8,0,7,0,0,0,0
41,89,7,9,3,3,0,0,0,0
41,91,0,3,0,0,0,0,0,0
41,96,10,25,5,3,3,0,0,0
41,97,72,75,14,31,0,0,0,0
41,98,23,26,5,3,0,0,0,0
41,99,59,56,10,23,0,0,0,0
41,100,76,33,15,29,0,0,0,0
41,101,64,32,12,15,3,0,0,0
41,102,37,58,15,16,0,0,0,0
41,103,79,55,16,30,0,0,0,0
41,104,91,84,27,27,0,0,0,0
41,105,59,92,12,13,0,0,0,0
41,106,3,9,0,0,0,0,0,0
41,107,8,8,0,0,0,0,0,0
41,108,0,3,0,0,0,0,0,0
41,115,3,3,0,0,0,0,0,0
41,117,33,37,0,0,0,0,0,0
41,118,33,54,6,6,0,0,0,0
41,119,17,22,8,0,0,0,0,0
41,120,11,15,0,0,0,0,0,0
41,121,0,6,0,0,0,0,0,0
41,126,9,7,0,0,0,0,0,0
42,15,0,3,0,0,0,0,0,0
42,46,5,6,3,0,0,0,0,0
42,47,3,3,0,0,0,0,0,0
42,85,3,3,0,0,0,0,0,0
42,88,0,3,0,0,0,0,0,0
42,89,0,6,0,0,0,0,0,0
42,97,20,13,9,6,0,0,0,0
42,98,44,36,19,18,0,0,0,0
42,99,3,4,3,0,0,0,0,0
42,100,67,70,17,20,0,0,0,0
42,101,142,99,24,32,0,0,0,0
42,102,85,128,25,15,0,0,0,0
42,103,88,80,11,16,0,0,0,0
42,104,22,37,3,7,0,0,0,0
42,105,28,40,6,4,0,0,0,0
42,106,13,43,5,10,0,0,0,0
42,107,15,26,0,3,0,0,0,0
42,108,6,12,6,0,0,0,0,0
42,116,3,6,0,0,0,0,0,0
42,117,6,7,0,0,0,0,0,0
42,118,18,29,6,6,0,0,0,0
42,119,15,24,5,0,0,0,0,0
42,120,12,15,0,0,0,0,0,0
42,124,4,3,0,0,0,0,0,0
42,126,7,9,3,0,0,0,0,0
43,7,0,3,0,0,0,0,0,0
43,19,0,3,0,0,0,0,0,0
43,26,0,3,0,0,0,0,0,0
43,32,0,3,0,0,0,0,0,0
43,46,6,11,0,0,0,0,0,0
43,62,3,6,0,0,0,0,0,0
43,63,0,6,0,0,0,0,0,0
43,79,3,4,0,3,0,0,0,0
43,81,0,7,0,0,0,0,0,0
43,97,6,3,0,0,0,0,0,0
43,98,45,34,10,11,0,0,0,0
43,99,68,62,8,15,0,0,0,0
43,100,100,60,27,30,0,0,0,0
43,101,16,14,3,9,0,0,0,0
43,102,73,16,3,9,0,0,0,0
43,103,17,6,0,3,0,0,0,0
43,104,45,7,0,7,0,0,0,0
43,105,14,43,7,6,0,0,0,0
43,106,27,60,14,4,0,0,0,0
43,107,6,47,0,3,0,0,0,0
43,115,0,4,0,0,0,0,0,0
43,119,12,23,0,0,0,0,0,0
43,120,4,17,3,0,0,0,0,0
43,126,0,3,0,0,0,0,0,0
44,7,4,7,0,0,0,0,0,0
44,18,3,3,0,0,0,0,0,0
44,32,0,3,0,0,0,0,0,0
44,43,3,3,0,0,0,0,0,0
44,46,13,11,0,0,0,0,0,0
44,47,3,3,0,0,0,0,0,0
44,62,21,20,0,3,0,0,0,0
44,73,11,11,3,3,0,0,0,0
44,74,19,11,3,6,0,0,0,0
44,75,9,7,0,4,0,0,0,0
44,76,4,4,0,0,0,0,0,0
44,79,0,3,0,0,0,0,0,0
44,80,0,3,0,0,0,0,0,0
44,81,3,0,0,0,0,0,0,0
44,82,6,4,0,0,0,0,0,0
44,87,0,3,0,0,0,0,0,0
44,96,3,9,3,0,0,0,0,0
44,97,29,40,14,14,0,0,0,0
44,98,101,73,17,25,0,0,0,0
44,99,122,87,27,34,0,0,0,0
44,100,78,63,11,17,0,0,0,0
44,101,42,52,8,8,0,0,0,0
44,102,52,7,0,17,0,0,0,0
44,103,28,0,3,3,0,0,0,0
44,104,45,0,0,0,0,0,0,0
44,106,9,25,6,3,0,0,0,0
44,107,3,13,0,0,0,0,0,0
44,108,3,0,0,0,0,0,0,0
44,118,4,6,3,0,0,0,0,0
44,119,6,5,0,0,0,0,0,0
44,120,3,3,0,0,0,0,0,0
45,8,3,6,0,0,0,0,0,0
45,9,6,7,0,0,0,0,0,0
45,30,0,3,0,0,0,0,0,0
45,31,8,3,3,0,0,0,0,0
45,32,11,13,0,0,0,0,0,0
45,33,0,0,3,0,0,0,0,0
45,47,4,4,0,0,0,0,0,0
45,59,3,3,0,0,0,0,0,0
45,60,3,4,0,0,0,0,0,0
45,62,15,19,0,3,0,0,0,0
45,72,10,19,3,3,0,0,0,0
45,73,8,14,0,6,0,0,0,0
45,74,16,17,3,3,0,0,0,0
45,75,11,14,0,0,0,0,0,0
45,79,0,3,0,0,0,0,0,0
45,88,0,3,0,0,0,0,0,0
45,96,36,63,19,12,0,0,0,0
45,97,100,86,55,35,0,0,0,0
45,98,129,93,18,42,0,0,0,0
45,99,93,102,64,28,0,0,0,0
45,100,34,31,6,27,0,0,0,0
45,101,56,16,0,6,0,0,0,0
45,102,4,6,0,0,0,0,0,0
45,103,39,10,0,0,0,0,0,0
45,104,0,3,0,0,0,0,0,0
45,105,117,87,19,23,0,0,0,0
45,106,11,16,7,4,0,0,0,0
45,107,0,3,0,0,0,0,0,0
45,108,3,0,0,0,0,0,0,0
45,117,0,13,0,0,0,0,0,0
45,118,12,16,3,0,0,0,0,0
45,119,3,0,0,0,0,0,0,0
45,124,31,3,0,6,0,0,0,0
46,2,28,4,0,0,0,0,0,0
46,6,3,6,0,0,0,0,0,0
46,8,8,4,0,0,0,0,0,0
46,9,3,3,0,0,0,0,0,0
46,29,0,3,0,0,0,0,0,0
46,30,10,9,0,0,0,0,0,0
46,31,7,13,0,3,0,0,0,0
46,32,21,19,0,0,0,0,0,0
46,59,3,5,0,0,0,0,0,0
46,60,8,15,0,0,0,0,0,0
46,61,11,4,0,0,0,0,0,0
46,62,6,13,6,0,0,0,0,0
46,72,11,23,0,3,0,0,0,0
46,73,16,20,3,0,0,0,0,0
46,75,0,3,3,0,0,0,0,0
46,90,0,3,0,0,0,0,0,0
46,96,40,77,77,33,0,0,0,0
46,97,39,31,6,17,0,0,0,0
46,98,13,3,0,0,0,0,0,0
46,99,31,52,9,10,0,0,0,0
46,100,82,75,17,34,0,0,0,0
46,101,101,80,17,24,0,0,0,0
46,102,83,82,14,26,0,0,0,0
46,103,65,45,8,21,0,0,0,0
46,104,68,41,9,3,0,0,0,0
46,105,72,80,11,8,0,0,0,0
46,106,47,29,3,10,0,0,0,0
46,119,3,3,0,0,0,0,0,0
47,5,0,3,0,0,0,0,0,0
47,30,3,10,0,0,0,0,0,0
47,31,28,45,3,6,0,0,0,0
47,32,45,71,0,6,0,0,0,0
47,33,6,9,3,0,0,0,0,0
47,44,4,4,0,0,0,0,0,0
47,47,4,0,0,0,0,0,0,0
47,59,8,10,6,0,0,0,0,0
47,60,0,7,0,0,0,0,0,0
47,71,3,6,0,0,0,0,0,0
47,73,11,14,0,3,0,0,0,0
47,95,7,12,3,0,0,0,0,0
47,96,57,100,12,5,0,0,0,0
47,99,16,44,6,3,0,0,0,0
47,100,70,56,12,24,0,0,0,0
47,101,142,108,31,41,0,0,0,0
47,102,107,91,17,33,0,0,0,0
47,103,63,66,20,16,0,0,0,0
47,104,18,42,7,6,0,0,0,0
47,105,191,130,32,41,0,0,0,0
47,106,27,9,4,6,0,0,0,0
47,107,3,3,0,0,0,0,0,0
47,110,3,3,0,0,0,0,0,0
47,111,90,0,9,19,0,0,0,0
47,121,0,3,0,3,0,0,0,0
48,1,0,4,0,0,0,0,0,0
48,4,6,4,0,3,0,0,0,0
48,5,0,3,0,0,0,0,0,0
48,14,0,3,0,0,0,0,0,0
48,22,0,3,0,0,0,0,0,0
48,29,25,37,0,0,0,0,0,0
48,30,22,25,3,6,0,0,0,0
48,31,28,36,0,3,0,0,0,0
48,32,48,58,0,13,0,0,0,0
48,33,53,36,6,10,0,0,0,0
48,73,10,19,0,0,0,0,0,0
48,95,18,13,0,3,0,0,0,0
48,96,27,40,3,4,0,0,0,0
48,98,13,19,0,3,0,0,0,0
48,99,85,120,23,15,0,0,0,0
48,100,52,65,22,22,3,0,0,0
48,101,57,71,26,29,0,0,0,0
48,102,3,9,0,0,0,0,0,0
48,103,3,4,0,0,0,0,0,0
48,105,103,78,7,15,0,0,0,0
48,106,3,0,0,0,0,0,0,0
48,110,3,7,0,0,0,0,0,0
48,111,3,3,0,0,0,0,0,0
48,117,35,3,0,3,0,0,0,0
49,5,0,3,0,0,0,0,0,0
49,29,16,34,0,0,0,0,0,0
49,30,27,62,3,3,0,0,0,0
49,31,41,51,8,3,0,0,0,0
49,32,36,36,6,6,0,0,0,0
49,33,21,27,6,4,0,0,0,0
49,34,9,8,0,3,0,0,0,0
49,35,6,10,0,0,0,0,0,0
49,73,3,3,0,3,0,0,0,0
49,74,3,13,0,0,0,0,0,0
49,75,8,22,0,0,0,0,0,0
49,76,3,0,0,0,0,0,0,0
49,85,3,3,0,0,0,0,0,0
49,86,0,3,0,0,0,0,0,0
49,95,6,11,3,3,0,0,0,0
49,99,140,115,20,15,0,0,0,0
49,100,3,6,0,0,0,0,0,0
49,101,3,3,0,0,0,0,0,0
49,102,41,14,3,12,0,0,0,0
49,110,7,9,0,0,0,0,0,0
49,111,5,3,0,3,0,0,0,0
49,112,3,3,0,0,0,0,0,0
49,117,7,6,0,0,0,0,0,0
49,123,0,8,0,0,0,0,0,0
49,124,0,3,0,0,0,0,0,0
50,2,3,4,0,0,0,0,0,0
50,29,18,26,3,5,0,0,0,0
50,30,46,60,12,6,0,0,0,0
50,31,32,43,9,10,0,0,0,0
50,32,21,13,3,3,0,0,0,0
50,33,37,56,3,10,0,0,0,0
50,34,4,4,0,0,0,0,0,0
50,65,5,7,0,0,0,0,0,0
50,73,0,3,0,3,0,0,0,0
50,74,17,41,3,3,0,0,0,0
50,75,13,10,3,0,0,0,0,0
50,76,6,10,0,3,0,0,0,0
50,77,0,6,0,0,0,0,0,0
50,82,3,4,0,0,0,0,0,0
50,85,10,14,0,3,0,0,0,0
50,86,10,11,0,0,0,0,0,0
50,90,3,10,0,0,0,0,0,0
50,98,3,3,0,0,0,0,0,0
50,99,6,10,0,0,0,0,0,0
50,102,35,6,3,6,0,0,0,0
50,108,0,4,0,0,0,0,0,0
50,110,3,0,0,0,0,0,0,0
50,111,9,6,0,0,0,0,0,0
50,123,6,3,0,0,0,0,0,0
50,124,9,25,0,0,0,0,0,0
50,125,3,7,0,0,0,0,0,0
51,10,3,3,0,0,0,0,0,0
51,26,8,13,0,0,0,0,0,0
51,29,0,8,0,0,0,0,0,0
51,30,25,31,40,0,0,0,0,0
51,31,31,40,9,7,0,0,0,0
51,32,7,22,0,3,0,0,0,0
51,33,3,3,3,0,0,0,0,0
51,71,3,0,0,0,0,0,0,0
51,74,22,21,3,0,0,0,0,0
51,75,31,26,0,3,0,0,0,0
51,76,0,3,0,0,0,0,0,0
51,85,4,14,0,3,0,0,0,0
51,86,0,3,0,0,0,0,0,0
51,90,23,38,11,7,3,0,0,0
51,91,10,14,0,6,0,0,0,0
51,97,3,0,0,0,0,0,0,0
51,106,3,3,0,0,0,0,0,0
51,110,4,0,0,0,0,0,0,0
51,116,5,3,0,0,0,0,0,0
51,122,3,3,0,0,0,0,0,0
51,123,17,23,3,6,0,0,0,0
51,124,0,7,0,0,0,0,0,0
52,8,3,4,0,0,0,0,0,0
52,9,8,8,0,0,0,0,0,0
52,10,0,3,0,0,0,0,0,0
52,26,11,10,0,3,0,0,0,0
52,27,7,8,0,0,0,0,0,0
52,28,19,22,3,0,0,0,0,0
52,29,35,40,3,10,0,0,0,0
52,30,21,32,9,4,0,0,0,0
52,31,24,58,9,9,0,0,0,0
52,32,20,51,3,6,0,0,0,0
52,33,4,14,0,0,0,0,0,0
52,34,6,8,0,0,0,0,0,0
52,50,0,3,0,0,0,0,0,0
52,64,3,3,0,0,0,0,0,0
52,67,0,3,0,3,0,0,0,0
52,69,6,3,0,0,0,0,0,0
52,70,0,3,0,0,0,0,0,0
52,74,20,20,0,3,0,0,0,0
52,90,22,40,3,3,0,0,0,0
52,91,26,30,12,3,0,0,0,0
52,100,11,12,3,5,0,0,0,0
52,101,7,3,0,0,0,0,0,0
52,102,12,4,0,3,0,0,0,0
52,105,12,0,3,11,0,0,0,0
52,121,0,3,0,0,0,0,0,0
52,122,3,6,3,0,0,0,0,0
52,123,0,7,3,0,0,0,0,0
52,127,3,3,3,0,0,0,0,0
53,2,0,3,0,0,0,0,0,0
53,25,3,0,0,0,0,0,0,0
53,26,3,13,0,0,0,0,0,0
53,27,9,21,0,0,0,0,0,0
53,28,29,68,6,3,0,0,0,0
53,29,62,72,6,5,0,0,0,0
53,30,40,61,9,13,0,0,0,0
53,31,3,3,0,0,0,0,0,0
53,32,0,3,0,0,0,0,0,0
53,64,3,6,0,0,0,0,0,0
53,67,0,3,0,0,0,0,0,0
53,68,0,3,0,0,0,0,0,0
53,69,3,3,0,0,0,0,0,0
53,75,4,3,0,0,0,0,0,0
53,86,10,3,0,0,0,0,0,0
53,88,3,3,0,0,0,0,0,0
53,89,9,24,3,3,0,0,0,0
53,90,14,47,7,4,0,0,0,0
53,91,25,30,0,5,0,0,0,0
53,92,3,6,0,0,0,0,0,0
53,110,0,4,0,0,0,0,0,0
53,112,0,3,0,0,0,0,0,0
53,120,6,11,0,0,0,0,0,0
53,121,5,10,3,3,0,0,0,0
53,126,0,3,0,0,0,0,0,0
53,127,23,38,0,3,0,0,0,0
54,24,3,3,0,0,0,0,0,0
54,25,0,3,0,3,0,0,0,0
54,27,8,3,0,3,0,0,0,0
54,28,33,38,7,3,0,0,0,0
54,29,16,22,6,3,0,0,0,0
54,31,3,4,0,0,0,0,0,0
54,48,5,3,0,0,0,0,0,0
54,57,4,0,0,0,0,0,0,0
54,89,3,3,3,0,0,0,0,0
54,90,16,36,9,3,0,0,0,0
54,91,19,45,63,6,0,0,0,0
54,92,8,21,0,0,0,0,0,0
54,104,3,0,0,0,0,0,0,0
54,106,0,3,0,0,0,0,0,0
54,107,0,7,0,0,0,0,0,0
54,112,0,3,0,0,0,0,0,0
54,122,3,3,0,0,0,0,0,0
54,125,0,11,3,0,0,0,0,0
55,0,0,0,3,0,0,0,0,0
55,9,5,3,0,0,0,0,0,0
55,24,3,3,0,0,0,0,0,0
55,27,16,13,0,0,0,0,0,0
55,28,33,25,3,12,0,0,0,0
55,29,24,29,3,0,0,0,0,0
55,41,3,7,0,0,0,0,0,0
55,49,3,3,0,0,0,0,0,0
55,89,53,22,20,10,0,0,0,0
55,90,41,49,3,10,0,0,0,0
55,91,17,31,3,8,0,0,0,0
55,92,30,33,3,7,0,0,0,0
55,107,18,26,3,3,0,0,0,0
55,124,0,0,3,0,0,0,0,0
55,125,3,3,0,0,0,0,0,0
56,0,0,4,0,0,0,0,0,0
56,10,3,0,0,0,0,0,0,0
56,11,3,3,0,0,0,0,0,0
56,21,0,3,0,0,0,0,0,0
56,27,7,13,0,0,0,0,0,0
56,28,11,12,0,0,0,0,0,0
56,29,22,16,0,3,0,0,0,0
56,30,15,21,0,3,0,0,0,0
56,31,5,3,0,0,0,0,0,0
56,41,0,3,0,0,0,0,0,0
56,43,3,0,0,0,0,0,0,0
56,75,0,3,0,0,0,0,0,0
56,88,0,4,0,0,0,0,0,0
56,89,60,67,0,6,0,0,0,0
56,90,48,67,10,5,0,0,0,0
56,91,31,48,8,0,3,0,0,0
56,92,18,26,10,10,0,0,0,0
56,93,0,3,0,0,0,0,0,0
56,107,7,28,3,3,0,0,0,0
56,108,3,3,0,0,0,0,0,0
56,113,3,3,0,0,0,0,0,0
57,33,6,4,0,0,0,0,0,0
57,52,3,0,0,0,0,0,0,0
57,66,3,5,0,0,0,0,0,0
57,67,7,9,0,0,0,0,0,0
57,68,7,7,0,0,0,0,0,0
57,84,3,4,0,0,0,0,0,0
57,88,14,21,0,0,0,0,0,0
57,89,41,48,0,3,0,0,0,0
57,90,16,26,4,3,0,0,0,0
57,91,22,29,0,0,0,0,0,0
57,92,5,38,0,7,0,0,0,0
57,93,7,6,3,6,0,0,0,0
57,109,6,7,0,0,0,0,0,0
57,113,5,3,0,3,0,0,0,0
58,32,3,6,0,0,0,0,0,0
58,33,23,15,6,0,0,0,0,0
58,34,7,10,0,0,0,0,0,0
58,39,0,3,0,0,0,0,0,0
58,68,27,19,4,3,0,0,0,0
58,69,13,20,3,4,0,0,0,0
58,70,20,28,0,3,0,0,0,0
58,83,3,4,0,0,0,0,0,0
58,86,0,7,0,3,0,0,0,0
58,89,0,3,0,0,0,0,0,0
58,90,8,22,3,5,0,0,0,0
58,91,43,37,3,3,0,0,0,0
58,92,44,88,7,6,0,0,0,0
58,93,6,16,3,4,0,0,0,0
58,118,0,6,0,0,0,0,0,0
58,126,8,9,0,0,0,0,0,0
59,9,0,3,0,0,0,0,0,0
59,32,3,3,0,0,0,0,0,0
59,33,3,4,0,0,0,0,0,0
59,34,6,5,3,0,0,0,0,0
59,48,0,3,0,0,0,0,0,0
59,68,16,23,0,3,0,0,0,0
59,69,3,5,0,0,0,0,0,0
59,70,17,23,3,3,0,0,0,0
59,71,0,3,0,0,0,0,0,0
59,81,3,0,0,3,0,0,0,0
59,88,12,4,0,0,0,0,0,0
59,89,3,4,0,0,0,0,0,0
59,90,22,20,0,0,0,0,0,0
59,91,29,44,0,0,0,0,0,0
59,92,16,26,0,0,0,0,0,0
59,93,3,4,3,0,0,0,0,0
59,110,3,3,0,0,0,0,0,0
59,111,15,22,3,0,0,0,0,0
59,112,0,9,0,0,0,0,0,0
59,113,3,6,0,6,0,0,0,0
60,9,0,3,0,0,0,0,0,0
60,17,0,3,0,0,0,0,0,0
60,48,4,6,0,0,0,0,0,0
60,68,4,7,0,3,0,0,0,0
60,69,4,5,0,0,0,0,0,0
60,77,3,0,0,0,0,0,0,0
60,87,6,4,0,0,0,0,0,0
60,88,6,9,0,3,0,0,0,0
60,89,3,0,0,0,0,0,0,0
60,105,4,0,0,0,0,0,0,0
60,112,7,9,0,0,0,0,0,0
60,113,10,20,0,6,0,0,0,0
60,114,8,6,0,3,0,0,0,0
60,115,3,7,0,0,0,0,0,0
61,10,0,3,0,0,0,0,0,0
61,44,0,3,0,0,0,0,0,0
61,45,7,8,0,0,0,0,0,0
61,79,4,4,0,0,0,0,0,0
61,87,6,0,0,0,0,0,0,0
61,92,4,0,0,0,0,0,0,0
61,112,4,4,0,0,0,0,0,0
61,113,14,14,0,3,0,0,0,0
61,114,6,20,0,0,0,0,0,0
61,115,4,7,0,0,0,0,0,0
62,10,7,9,3,0,0,0,0,0
62,44,28,16,6,5,0,0,0,0
62,45,3,3,3,0,0,0,0,0
62,46,6,3,0,0,0,0,0,0
62,66,5,4,0,0,0,0,0,0
62,69,3,3,0,0,0,0,0,0
62,84,0,7,0,0,0,0,0,0
62,85,0,0,0,3,0,0,0,0
62,89,0,5,0,0,0,0,0,0
62,94,5,0,0,0,0,0,0,0
62,107,4,6,3,4,0,0,0,0
63,8,0,3,0,0,0,0,0,0
63,9,7,3,0,0,0,0,0,0
63,10,0,3,0,0,0,0,0,0
63,34,0,5,0,0,0,0,0,0
63,43,0,3,0,0,0,0,0,0
63,44,9,12,0,3,0,0,0,0
63,45,11,6,0,3,0,0,0,0
63,46,3,3,0,0,0,0,0,0
63,71,3,0,0,0,0,0,0,0
63,84,0,6,0,0,0,0,0,0
63,93,3,4,0,0,0,0,0,0
63,115,0,4,0,0,0,0,0,0
63,116,12,13,3,0,0,0,0,0
64,6,0,3,0,0,0,0,0,0
64,10,6,4,0,3,0,0,0,0
64,12,0,3,0,0,0,0,0,0
64,30,0,0,0,3,0,0,0,0
64,43,4,4,0,0,0,0,0,0
64,44,33,32,9,3,0,0,0,0
64,45,5,12,0,0,0,0,0,0
64,46,6,7,3,0,0,0,0,0
64,65,0,0,3,0,0,0,0,0
64,71,0,3,0,0,0,0,0,0
64,72,0,0,0,3,0,0,0,0
64,78,0,4,0,0,0,0,0,0
64,114,25,45,6,8,0,0,0,0
64,115,34,52,12,7,0,0,0,0
64,116,40,35,3,6,0,0,0,0
65,6,5,0,0,0,0,0,0,0
65,9,3,10,0,0,0,0,0,0
65,10,16,27,0,0,0,0,0,0
65,43,3,0,0,0,0,0,0,0
65,44,10,14,0,3,0,0,0,0
65,45,12,23,0,0,0,0,0,0
65,70,3,4,0,3,0,0,0,0
65,71,0,3,0,0,0,0,0,0
65,72,6,3,3,0,0,0,0,0
65,73,4,8,0,3,0,0,0,0
65,90,0,3,0,0,0,0,0,0
65,113,6,9,0,0,0,0,0,0
65,114,32,46,3,11,0,0,0,0
65,115,44,49,0,0,0,0,0,0
65,116,26,33,0,7,0,0,0,0
65,117,0,3,0,0,0,0,0,0
65,118,3,0,0,0,0,0,0,0
65,123,0,3,3,0,0,0,0,0
66,8,9,11,0,0,0,0,0,0
66,9,9,9,0,0,0,0,0,0
66,10,27,40,10,3,0,0,0,0
66,11,8,8,0,0,0,0,0,0
66,44,4,6,0,0,0,0,0,0
66,45,27,25,3,0,0,0,0,0
66,46,27,15,0,4,0,0,0,0
66,56,3,0,0,0,0,0,0,0
66,57,0,3,0,0,0,0,0,0
66,72,13,14,0,0,0,0,0,0
66,73,10,8,0,3,0,0,0,0
66,82,8,16,0,0,0,0,0,0
66,83,3,12,0,0,0,0,0,0
66,89,3,3,0,0,0,0,0,0
66,90,3,3,0,0,0,0,0,0
66,92,0,7,0,3,0,0,0,0
66,93,6,15,3,5,0,0,0,0
66,105,0,3,0,0,0,0,0,0
66,113,0,3,0,0,0,0,0,0
66,114,7,18,0,3,0,0,0,0
66,115,6,0,0,3,0,0,0,0
66,117,9,8,0,0,0,0,0,0
67,8,15,26,0,0,0,0,0,0
67,9,32,41,9,3,0,0,0,0
67,10,31,45,7,3,0,0,0,0
67,11,61,51,0,4,0,0,0,0
67,12,13,13,0,0,0,0,0,0
67,24,3,0,0,0,0,0,0,0
67,26,3,6,0,0,0,0,0,0
67,43,10,27,0,3,0,0,0,0
67,44,16,28,3,9,0,0,0,0
67,45,32,37,0,3,0,0,0,0
67,46,21,32,3,0,0,0,0,0
67,47,5,6,0,0,0,0,0,0
67,56,3,3,0,0,0,0,0,0
67,60,3,3,0,0,0,0,0,0
67,86,0,3,0,0,0,0,0,0
67,92,8,23,0,3,0,0,0,0
67,93,10,19,3,4,0,0,0,0
67,114,8,6,0,0,0,0,0,0
67,117,0,7,3,0,0,0,0,0
67,118,9,28,0,0,0,0,0,0
67,119,0,8,3,0,0,0,0,0
67,120,3,3,0,0,0,0,0,0
68,7,3,4,0,0,0,0,0,0
68,8,6,7,0,0,0,0,0,0
68,9,22,30,3,0,0,0,0,0
68,10,35,33,3,3,0,0,0,0
68,11,36,61,3,5,0,0,0,0
68,12,3,10,0,0,0,0,0,0
68,13,5,3,3,0,0,0,0,0
68,25,6,11,0,0,0,0,0,0
68,43,3,0,0,0,0,0,0,0
68,44,7,19,3,0,0,0,0,0
68,45,16,14,0,7,0,0,0,0
68,46,13,25,3,7,0,0,0,0
68,47,11,12,0,0,0,0,0,0
68,73,3,3,0,0,0,0,0,0
68,82,0,4,0,0,0,0,0,0
68,91,0,3,0,0,0,0,0,0
68,92,15,19,3,3,0,0,0,0
68,93,26,37,42,12,0,0,0,0
68,115,26,18,0,0,0,0,0,0
68,116,26,18,0,0,0,0,0,0
68,117,8,11,0,0,0,0,0,0
68,119,9,6,0,0,0,0,0,0
68,120,0,3,0,0,0,0,0,0
69,8,0,6,0,0,0,0,0,0
69,9,26,27,3,0,0,0,0,0
69,10,35,21,3,3,0,0,0,0
69,11,30,25,3,3,0,0,0,0
69,12,19,23,0,3,0,0,0,0
69,13,17,25,0,3,0,0,0,0
69,24,0,0,3,3,0,0,0,0
69,25,0,3,0,0,0,0,0,0
69,34,0,3,0,0,0,0,0,0
69,45,3,3,0,0,0,0,0,0
69,47,6,12,0,0,0,0,0,0
69,50,0,4,0,0,0,0,0,0
69,54,6,3,0,0,0,0,0,0
69,55,3,3,0,0,0,0,0,0
69,60,4,3,0,0,0,0,0,0
69,63,0,3,0,0,0,0,0,0
69,66,3,3,0,0,0,0,0,0
69,83,3,0,9,3,0,0,0,0
69,84,5,0,0,0,0,0,0,0
69,91,7,3,3,0,0,0,0,0
69,92,4,3,0,0,0,0,0,0
69,93,3,9,0,0,0,0,0,0
69,106,0,3,0,0,0,0,0,0
69,115,3,4,0,0,0,0,0,0
69,116,0,3,0,0,0,0,0,0
69,117,0,6,0,0,0,0,0,0
69,119,3,3,0,0,0,0,0,0
69,123,0,4,0,0,0,0,0,0
70,10,17,22,0,0,0,0,0,0
70,11,12,35,8,3,0,0,0,0
70,12,28,38,0,0,0,0,0,0
70,13,25,20,3,3,0,0,0,0
70,14,7,3,0,0,0,0,0,0
70,23,3,3,0,0,0,0,0,0
70,24,0,3,0,0,0,0,0,0
70,47,3,4,0,0,0,0,0,0
70,48,3,3,0,0,0,0,0,0
70,49,3,3,0,0,0,0,0,0
70,51,0,3,0,0,0,0,0,0
70,84,10,3,0,3,0,0,0,0
70,85,3,4,0,0,0,0,0,0
70,88,4,3,0,0,0,0,0,0
70,113,0,3,0,0,0,0,0,0
71,10,18,25,0,3,0,0,0,0
71,11,11,23,0,0,0,0,0,0
71,13,15,23,0,0,0,0,0,0
71,14,4,4,0,0,0,0,0,0
71,26,0,3,0,0,0,0,0,0
71,27,4,3,0,0,0,0,0,0
71,57,11,0,0,0,0,0,0,0
71,58,0,3,0,0,0,0,0,0
71,59,3,0,0,0,0,0,0,0
71,62,3,4,0,0,0,0,0,0
71,71,9,0,0,3,0,0,0,0
71,81,0,3,0,0,0,0,0,0
71,86,3,3,0,0,0,0,0,0
71,104,4,4,3,3,0,0,0,0
71,107,6,7,0,0,0,0,0,0
71,108,11,16,0,0,0,0,0,0
72,10,13,21,0,0,0,0,0,0
72,11,18,21,0,0,0,0,0,0
72,12,8,15,3,0,0,0,0,0
72,21,3,7,0,0,0,0,0,0
72,22,3,3,0,0,0,0,0,0
72,26,4,4,0,0,0,0,0,0
72,28,3,6,0,0,0,0,0,0
72,33,3,4,0,0,0,0,0,0
72,46,3,3,0,0,0,0,0,0
72,53,0,0,3,0,0,0,0,0
72,73,5,8,0,0,0,0,0,0
72,86,9,10,0,0,0,0,0,0
72,107,10,11,0,0,0,0,0,0
72,108,35,44,3,4,0,0,0,0
72,109,9,10,0,0,0,0,0,0
73,11,10,12,0,0,0,0,0,0
73,12,0,3,0,0,0,0,0,0
73,32,0,3,0,0,0,0,0,0
73,37,3,3,0,0,0,0,0,0
73,40,0,4,0,0,0,0,0,0
73,53,0,4,0,0,0,0,0,0
73,61,4,0,0,0,0,0,0,0
73,62,0,3,0,0,0,0,0,0
73,67,3,3,0,0,0,0,0,0
73,68,0,3,0,0,0,0,0,0
73,72,4,0,0,0,0,0,0,0
73,83,3,0,0,0,0,0,0,0
73,84,0,3,0,0,0,0,0,0
73,86,11,7,0,3,0,0,0,0
73,107,9,12,3,0,0,0,0,0
73,108,25,33,3,7,0,0,0,0
73,109,13,16,0,3,0,0,0,0
73,114,0,3,0,0,0,0,0,0
73,117,0,4,0,0,0,0,0,0
74,37,0,3,0,0,0,0,0,0
74,62,3,3,0,0,0,0,0,0
74,63,7,3,0,0,0,0,0,0
74,67,5,3,0,0,0,0,0,0
74,85,3,7,0,0,0,0,0,0
74,86,0,3,0,0,0,0,0,0
74,89,6,8,0,0,0,0,0,0
74,90,4,6,0,0,0,0,0,0
74,103,0,0,0,3,0,0,0,0
74,110,3,3,0,0,0,0,0,0
74,111,4,4,0,0,0,0,0,0
74,115,9,5,0,0,0,0,0,0
74,119,0,3,0,0,0,0,0,0
75,0,0,3,0,0,0,0,0,0
75,23,0,3,0,0,0,0,0,0
75,34,4,3,0,0,0,0,0,0
75,39,0,6,0,0,0,0,0,0
75,64,6,7,0,0,0,0,0,0
75,65,11,13,0,0,0,0,0,0
75,66,0,3,0,3,0,0,0,0
75,79,3,3,0,0,0,0,0,0
75,80,4,4,0,0,0,0,0,0
75,81,9,19,0,0,0,0,0,0
75,82,7,6,0,0,0,0,0,0
75,89,3,15,0,0,0,0,0,0
75,90,10,18,0,0,0,0,0,0
75,114,0,3,0,0,0,0,0,0
76,1,3,3,0,0,0,0,0,0
76,29,0,4,0,0,0,0,0,0
76,32,0,4,0,0,0,0,0,0
76,34,0,3,0,0,0,0,0,0
76,39,0,3,0,0,0,0,0,0
76,53,3,3,0,0,0,0,0,0
76,66,3,0,0,3,0,0,0,0
76,79,0,3,0,0,0,0,0,0
76,80,10,20,0,3,0,0,0,0
76,81,24,26,0,9,0,0,0,0
76,82,0,3,0,0,0,0,0,0
76,88,6,3,0,0,0,0,0,0
76,89,15,22,0,3,0,0,0,0
76,90,10,21,0,3,0,0,0,0
76,104,4,3,0,0,0,0,0,0
76,114,4,3,0,0,0,0,0,0
76,125,3,3,0,0,0,0,0,0
77,27,4,3,0,4,0,0,0,0
77,28,0,3,0,0,0,0,0,0
77,31,3,7,0,0,0,0,0,0
77,32,6,6,0,0,0,0,0,0
77,39,3,3,0,0,0,0,0,0
77,65,3,0,0,0,0,0,0,0
77,67,0,3,0,3,0,0,0,0
77,74,0,4,0,0,0,0,0,0
77,80,4,3,0,3,0,0,0,0
77,81,7,11,0,0,0,0,0,0
77,87,3,3,3,0,0,0,0,0
77,88,0,9,0,3,0,0,0,0
77,89,10,15,0,0,0,0,0,0
77,90,0,4,0,0,0,0,0,0
77,113,0,3,0,0,0,0,0,0
77,115,3,5,0,0,0,0,0,0
77,122,3,3,0,0,0,0,0,0
78,15,0,3,0,0,0,0,0,0
78,19,5,0,0,0,0,0,0,0
78,20,3,10,0,0,0,0,0,0
78,23,3,3,0,0,0,0,0,0
78,24,7,6,0,0,0,0,0,0
78,29,0,0,0,4,0,0,0,0
78,33,3,3,0,0,0,0,0,0
78,42,0,3,0,0,0,0,0,0
78,47,3,0,0,0,0,0,0,0
78,65,0,3,0,0,0,0,0,0
78,66,3,0,0,0,0,0,0,0
78,70,3,3,0,0,0,0,0,0
78,80,12,17,0,4,0,0,0,0
78,87,0,3,0,0,0,0,0,0
78,113,0,3,0,0,0,0,0,0
78,117,3,3,0,0,0,0,0,0
78,122,3,4,0,0,0,0,0,0
78,123,0,4,0,0,0,0,0,0
78,126,24,20,0,3,0,0,0,0
79,15,3,3,0,0,0,0,0,0
79,16,5,6,0,0,0,0,0,0
79,19,6,6,0,0,0,0,0,0
79,21,3,0,0,0,0,0,0,0
79,33,3,3,0,0,0,0,0,0
79,34,7,6,0,3,0,0,0,0
79,35,3,5,0,0,0,0,0,0
79,43,19,6,0,0,0,0,0,0
79,49,3,7,0,0,0,0,0,0
79,59,5,7,0,0,0,0,0,0
79,72,0,3,0,0,0,0,0,0
79,73,0,3,0,0,0,0,0,0
79,74,0,3,0,0,0,0,0,0
79,79,7,11,0,0,0,0,0,0
79,81,3,0,0,0,0,0,0,0
79,118,0,0,3,0,0,0,0,0
79,122,28,19,0,0,0,0,0,0
79,126,15,13,0,3,0,0,0,0
80,21,3,4,0,0,0,0,0,0
80,35,14,11,0,0,0,0,0,0
80,36,3,3,0,0,0,0,0,0
80,44,6,3,0,3,0,0,0,0
80,59,3,0,0,0,0,0,0,0
80,65,13,7,0,0,0,0,0,0
80,66,6,5,0,0,0,0,0,0
80,74,3,3,0,0,0,0,0,0
80,77,0,3,0,0,0,0,0,0
80,79,7,14,0,0,0,0,0,0
80,122,6,13,0,0,0,0,0,0
80,123,9,14,0,0,0,0,0,0
80,124,18,19,0,3,0,0,0,0
80,125,19,21,6,3,0,0,0,0
81,14,5,3,0,0,0,0,0,0
81,31,3,3,0,0,0,0,0,0
81,35,10,11,0,3,0,0,0,0
81,57,0,3,3,0,0,0,0,0
81,65,12,17,0,0,0,0,0,0
81,75,0,3,3,0,0,0,0,0
81,76,3,3,0,0,0,0,0,0
81,79,20,13,28,3,0,0,0,0
81,80,4,0,0,0,0,0,0,0
81,81,0,3,0,0,0,0,0,0
81,110,3,3,0,0,0,0,0,0
81,112,3,3,0,0,0,0,0,0
81,123,12,16,3,3,0,0,0,0
81,124,6,8,3,0,0,0,0,0
82,9,3,6,0,0,0,0,0,0
82,20,5,3,0,0,0,0,0,0
82,35,3,7,0,0,0,0,0,0
82,65,3,0,0,0,0,0,0,0
82,66,7,6,0,0,0,0,0,0
82,77,0,3,0,0,0,0,0,0
82,79,0,3,0,3,0,0,0,0
82,80,0,7,0,0,0,0,0,0
82,85,181,22,4,7,0,0,0,0
82,106,0,3,0,0,0,0,0,0
82,107,9,15,4,0,0,0,0,0
82,119,0,3,0,0,0,0,0,0
82,121,0,3,0,0,0,0,0,0
82,124,4,3,0,0,0,0,0,0
82,127,3,4,0,0,0,0,0,0
83,35,13,22,3,0,0,0,0,0
83,36,0,3,0,0,0,0,0,0
83,42,0,3,0,0,0,0,0,0
83,107,11,14,0,0,0,0,0,0
83,108,4,3,0,0,0,0,0,0
83,122,0,3,0,0,0,0,0,0
83,125,6,9,0,0,0,0,0,0
83,126,7,14,3,3,0,0,0,0
83,127,10,9,0,0,0,0,0,0
84,1,8,0,0,0,0,0,0,0
84,4,3,3,0,0,0,0,0,0
84,38,3,4,0,0,0,0,0,0
84,39,3,3,0,3,0,0,0,0
84,53,6,3,0,3,0,0,0,0
84,77,24,24,6,4,0,0,0,0
84,78,24,21,3,3,0,0,0,0
84,107,0,3,0,0,0,0,0,0
84,108,0,3,0,0,0,0,0,0
84,126,6,8,0,0,0,0,0,0
84,127,9,16,0,0,0,0,0,0
85,8,4,4,0,0,0,0,0,0
85,33,0,7,0,0,0,0,0,0
85,34,10,9,0,0,0,0,0,0
85,39,3,0,0,0,0,0,0,0
85,43,0,3,0,0,0,0,0,0
85,49,9,19,0,3,0,0,0,0
85,50,6,12,0,3,0,0,0,0
85,51,5,4,0,0,0,0,0,0
85,52,3,0,0,0,0,0,0,0
85,56,3,0,0,0,0,0,0,0
85,76,8,12,3,6,0,0,0,0
85,77,21,46,9,6,0,0,0,0
85,78,13,38,6,3,0,0,0,0
85,79,37,46,6,4,0,0,0,0
85,80,11,16,6,3,0,0,0,0
85,104,0,3,0,0,0,0,0,0
85,113,3,0,0,0,0,0,0,0
85,126,10,16,0,0,0,0,0,0
86,1,0,3,0,0,0,0,0,0
86,2,0,3,0,0,0,0,0,0
86,4,0,3,0,0,0,0,0,0
86,6,0,6,0,0,0,0,0,0
86,7,3,4,0,0,0,0,0,0
86,8,3,0,0,0,0,0,0,0
86,24,7,0,0,0,0,0,0,0
86,33,0,8,0,0,0,0,0,0
86,34,16,15,0,3,0,0,0,0
86,48,16,16,0,0,3,0,0,0
86,49,32,49,10,0,0,0,0,0
86,50,27,47,3,6,0,0,0,0
86,51,22,26,3,3,0,0,0,0
86,52,0,6,0,0,0,0,0,0
86,56,0,3,0,0,0,0,0,0
86,76,5,13,0,3,0,0,0,0
86,77,31,57,10,3,0,0,0,0
86,78,17,15,9,7,0,0,0,0
86,79,20,37,4,6,0,0,0,0
86,80,19,17,0,4,0,0,0,0
86,113,4,11,0,0,0,0,0,0
86,120,8,4,0,0,0,0,0,0
87,13,0,3,0,0,0,0,0,0
87,21,3,3,0,0,0,0,0,0
87,22,7,6,3,0,0,0,0,0
87,23,3,3,0,0,0,0,0,0
87,32,27,14,3,3,0,0,0,0
87,33,5,8,3,0,0,0,0,0
87,34,3,3,0,0,0,0,0,0
87,44,4,5,0,0,0,0,0,0
87,46,3,0,0,0,0,0,0,0
87,48,39,36,0,3,0,0,0,0
87,49,11,9,0,3,0,0,0,0
87,50,38,41,0,10,0,0,0,0
87,51,18,32,36,5,0,0,0,0
87,52,6,4,3,0,0,0,0,0
87,75,9,8,0,0,0,0,0,0
87,76,0,6,0,0,0,0,0,0
87,77,16,24,6,6,0,0,0,0
87,78,31,47,10,7,0,0,0,0
87,79,38,39,9,13,0,0,0,0
87,80,14,18,0,0,0,0,0,0
87,108,0,3,0,0,0,0,0,0
87,118,6,7,0,0,0,0,0,0
87,120,3,3,0,0,0,0,0,0
87,125,3,3,0,0,0,0,0,0
88,19,3,9,0,0,0,0,0,0
88,20,0,6,0,0,0,0,0,0
88,21,11,25,0,0,0,0,0,0
88,22,18,17,0,6,0,0,0,0
88,23,13,10,0,3,0,0,0,0
88,32,21,16,3,6,0,0,0,0
88,33,10,14,3,4,0,0,0,0
88,43,3,3,0,0,0,0,0,0
88,48,3,0,0,3,0,0,0,0
88,49,17,18,4,0,0,0,0,0
88,50,15,13,3,0,0,0,0,0
88,51,3,3,0,0,0,0,0,0
88,60,3,4,0,0,0,0,0,0
88,68,6,8,0,0,0,0,0,0
88,76,0,3,0,0,0,0,0,0
88,77,7,4,3,0,0,0,0,0
88,78,23,23,6,7,0,0,0,0
88,79,28,21,4,6,0,0,0,0
88,80,3,6,0,0,0,0,0,0
88,100,0,3,3,0,0,0,0,0
88,101,0,3,0,0,0,0,0,0
88,102,0,8,0,0,0,0,0,0
88,109,6,10,0,0,0,0,0,0
88,110,8,24,0,3,0,0,0,0
88,112,6,9,0,0,0,0,0,0
88,116,0,3,0,0,0,0,0,0
88,117,3,7,0,0,0,0,0,0
88,118,6,6,3,0,0,0,0,0
88,119,3,0,0,0,0,0,0,0
89,0,0,5,0,0,0,0,0,0
89,13,3,5,0,0,0,0,0,0
89,18,6,3,0,0,0,0,0,0
89,19,6,0,0,0,0,0,0,0
89,20,3,3,0,0,0,0,0,0
89,21,3,6,0,3,0,0,0,0
89,22,0,3,0,0,0,0,0,0
89,23,16,26,4,3,0,0,0,0
89,24,3,4,0,0,0,0,0,0
89,30,4,4,0,0,0,0,0,0
89,31,0,3,0,0,0,0,0,0
89,34,5,4,0,0,0,0,0,0
89,49,7,3,0,0,0,0,0,0
89,50,21,32,9,4,0,0,0,0
89,60,5,3,0,0,0,0,0,0
89,61,3,3,0,3,0,0,0,0
89,100,0,3,0,0,0,0,0,0
89,102,6,0,0,3,0,0,0,0
89,103,0,13,0,0,0,0,0,0
89,104,3,3,0,0,0,0,0,0
89,108,3,0,0,0,0,0,0,0
89,109,16,26,0,0,0,0,0,0
89,110,12,17,3,3,0,0,0,0
89,111,0,3,0,0,0,0,0,0
89,112,3,4,0,0,0,0,0,0
89,113,3,4,0,0,0,0,0,0
89,127,3,3,0,0,0,0,0,0
90,9,0,3,0,0,0,0,0,0
90,10,0,0,0,3,0,0,0,0
90,21,5,6,0,0,0,0,0,0
90,23,14,17,0,0,0,0,0,0
90,24,4,5,0,0,0,0,0,0
90,50,29,25,3,9,0,0,0,0
90,51,5,14,0,3,0,0,0,0
90,56,0,3,0,0,0,0,0,0
90,57,8,6,0,3,0,0,0,0
90,58,0,3,0,0,0,0,0,0
90,59,6,3,3,3,0,0,0,0
90,78,11,8,0,0,0,0,0,0
90,79,9,11,0,0,0,0,0,0
90,80,13,12,0,0,0,0,0,0
90,102,5,3,0,0,0,0,0,0
90,103,3,3,0,0,0,0,0,0
90,104,0,0,0,0,3,0,0,0
90,107,7,13,0,0,0,0,0,0
90,108,4,3,0,0,0,0,0,0
90,109,3,7,0,0,0,0,0,0
90,110,4,4,0,0,0,0,0,0
91,22,3,0,0,3,0,0,0,0
91,53,0,3,0,0,0,0,0,0
91,55,4,6,0,3,0,0,0,0
91,56,3,4,0,0,0,0,0,0
91,78,32,31,3,5,0,0,0,0
91,79,25,40,4,4,0,0,0,0
91,80,33,33,3,10,0,0,0,0
91,81,0,4,0,0,0,0,0,0
91,89,0,3,0,0,0,0,0,0
91,91,0,3,0,0,0,0,0,0
91,100,6,0,0,0,0,0,0,0
91,102,0,0,0,3,0,0,0,0
91,106,0,3,0,0,0,0,0,0
91,110,0,3,0,0,0,0,0,0
92,6,0,3,0,0,0,0,0,0
92,7,5,3,0,0,0,0,0,0
92,8,3,3,0,0,0,0,0,0
92,30,0,3,0,0,0,0,0,0
92,67,6,9,0,0,0,0,0,0
92,77,5,6,0,0,0,0,0,0
92,78,30,34,0,6,0,0,0,0
92,79,40,58,3,3,0,0,0,0
92,80,34,58,3,6,0,0,0,0
92,81,9,7,0,0,0,0,0,0
92,82,3,0,0,3,0,0,0,0
92,89,0,3,0,0,0,0,0,0
92,90,8,14,0,0,0,0,0,0
92,91,10,13,0,3,0,0,0,0
92,102,3,10,0,0,0,0,0,0
92,104,0,3,0,0,0,0,0,0
92,110,9,10,0,0,0,0,0,0
93,7,0,3,0,0,0,0,0,0
93,23,0,3,0,0,0,0,0,0
93,33,3,3,0,0,0,0,0,0
93,34,3,0,0,0,0,0,0,0
93,53,6,6,0,0,0,0,0,0
93,54,6,6,0,0,0,0,0,0
93,67,9,19,3,6,0,0,0,0
93,68,17,18,3,0,0,0,0,0
93,69,0,3,0,0,0,0,0,0
93,77,8,4,3,3,0,0,0,0
93,78,22,25,0,0,0,0,0,0
93,79,82,69,0,0,0,0,0,0
93,80,25,22,0,3,0,0,0,0
93,82,11,9,0,3,0,0,0,0
93,90,3,3,0,0,0,0,0,0
93,100,0,6,0,3,0,0,0,0
93,101,10,11,0,3,0,0,0,0
93,110,6,19,0,0,0,0,0,0
93,117,3,4,0,0,0,0,0,0
94,21,0,3,0,0,0,0,0,0
94,22,0,7,0,0,0,0,0,0
94,31,3,5,0,0,0,0,0,0
94,44,3,4,0,0,0,0,0,0
94,53,3,7,3,0,0,0,0,0
94,54,9,7,0,3,0,0,0,0
94,66,5,4,0,0,0,0,0,0
94,67,7,14,0,3,0,0,0,0
94,73,3,4,0,0,0,0,0,0
94,83,0,5,0,0,0,0,0,0
94,98,4,3,0,0,0,0,0,0
94,100,3,7,0,0,0,0,0,0
94,101,17,28,3,4,0,0,0,0
94,102,3,6,0,0,0,0,0,0
94,107,0,3,0,0,0,0,0,0
94,114,3,8,0,0,0,0,0,0
94,115,0,3,0,0,0,0,0,0
94,116,3,4,0,0,0,0,0,0
94,117,3,3,0,0,0,0,0,0
94,121,0,3,0,0,0,0,0,0
95,1,0,3,0,0,0,0,0,0
95,2,3,3,0,0,0,0,0,0
95,22,3,4,0,0,0,0,0,0
95,31,6,4,0,0,0,0,0,0
95,39,0,3,0,0,0,0,0,0
95,40,8,4,0,0,0,0,0,0
95,41,6,4,0,0,0,0,0,0
95,73,3,0,0,0,0,0,0,0
95,98,17,0,0,0,0,0,0,0
95,100,0,3,0,0,0,0,0,0
95,101,7,10,0,0,0,0,0,0
95,107,3,3,0,0,0,0,0,0
95,108,0,3,0,0,0,0,0,0
95,114,7,9,0,4,0,0,0,0
95,115,27,29,0,5,0,0,0,0
95,116,12,16,0,3,0,0,0,0
95,117,3,4,0,3,0,0,0,0
96,0,3,4,0,0,0,0,0,0
96,1,7,12,0,3,0,0,0,0
96,2,3,6,3,3,0,0,0,0
96,29,3,3,0,0,0,0,0,0
96,44,3,0,0,0,0,0,0,0
96,45,0,4,0,0,0,0,0,0
96,52,4,3,0,3,0,0,0,0
96,54,3,0,0,0,0,0,0,0
96,83,3,4,0,0,0,0,0,0
96,84,0,3,0,0,0,0,0,0
96,91,0,3,0,0,0,0,0,0
96,95,0,3,0,0,0,0,0,0
96,99,4,5,0,0,0,0,0,0
96,114,14,25,0,0,0,0,0,0
96,115,7,6,0,3,0,0,0,0
96,123,3,4,0,0,0,0,0,0
97,27,3,0,0,0,0,0,0,0
97,28,12,12,0,0,0,0,0,0
97,44,3,7,0,3,0,0,0,0
97,45,3,3,3,0,0,0,0,0
97,51,6,6,0,0,0,0,0,0
97,54,7,6,0,3,0,0,0,0
97,56,3,5,0,0,0,0,0,0
97,74,0,3,0,0,0,0,0,0
97,75,4,5,0,0,0,0,0,0
97,82,0,7,0,3,0,0,0,0
97,84,3,0,0,0,0,0,0,0
97,88,0,3,0,0,0,0,0,0
97,92,0,3,0,3,0,0,0,0
97,118,0,3,0,0,0,0,0,0
97,127,3,3,0,0,0,0,0,0
98,14,3,3,0,0,0,0,0,0
98,28,19,16,0,0,0,0,0,0
98,44,0,8,0,0,0,0,0,0
98,45,12,12,0,0,0,0,0,0
98,46,16,14,0,0,0,0,0,0
98,47,25,36,0,0,0,0,0,0
98,48,0,6,0,0,0,0,0,0
98,54,0,3,3,0,0,0,0,0
98,63,0,7,0,0,0,0,0,0
98,67,6,3,0,0,0,0,0,0
98,68,5,0,0,0,0,0,0,0
98,83,3,3,0,0,0,0,0,0
98,92,0,3,0,0,0,0,0,0
98,98,0,3,0,0,0,0,0,0
98,109,3,3,0,0,0,0,0,0
98,119,3,6,0,0,0,0,0,0
99,15,0,0,0,3,0,0,0,0
99,28,6,13,0,0,0,0,0,0
99,29,11,24,31,4,0,0,0,0
99,38,3,0,0,0,0,0,0,0
99,45,32,32,3,6,0,0,0,0
99,46,17,16,3,3,0,0,0,0
99,47,13,39,3,0,0,0,0,0
99,52,0,3,0,0,0,0,0,0
99,98,3,8,0,0,0,0,0,0
99,111,3,3,0,0,0,0,0,0
99,117,3,3,0,3,0,0,0,0
99,118,3,6,0,0,0,0,0,0
99,119,3,9,0,0,0,0,0,0
99,121,3,3,0,0,0,0,0,0
100,9,4,4,0,0,0,0,0,0
100,14,3,3,0,3,0,0,0,0
100,15,16,19,0,0,0,0,0,0
100,16,3,4,0,0,0,0,0,0
100,17,11,9,3,0,0,0,0,0
100,18,11,31,0,4,0,0,0,0
100,19,0,6,0,0,0,0,0,0
100,29,4,4,0,0,0,0,0,0
100,39,0,3,0,0,0,0,0,0
100,44,7,7,0,0,0,0,0,0
100,45,3,0,0,0,0,0,0,0
100,51,3,3,0,0,0,0,0,0
100,58,0,3,0,0,0,0,0,0
100,84,6,7,0,0,0,0,0,0
100,116,0,3,0,0,0,0,0,0
100,122,3,3,0,0,0,0,0,0
101,15,25,14,3,3,0,0,0,0
101,16,18,21,3,0,0,0,0,0
101,17,9,13,0,3,0,0,0,0
101,18,0,3,0,0,0,0,0,0
101,37,0,3,0,0,0,0,0,0
101,42,3,0,0,0,0,0,0,0
101,50,3,3,0,3,0,0,0,0
101,51,6,3,0,0,0,0,0,0
101,59,3,3,0,0,0,0,0,0
101,77,0,4,0,0,0,0,0,0
101,84,0,4,0,0,0,0,0,0
101,85,6,6,0,0,0,0,0,0
101,123,0,3,0,0,0,0,0,0
101,125,3,6,0,3,0,0,0,0
101,126,0,3,0,0,0,0,0,0
102,3,3,3,0,0,0,0,0,0
102,15,13,9,0,0,0,0,0,0
102,16,31,36,0,0,0,0,0,0
102,17,0,4,0,0,0,0,0,0
102,52,7,3,0,0,0,0,0,0
102,61,3,4,0,0,0,0,0,0
102,62,8,13,0,0,0,0,0,0
102,63,4,11,0,0,0,0,0,0
102,84,3,8,0,0,0,0,0,0
102,87,0,3,0,3,0,0,0,0
102,90,0,3,0,0,0,0,0,0
102,91,3,5,0,0,0,0,0,0
102,107,0,0,0,3,0,0,0,0
102,126,4,19,0,0,0,0,0,0
102,127,6,10,0,0,0,0,0,0
103,3,0,3,0,0,0,0,0,0
103,4,5,3,0,0,0,0,0,0
103,16,30,26,0,4,0,0,0,0
103,17,6,16,0,0,0,0,0,0
103,31,3,0,0,0,0,0,0,0
103,60,6,6,0,3,0,0,0,0
103,61,29,36,0,12,0,0,0,0
103,62,33,60,6,0,0,0,0,0
103,63,20,43,3,4,0,0,0,0
103,64,5,15,0,3,0,0,0,0
103,84,4,4,0,0,0,0,0,0
103,89,5,3,0,0,0,0,0,0
103,90,29,22,5,7,0,0,0,0
103,125,0,3,0,0,0,0,0,0
103,126,0,7,0,0,0,0,0,0
103,127,7,7,3,0,0,0,0,0
104,4,12,5,0,0,0,0,0,0
104,32,3,3,0,0,0,0,0,0
104,37,3,3,0,0,0,0,0,0
104,59,0,3,0,0,0,0,0,0
104,61,17,18,0,0,0,0,0,0
104,62,28,34,0,6,0,0,0,0
104,63,36,39,9,8,0,0,0,0
104,64,34,25,3,7,0,0,0,0
104,65,10,6,0,0,0,0,0,0
104,66,0,3,3,0,0,0,0,0
104,75,3,3,0,0,0,0,0,0
104,90,20,25,3,3,0,0,0,0
104,91,15,28,0,0,0,0,0,0
104,125,0,4,0,0,0,0,0,0
104,126,0,16,0,6,0,0,0,0
104,127,0,6,0,0,0,0,0,0
105,32,3,0,0,3,0,0,0,0
105,61,0,3,0,0,0,0,0,0
105,62,30,37,10,6,0,0,0,0
105,63,14,14,0,5,0,0,0,0
105,64,22,27,4,3,0,0,0,0
105,65,14,26,0,0,0,0,0,0
105,90,38,47,0,3,0,0,0,0
105,91,19,17,0,3,3,0,0,0
105,92,25,27,4,10,0,0,0,0
105,93,37,28,3,8,0,0,0,0
105,94,0,3,0,0,0,0,0,0
105,122,3,3,0,0,0,0,0,0
105,126,3,6,0,3,0,0,0,0
106,2,4,0,0,0,0,0,0,0
106,16,0,3,0,0,0,0,0,0
106,18,3,6,0,0,0,0,0,0
106,19,0,10,0,7,0,0,0,0
106,32,3,7,0,0,0,0,0,0
106,33,3,14,0,0,0,0,0,0
106,34,0,3,0,0,0,0,0,0
106,62,10,8,3,0,0,0,0,0
106,64,0,3,0,0,0,0,0,0
106,65,0,3,3,0,0,0,0,0
106,75,3,0,0,0,0,0,0,0
106,76,12,12,0,3,0,0,0,0
106,80,3,3,0,3,0,0,0,0
106,91,9,14,0,0,0,0,0,0
106,92,4,16,0,3,0,0,0,0
106,93,13,25,0,0,0,0,0,0
106,94,6,21,3,0,0,0,0,0
106,122,19,7,0,11,0,0,0,0
106,123,8,16,0,0,0,0,0,0
106,124,12,29,0,3,0,0,0,0
106,125,3,4,0,0,0,0,0,0
107,13,3,3,0,0,0,0,0,0
107,19,9,16,0,3,0,0,0,0
107,33,10,10,0,0,0,0,0,0
107,34,58,59,0,3,0,0,0,0
107,35,6,15,0,0,0,0,0,0
107,37,11,12,3,0,0,0,0,0
107,52,0,3,0,0,0,0,0,0
107,53,3,4,0,0,0,0,0,0
107,56,4,3,0,0,0,0,0,0
107,61,3,3,0,0,0,0,0,0
107,65,3,3,0,0,0,0,0,0
107,76,29,46,3,9,0,0,0,0
107,77,21,34,0,0,0,0,0,0
107,84,3,4,0,0,0,0,0,0
107,91,12,14,0,6,3,0,0,0
107,92,36,39,3,9,0,0,0,0
107,93,18,25,3,3,0,0,0,0
107,106,6,3,0,3,0,0,0,0
107,107,0,6,0,0,0,0,0,0
107,108,3,3,0,0,0,0,0,0
107,110,3,6,0,4,0,0,0,0
107,111,3,3,0,0,0,0,0,0
107,115,0,6,0,0,0,0,0,0
107,123,0,3,0,0,0,0,0,0
107,124,0,3,0,0,0,0,0,0
108,19,0,3,0,0,0,0,0,0
108,33,7,10,3,4,0,0,0,0
108,34,33,28,0,7,0,0,0,0
108,35,23,23,0,6,0,0,0,0
108,36,11,25,0,3,0,0,0,0
108,37,16,19,0,3,0,0,0,0
108,48,3,3,0,0,0,0,0,0
108,59,3,3,0,0,0,0,0,0
108,65,0,3,0,0,0,0,0,0
108,76,29,41,0,0,0,0,0,0
108,77,23,41,3,4,0,0,0,0
108,84,3,3,0,0,0,0,0,0
108,90,3,4,0,0,0,0,0,0
108,91,11,6,0,0,0,0,0,0
108,92,3,4,0,0,0,0,0,0
108,93,5,7,0,0,0,0,0,0
108,107,17,20,6,3,0,0,0,0
108,108,0,4,0,0,0,0,0,0
108,124,0,3,0,0,0,0,0,0
109,10,0,3,0,0,0,0,0,0
109,11,3,0,0,0,0,0,0,0
109,16,8,4,0,0,0,0,0,0
109,20,0,6,0,0,0,0,0,0
109,34,26,25,7,7,0,0,0,0
109,35,15,16,0,0,0,0,0,0
109,36,15,15,0,3,0,0,0,0
109,37,10,20,0,3,0,0,0,0
109,38,31,54,8,6,0,0,0,0
109,39,3,4,0,0,0,0,0,0
109,52,0,3,0,0,0,0,0,0
109,56,3,3,0,0,0,0,0,0
109,57,3,3,0,0,0,0,0,0
109,74,3,3,0,0,0,0,0,0
109,75,5,8,0,0,0,0,0,0
109,76,17,26,6,3,0,0,0,0
109,77,6,24,3,0,0,0,0,0
109,101,3,3,0,3,0,0,0,0
109,105,0,4,0,0,0,0,0,0
109,106,3,3,0,0,0,0,0,0
109,107,19,30,3,6,0,0,0,0
109,108,0,0,3,0,0,0,0,0
109,113,0,3,0,0,0,0,0,0
109,124,0,3,0,0,0,0,0,0
110,0,0,3,0,0,0,0,0,0
110,20,3,4,0,0,0,0,0,0
110,35,33,49,3,0,0,0,0,0
110,36,13,15,3,6,0,0,0,0
110,37,26,28,0,3,0,0,0,0
110,38,15,15,3,3,0,0,0,0
110,39,3,3,0,0,0,0,0,0
110,49,6,6,0,0,0,0,0,0
110,56,3,3,0,0,0,0,0,0
110,75,19,20,0,0,0,0,0,0
110,76,17,23,0,3,0,0,0,0
110,77,6,9,0,0,0,0,0,0
110,104,0,3,0,0,0,0,0,0
110,105,0,4,0,0,0,0,0,0
110,107,6,0,0,0,0,0,0,0
111,0,0,3,0,0,0,0,0,0
111,1,3,6,0,0,0,0,0,0
111,2,0,0,0,3,0,0,0,0
111,3,3,0,0,0,0,0,0,0
111,10,4,4,0,0,0,0,0,0
111,11,3,4,0,0,0,0,0,0
111,35,0,3,0,0,0,0,0,0
111,36,3,10,3,3,0,0,0,0
111,38,4,3,0,0,0,0,0,0
111,74,7,19,0,0,0,0,0,0
111,75,4,0,0,0,0,0,0,0
111,88,0,3,0,0,0,0,0,0
112,3,0,3,0,0,0,0,0,0
112,11,3,12,0,0,0,0,0,0
112,12,8,16,3,0,0,0,0,0
112,21,6,4,0,0,0,0,0,0
112,36,3,3,0,0,0,0,0,0
112,37,8,4,0,0,0,0,0,0
112,38,0,6,0,0,0,0,0,0
112,41,3,3,0,0,0,0,0,0
112,48,3,0,0,0,0,0,0,0
112,54,3,0,0,0,0,0,0,0
112,56,0,3,0,0,0,0,0,0
112,73,8,16,4,4,0,0,0,0
112,74,3,11,0,3,0,0,0,0
112,85,3,4,0,0,0,0,0,0
113,13,3,6,0,0,0,0,0,0
113,36,0,3,0,0,0,0,0,0
113,42,4,3,0,0,0,0,0,0
113,49,0,3,0,0,0,0,0,0
113,50,3,3,0,0,0,0,0,0
113,84,0,3,0,0,0,0,0,0
113,86,0,6,0,0,0,0,0,0
113,100,0,3,3,0,0,0,0,0
113,105,9,7,0,0,0,0,0,0
114,18,0,3,0,0,0,0,0,0
114,36,0,3,0,0,0,0,0,0
114,37,3,3,0,0,0,0,0,0
114,49,6,6,0,0,0,0,0,0
114,65,15,17,0,5,0,0,0,0
114,66,0,3,0,0,0,0,0,0
114,71,4,6,0,3,0,0,0,0
114,89,3,0,0,3,0,0,0,0
114,100,3,0,0,3,0,0,0,0
114,102,3,3,0,0,0,0,0,0
114,103,4,3,0,0,0,0,0,0
114,104,0,6,0,0,0,0,0,0
114,109,5,6,0,0,0,0,0,0
115,8,0,4,0,0,0,0,0,0
115,9,0,3,0,0,0,0,0,0
115,12,3,4,0,0,0,0,0,0
115,15,4,4,0,0,0,0,0,0
115,16,3,0,0,0,0,0,0,0
115,35,3,4,0,0,0,0,0,0
115,37,6,0,0,0,0,0,0,0
115,38,3,3,0,0,0,0,0,0
115,42,3,3,0,0,0,0,0,0
115,43,0,3,0,0,0,0,0,0
115,45,3,3,0,0,0,0,0,0
115,64,12,12,3,0,0,0,0,0
115,65,37,29,3,8,0,0,0,0
115,66,22,29,0,8,0,0,0,0
115,70,7,3,0,0,0,0,0,0
115,84,3,6,0,0,0,0,0,0
115,86,0,3,0,0,0,0,0,0
115,89,0,3,0,0,0,0,0,0
115,90,4,6,0,3,0,0,0,0
115,98,0,6,0,0,0,0,0,0
115,99,3,0,0,0,0,0,0,0
116,1,0,3,0,0,0,0,0,0
116,3,0,3,0,0,0,0,0,0
116,4,4,6,0,0,0,0,0,0
116,5,3,6,0,0,0,0,0,0
116,13,3,3,0,0,0,0,0,0
116,19,0,3,0,0,0,0,0,0
116,32,0,6,0,0,0,0,0,0
116,39,6,7,0,0,0,0,0,0
116,52,3,0,0,0,0,0,0,0
116,81,7,4,0,0,0,0,0,0
116,88,30,27,0,3,0,0,0,0
116,89,22,47,5,3,0,0,0,0
116,90,15,20,0,0,0,0,0,0
116,116,3,13,0,7,0,0,0,0
117,0,8,11,0,0,0,0,0,0
117,2,3,0,0,0,0,0,0,0
117,15,3,4,0,0,0,0,0,0
117,18,3,3,0,0,0,0,0,0
117,31,0,0,0,3,0,0,0,0
117,32,3,3,0,0,0,0,0,0
117,33,3,3,0,0,0,0,0,0
117,39,0,3,0,0,0,0,0,0
117,88,3,3,0,0,0,0,0,0
117,89,15,37,0,3,0,0,0,0
117,90,5,8,3,0,0,0,0,0
118,3,6,7,0,0,0,0,0,0
118,29,0,3,0,0,0,0,0,0
118,33,6,7,0,0,0,0,0,0
118,51,0,6,0,0,0,0,0,0
118,54,0,4,0,0,0,0,0,0
118,55,8,3,0,0,0,0,0,0
118,86,9,6,0,6,0,0,0,0
118,87,13,13,10,3,0,0,0,0
118,88,11,17,0,0,0,0,0,0
118,89,13,34,3,0,0,0,0,0
119,14,6,7,0,0,0,0,0,0
119,40,0,6,0,0,0,0,0,0
119,43,3,3,0,0,0,0,0,0
119,50,0,6,0,0,0,0,0,0
119,55,3,0,0,0,0,0,0,0
119,56,10,8,0,0,0,0,0,0
119,82,7,6,0,0,0,0,0,0
119,87,0,3,3,0,0,0,0,0
119,89,13,17,0,0,0,0,0,0
119,100,3,3,0,0,0,0,0,0
119,113,0,4,0,0,0,0,0,0
120,41,3,4,0,0,0,0,0,0
120,43,0,3,0,0,0,0,0,0
120,52,0,3,0,0,0,0,0,0
120,55,3,3,0,0,0,0,0,0
120,56,0,3,0,0,0,0,0,0
120,93,3,3,0,0,0,0,0,0
120,94,5,0,0,0,0,0,0,0
120,98,3,6,0,0,0,0,0,0
120,103,3,3,0,0,0,0,0,0
120,105,5,3,0,3,0,0,0,0
120,111,3,3,0,0,0,0,0,0
120,113,43,22,0,0,0,0,0,0
121,9,0,3,0,0,0,0,0,0
121,14,3,0,0,0,0,0,0,0
121,65,6,7,0,0,0,0,0,0
121,82,3,9,0,0,0,0,0,0
121,100,0,3,0,0,0,0,0,0
121,101,0,3,0,0,0,0,0,0
121,102,3,10,0,0,0,0,0,0
121,103,0,10,0,0,0,0,0,0
121,104,7,9,0,0,0,0,0,0
121,105,3,3,0,0,0,0,0,0
121,112,3,4,0,0,0,0,0,0
121,113,17,22,0,3,0,0,0,0
121,114,0,3,0,0,0,0,0,0
122,13,11,12,0,3,0,0,0,0
122,14,10,20,3,0,0,0,0,0
122,49,0,6,0,0,0,0,0,0
122,56,0,3,0,0,0,0,0,0
122,81,23,14,3,7,0,0,0,0
122,82,58,70,0,10,0,0,0,0
122,101,0,3,0,0,0,0,0,0
122,103,4,4,0,0,0,0,0,0
122,112,3,7,0,0,0,0,0,0
123,13,6,9,0,0,0,0,0,0
123,14,9,28,6,3,0,0,0,0
123,48,7,10,0,0,0,0,0,0
123,49,12,8,0,3,0,0,0,0
123,51,0,0,3,3,0,0,0,0
123,56,0,3,0,3,0,0,0,0
123,68,3,3,0,0,0,0,0,0
123,80,72,33,5,6,0,0,0,0
123,81,6,6,0,0,0,0,0,0
123,82,7,7,0,3,0,0,0,0
123,83,6,7,0,0,0,0,0,0
123,106,3,3,0,0,0,0,0,0
123,109,35,45,0,8,0,0,0,0
123,110,41,54,3,3,0,0,0,0
123,111,84,83,42,14,0,0,0,0
123,112,26,48,6,8,0,0,0,0
123,113,17,37,8,0,0,0,0,0
124,13,9,14,3,3,0,0,0,0
124,14,17,34,0,3,0,0,0,0
124,48,10,12,0,3,0,0,0,0
124,49,48,68,3,3,0,0,0,0
124,50,16,23,3,0,0,0,0,0
124,52,0,3,0,0,0,0,0,0
124,56,3,3,0,0,0,0,0,0
124,66,3,4,0,0,0,0,0,0
124,67,18,6,0,3,0,0,0,0
124,68,3,4,0,0,0,0,0,0
124,81,3,3,0,0,0,0,0,0
124,82,12,14,13,0,0,0,0,0
124,83,0,3,0,0,0,0,0,0
124,109,7,17,0,0,0,0,0,0
124,110,14,19,3,3,0,0,0,0
124,111,58,60,9,11,0,0,0,0
124,112,17,35,0,4,0,0,0,0
124,113,3,8,0,3,0,0,0,0
125,10,0,3,0,0,0,0,0,0
125,11,3,3,0,0,0,0,0,0
125,14,18,21,9,0,0,0,0,0
125,15,16,20,0,0,0,0,0,0
125,16,0,3,0,0,0,0,0,0
125,29,4,5,0,0,0,0,0,0
125,30,16,11,3,3,0,0,0,0
125,31,27,30,0,3,0,0,0,0
125,32,6,6,0,0,0,0,0,0
125,49,18,15,3,0,0,0,0,0
125,50,12,42,0,3,0,0,0,0
125,51,10,30,0,0,0,0,0,0
125,52,0,3,0,0,0,0,0,0
125,54,3,6,0,0,0,0,0,0
125,55,3,3,0,0,0,0,0,0
125,56,4,8,0,5,0,0,0,0
125,66,0,3,0,0,0,0,0,0
125,67,0,3,0,0,0,0,0,0
125,68,16,23,0,3,0,0,0,0
125,79,3,0,32,5,0,0,0,0
125,80,4,5,0,0,0,0,0,0
125,82,8,7,0,0,0,0,0,0
125,83,3,4,0,3,0,0,0,0
125,107,0,4,0,0,0,0,0,0
125,110,13,16,3,3,0,0,0,0
125,111,58,63,0,3,0,0,0,0
125,112,28,41,13,6,0,0,0,0
125,113,11,12,3,3,0,0,0,0
126,11,11,17,0,0,0,0,0,0
126,12,18,22,0,3,0,0,0,0
126,14,21,19,0,6,0,0,0,0
126,15,11,12,0,0,0,0,0,0
126,29,22,24,6,3,0,0,0,0
126,30,24,19,0,3,0,0,0,0
126,31,23,26,9,4,0,0,0,0
126,33,3,0,0,0,0,0,0,0
126,35,0,7,0,0,0,0,0,0
126,49,3,0,0,0,0,0,0,0
126,50,25,26,0,3,0,0,0,0
126,51,8,11,0,0,0,0,0,0
126,54,0,3,0,0,0,0,0,0
126,56,6,9,0,0,0,0,0,0
126,60,36,39,0,3,0,0,0,0
126,61,56,58,0,5,0,0,0,0
126,62,3,3,0,3,0,0,0,0
126,77,7,6,0,3,0,0,0,0
126,78,0,3,0,0,0,0,0,0
126,79,20,18,49,14,0,0,0,0
126,82,4,4,0,0,0,0,0,0
126,84,16,0,0,0,0,0,0,0
126,88,3,0,0,0,0,0,0,0
126,107,3,3,0,0,0,0,0,0
126,110,12,9,3,0,0,0,0,0
126,111,37,70,7,6,0,0,0,0
126,112,47,31,9,7,0,0,0,0
126,113,26,35,7,5,0,0,0,0
127,10,27,26,3,3,0,0,0,0
127,11,23,38,0,0,0,0,0,0
127,12,25,22,0,0,0,0,0,0
127,13,4,18,3,0,0,0,0,0
127,14,18,22,0,0,0,0,0,0
127,15,4,3,0,0,0,0,0,0
127,20,0,3,0,0,0,0,0,0
127,23,0,4,0,0,0,0,0,0
127,24,3,4,0,0,0,0,0,0
127,25,7,3,0,3,0,0,0,0
127,29,6,7,3,0,0,0,0,0
127,30,41,29,0,6,0,0,0,0
127,31,20,33,3,0,0,0,0,0
127,35,0,3,0,0,0,0,0,0
127,36,8,5,0,0,0,0,0,0
127,41,3,0,0,0,0,0,0,0
127,43,3,3,0,0,0,0,0,0
127,44,3,3,0,0,0,0,0,0
127,51,7,14,3,0,0,0,0,0
127,52,32,44,3,6,0,0,0,0
127,59,65,71,0,3,0,0,0,0
127,60,105,109,6,9,0,0,0,0
127,61,106,108,6,12,0,0,0,0
127,62,17,16,0,0,0,0,0,0
127,65,3,6,0,0,0,0,0,0
127,66,20,68,4,6,0,0,0,0
127,67,34,21,0,4,0,0,0,0
127,68,3,4,0,3,0,0,0,0
127,77,14,17,3,9,0,0,0,0
127,78,155,110,15,45,0,0,0,0
127,79,96,139,9,26,0,0,0,0
127,80,31,22,5,11,0,0,0,0
127,81,12,10,0,0,0,0,0,0
127,82,4,0,0,0,0,0,0,0
127,86,0,3,0,0,0,0,0,0
127,106,3,10,0,0,0,0,0,0
127,107,3,20,0,0,0,0,0,0
127,108,0,6,0,0,0,0,0,0
127,109,4,3,0,0,0,0,0,0
127,111,54,42,6,3,0,0,0,0
127,112,43,59,0,6,0,0,0,0
127,113,25,23,0,3,0,0,0,0
127,124,3,0,0,0,0,0,0,0