x,y,1,21,22,23,24
0,43,29,3,0,0,0
0,44,25,0,0,0,0
0,45,23,0,3,0,0
0,46,3,0,0,0,0
0,50,25,3,3,3,0
0,51,35,0,0,0,0
0,52,70,8,0,0,0
0,53,3,0,0,3,0
0,54,49,6,6,4,8
0,55,72,7,3,4,3
0,56,43,7,3,3,0
0,57,20,3,3,0,3
0,58,80,7,10,0,3
0,59,101,13,7,6,3
0,60,150,17,14,5,4
0,61,87,10,26,15,3
0,62,33,7,11,8,0
0,63,7,0,3,0,0
0,65,23,0,0,0,0
0,67,3,0,0,0,0
0,68,140,9,10,4,3
0,69,66,0,3,0,0
0,70,38,3,0,0,0
0,74,8,0,0,0,0
0,75,3,0,0,0,0
0,76,4,0,0,0,0
0,86,4,0,0,0,0
0,87,54,0,0,3,0
0,88,61,0,0,3,0
0,89,57,3,0,0,0
0,90,42,0,3,4,3
0,91,62,0,0,0,0
0,92,59,0,0,0,0
0,93,61,0,0,0,0
0,94,50,7,7,3,3
0,95,9,0,0,0,0
1,41,3,0,0,0,0
1,48,55,3,5,4,0
1,49,53,0,0,0,0
1,50,54,5,0,0,3
1,51,74,4,0,0,0
1,52,105,9,5,4,0
1,53,37,5,14,3,3
1,54,67,6,7,4,0
1,55,66,8,13,0,0
1,56,62,8,4,5,3
1,57,95,14,15,12,8
1,58,95,7,5,7,3
1,59,89,4,0,3,0
1,60,30,0,0,0,0
1,61,13,6,6,0,0
1,66,14,3,0,0,0
1,67,5,0,0,0,0
1,68,108,0,4,3,0
1,69,54,0,3,0,3
1,73,3,0,0,0,0
1,74,3,0,0,0,0
1,76,4,0,0,0,0
1,77,8,4,0,0,0
1,87,37,3,0,0,0
1,88,36,0,0,0,3
1,89,52,3,0,0,3
1,90,45,6,0,0,0
1,91,41,5,3,0,0
1,92,41,4,0,3,0
1,93,51,3,0,0,0
1,94,70,3,0,3,0
1,95,11,0,0,0,0
2,46,16,0,5,0,0
2,47,75,4,8,11,3
2,48,21,0,0,0,0
2,49,89,4,13,5,3
2,50,7,0,0,0,0
2,51,42,3,3,0,0
2,52,113,13,6,10,3
2,53,109,10,5,3,3
2,54,98,24,9,8,3
2,55,19,4,3,0,0
2,56,59,6,3,3,0
2,57,74,7,10,10,3
2,58,57,10,8,4,0
2,59,79,5,6,0,0
2,60,59,4,3,0,0
2,61,60,0,0,0,0
2,62,77,4,0,3,3
2,63,9,0,0,0,0
2,67,19,0,0,0,0
2,68,104,6,0,0,23
2,70,19,0,0,0,0
2,74,5,0,0,0,0
2,76,8,3,0,0,0
2,77,3,0,0,0,0
2,87,12,3,0,0,0
2,88,53,3,0,0,0
2,89,48,5,4,3,6
2,90,59,4,0,3,0
2,91,46,3,3,8,0
2,92,60,6,0,0,0
2,93,56,7,0,0,0
2,94,30,4,3,3,3
3,38,4,0,0,0,0
3,42,15,0,0,0,0
3,43,31,5,3,0,0
3,44,4,0,0,0,0
3,45,3,3,0,0,0
3,46,5,0,0,0,0
3,47,19,0,3,0,0
3,48,22,3,3,4,0
3,49,8,0,0,0,0
3,50,49,0,0,0,0
3,51,23,6,3,0,0
3,52,58,4,3,4,3
3,53,33,5,6,3,4
3,54,19,3,3,0,3
3,55,4,0,0,0,0
3,56,6,0,0,3,0
3,57,44,4,3,4,0
3,58,88,8,3,3,0
3,59,76,3,3,3,0
3,60,36,0,0,3,4
3,61,135,7,3,3,3
3,62,47,3,0,0,0
3,63,63,0,0,0,0
3,65,3,0,0,0,0
3,68,6,0,0,0,0
3,69,3,0,0,0,0
3,72,67,7,12,6,3
3,73,3,0,0,0,0
3,74,3,0,0,0,0
3,88,17,0,0,0,0
3,89,3,0,0,0,0
3,92,12,0,0,0,0
3,93,33,6,0,0,0
3,94,10,0,0,4,3
4,39,6,0,0,0,0
4,40,13,0,0,0,0
4,41,48,3,0,0,3
4,42,73,6,3,0,0
4,43,53,6,3,3,0
4,44,36,0,0,0,0
4,45,3,0,0,0,0
4,46,53,3,3,3,0
4,47,66,3,3,3,0
4,48,23,8,0,0,0
4,49,7,6,0,0,0
4,50,36,0,0,0,0
4,51,81,3,0,0,0
4,52,50,0,3,0,3
4,53,11,0,0,0,0
4,55,9,0,0,0,0
4,56,28,12,0,4,0
4,57,92,3,0,0,0
4,58,60,3,3,0,0
4,59,69,3,0,0,0
4,60,51,3,3,0,0
4,61,71,3,3,0,3
4,62,60,0,0,0,0
4,63,90,0,3,3,0
4,64,12,15,3,0,0
4,65,18,0,0,3,0
4,73,19,5,3,0,3
5,40,42,0,0,0,0
5,41,119,6,4,5,0
5,42,50,3,0,0,0
5,43,67,6,3,0,0
5,44,48,3,0,0,0
5,45,54,0,0,0,0
5,46,92,3,6,8,4
5,47,35,3,4,0,0
5,48,9,0,0,0,0
5,52,14,0,0,0,0
5,53,5,0,0,0,0
5,56,3,0,0,0,0
5,57,35,3,0,0,0
5,58,77,4,0,15,0
5,60,47,4,3,0,0
5,61,75,8,3,3,0
5,62,41,3,0,0,0
5,63,48,6,3,5,0
5,64,38,0,3,3,0
5,65,13,0,0,0,0
5,67,4,0,0,0,0
5,68,11,0,0,0,0
5,73,6,0,0,0,0
5,74,3,0,0,0,0
5,84,7,0,0,0,0
6,40,10,8,0,3,0
6,42,91,5,3,5,0
6,43,53,3,0,0,0
6,44,25,3,3,0,0
6,45,5,4,0,0,0
6,46,6,0,0,0,0
6,47,6,0,0,0,0
6,57,39,0,4,0,0
6,58,50,0,0,3,0
6,59,55,3,3,0,0
6,60,33,3,0,0,0
6,61,55,3,3,0,0
6,62,9,0,0,0,0
6,64,24,3,0,0,0
6,65,33,3,0,0,0
6,66,84,5,0,3,0
6,67,45,3,3,0,3
6,68,19,3,0,0,0
6,69,8,0,0,0,0
6,70,5,0,0,3,0
6,71,6,0,0,0,0
6,73,4,0,0,0,0
6,74,3,0,0,0,0
6,76,3,0,0,0,0
6,110,10,0,0,0,0
6,118,8,22,0,0,3
7,38,11,3,0,0,0
7,40,13,3,0,0,0
7,42,9,3,3,0,0
7,44,3,0,0,0,0
7,46,3,0,0,0,0
7,47,11,0,0,0,0
7,56,13,0,0,0,0
7,57,29,0,0,3,0
7,58,36,3,3,0,0
7,59,77,3,3,4,0
7,60,36,3,6,0,0
7,61,6,3,0,0,0
7,62,8,0,0,0,0
7,63,3,0,0,0,0
7,64,44,5,0,0,0
7,65,33,0,0,0,0
7,66,81,11,6,5,3
7,67,5,0,0,3,0
7,77,3,0,0,0,0
7,110,9,0,0,0,0
7,111,14,3,0,0,0
7,112,21,3,0,0,0
7,113,16,0,0,0,0
7,114,3,0,0,0,0
8,36,5,0,0,0,0
8,37,5,0,0,0,0
8,38,3,0,3,0,0
8,39,6,0,0,0,0
8,40,7,0,0,0,0
8,42,3,0,0,0,0
8,57,8,0,0,0,0
8,58,46,0,0,0,0
8,59,52,9,0,0,0
8,60,64,9,12,14,3
8,61,22,4,0,0,0
8,62,20,3,0,0,0
8,63,5,3,0,0,0
8,64,31,4,5,6,0
8,65,14,0,0,0,0
8,66,50,4,3,7,0
8,102,5,0,0,0,0
8,103,15,0,3,0,0
8,104,10,0,0,0,0
8,110,4,0,0,0,0
8,111,14,0,0,0,0
8,112,23,3,0,0,0
8,113,41,3,0,4,0
8,114,25,3,0,0,0
8,115,19,0,0,0,0
8,116,5,0,0,0,0
8,121,3,0,0,0,0
8,122,8,0,0,0,0
9,34,4,0,0,0,0
9,35,3,0,0,0,0
9,36,4,0,0,0,0
9,40,4,0,0,0,0
9,43,4,0,0,0,0
9,54,3,0,0,0,0
9,61,25,0,0,0,0
9,63,5,0,0,0,0
9,66,16,5,3,0,0
9,73,12,0,0,0,0
9,74,4,0,0,0,0
9,93,4,0,0,0,0
9,100,4,0,0,0,0
9,101,12,0,0,0,0
9,102,9,4,0,0,0
9,103,21,0,0,0,0
9,104,19,0,0,0,0
9,105,21,0,0,3,0
9,111,13,3,0,3,0
9,112,54,3,0,5,0
9,113,44,3,3,0,0
9,114,57,4,0,0,0
9,115,52,0,0,3,0
9,116,40,0,0,0,0
9,117,30,3,0,6,0
9,121,24,0,0,0,0
10,38,5,4,0,0,0
10,39,21,0,0,0,0
10,55,7,0,0,0,0
10,56,6,0,0,0,0
10,66,3,0,0,0,0
10,93,14,0,0,0,0
10,98,5,0,0,0,0
10,99,18,0,0,0,0
10,100,3,0,0,0,0
10,103,21,3,0,0,0
10,106,3,0,0,0,0
10,112,35,3,5,3,0
10,113,30,0,0,0,0
10,114,37,0,0,0,0
10,115,46,0,0,0,0
10,116,42,0,0,0,0
10,117,55,0,0,3,0
10,118,30,0,0,0,0
10,119,18,0,0,0,0
10,120,8,0,0,0,0
10,121,9,0,0,0,0
10,125,3,0,0,0,0
11,35,15,3,0,3,0
11,54,4,0,0,0,0
11,55,3,0,0,0,0
11,69,8,0,0,0,0
11,78,6,0,0,0,0
11,98,24,0,0,0,0
11,99,9,3,0,0,0
11,103,7,0,0,0,0
11,104,3,0,0,0,0
11,106,3,0,0,0,0
11,112,47,3,0,0,0
11,113,46,0,0,0,0
11,114,44,5,0,0,0
11,115,52,5,0,0,0
11,116,31,0,0,0,0
11,117,35,0,0,0,0
11,118,38,3,0,0,0
11,119,57,4,3,0,0
11,120,21,0,0,0,0
11,121,40,0,0,0,0
11,122,20,0,0,0,0
11,123,3,0,0,0,0
12,96,4,0,0,0,0
12,97,14,0,0,0,0
12,98,7,0,0,0,0
12,104,8,0,0,0,0
12,105,3,0,0,0,0
12,107,8,0,0,0,0
12,112,32,0,0,0,0
12,113,38,0,0,0,0
12,114,51,0,0,0,0
12,115,39,6,3,0,0
12,116,47,5,0,0,0
12,117,22,0,0,0,0
12,118,43,4,0,0,0
12,119,39,0,3,3,0
12,120,34,0,0,0,0
12,121,38,0,0,0,0
12,122,32,3,0,0,0
13,95,5,0,0,0,0
13,96,9,0,0,0,0
13,106,9,0,0,0,0
13,112,42,0,0,0,0
13,113,54,0,0,0,0
13,114,42,0,3,0,0
13,115,38,3,0,0,0
13,116,53,0,0,0,0
13,117,23,0,0,0,0
13,118,40,0,0,0,0
13,119,24,0,0,0,0
13,120,18,3,0,0,0
13,121,56,3,0,0,0
13,122,20,0,0,0,0
14,74,11,0,0,0,0
14,112,12,0,0,0,0
14,113,42,0,3,0,0
14,114,52,3,0,0,0
14,115,57,0,0,3,0
14,116,21,0,0,0,0
14,117,19,0,0,0,0
14,118,58,3,0,4,0
14,119,31,3,0,0,0
14,120,49,3,0,0,0
14,121,30,0,0,0,0
14,122,5,0,0,0,0
15,58,8,0,0,0,0
15,59,3,0,0,0,0
15,112,16,0,0,0,0
15,113,21,0,0,0,0
15,114,34,0,0,0,0
15,115,72,7,0,8,0
15,116,20,0,0,0,0
15,117,28,0,0,0,0
15,118,13,0,0,0,0
15,119,31,0,0,5,3
15,120,18,0,0,0,0
15,121,24,3,0,0,0
16,75,3,3,0,0,0
16,116,11,0,0,0,0
16,117,21,3,0,3,0
16,118,44,3,0,0,0
16,119,9,0,0,0,0
16,120,31,3,0,0,0
16,121,28,0,0,0,0
17,47,10,0,0,0,0
17,118,16,0,0,0,0
17,119,7,0,0,3,0
17,120,22,0,0,0,0
17,121,13,0,0,0,0
18,80,5,0,0,0,0
18,83,11,7,0,0,0
18,84,4,0,0,0,0
18,116,4,3,0,0,0
19,79,3,0,0,0,0
19,114,5,0,0,0,0
20,9,15,0,0,0,0
20,10,7,0,0,0,0
20,59,7,0,0,0,0
20,116,3,0,0,0,0
21,9,43,0,0,0,0
21,10,40,0,0,3,3
21,11,35,0,0,0,0
21,12,38,0,3,3,0
21,13,19,0,0,0,0
21,58,3,0,0,0,0
21,83,5,0,0,0,0
22,8,7,0,0,0,0
22,9,65,0,3,3,0
22,10,50,3,3,4,0
22,11,31,3,0,0,0
22,12,24,0,0,0,0
22,13,35,3,0,3,0
22,14,22,0,0,0,0
22,60,4,0,0,0,0
23,3,4,0,0,0,0
23,4,3,0,0,0,0
23,8,9,0,0,0,0
23,9,23,3,0,3,0
23,10,70,10,5,0,3
23,11,41,0,0,0,0
23,12,35,0,0,0,3
23,13,61,4,0,0,0
23,14,38,0,0,0,0
24,2,5,0,0,3,0
24,3,17,0,0,0,0
24,8,11,0,0,0,0
24,9,61,0,0,0,0
24,10,43,0,0,0,0
24,11,11,0,0,0,0
24,12,35,0,0,0,0
24,13,50,4,6,0,3
24,14,20,6,0,0,0
24,15,18,0,0,0,0
25,0,3,0,0,0,0
25,1,7,3,0,0,0
25,2,11,0,0,0,0
25,3,7,0,0,0,0
25,8,8,0,3,0,0
25,9,33,0,0,0,0
25,10,48,3,0,0,0
25,11,39,3,3,0,3
25,12,27,0,0,0,0
25,13,47,0,0,0,0
25,15,55,0,0,0,0
26,1,7,0,0,0,0
26,2,8,0,0,0,0
26,8,22,0,0,0,0
26,9,43,3,3,0,0
26,10,38,3,0,0,0
26,11,47,5,0,0,0
26,12,43,0,0,0,0
26,13,49,5,3,4,0
26,14,17,0,0,3,0
26,15,25,0,0,0,0
27,0,32,6,0,0,0
27,1,43,0,0,0,0
27,2,11,3,0,0,0
27,8,20,0,0,0,0
27,9,37,0,0,0,0
27,10,41,0,0,0,0
27,11,34,5,0,0,0
27,12,25,0,0,0,0
27,13,29,0,0,0,0
27,14,8,0,0,0,0
27,15,32,3,0,0,0
27,16,7,0,0,0,0
27,76,4,0,0,0,0
28,0,22,3,0,4,0
28,1,69,3,9,3,3
28,2,18,0,0,0,0
28,8,28,0,0,5,0
28,9,29,3,0,0,0
28,10,61,10,5,0,3
28,11,41,0,0,0,0
28,12,22,0,0,0,0
28,13,36,0,0,0,0
28,15,45,6,0,5,0
28,75,5,0,0,0,4
28,76,5,0,0,0,0
29,0,35,0,0,0,0
29,1,3,0,0,0,0
29,7,4,0,0,0,0
29,8,44,0,3,0,0
29,9,31,0,0,0,0
29,10,68,5,0,3,0
29,11,37,0,0,0,0
29,12,59,0,0,0,0
29,13,24,0,0,0,0
29,14,14,0,0,0,0
29,15,43,0,0,0,0
29,75,3,0,0,0,0
30,10,16,0,0,0,0
30,11,28,0,0,0,0
30,12,34,0,3,0,0
30,13,22,0,0,0,0
30,14,22,0,0,0,0
30,15,38,0,3,0,0
30,26,4,0,0,0,0
30,74,3,0,0,0,0
30,75,3,0,0,0,0
31,10,6,0,0,0,0
31,12,10,0,0,3,0
31,13,24,0,0,0,0
31,14,46,3,0,0,0
31,15,16,0,0,0,0
31,27,3,0,0,0,0
32,6,3,0,0,0,0
32,12,6,0,0,0,0
32,13,14,0,0,0,0
32,14,41,4,5,0,0
32,15,9,0,0,0,0
34,0,12,0,0,0,0
34,63,3,0,0,0,0
36,8,6,0,0,0,0
39,47,5,0,0,0,0
40,22,3,0,0,0,0
40,66,4,0,0,0,0
41,26,3,0,0,0,0
42,26,3,0,0,0,0
42,32,10,0,0,0,0
42,33,9,0,0,0,0
42,43,3,0,0,0,0
43,26,4,0,0,0,0
43,27,4,0,0,0,0
43,30,12,0,0,0,0
43,31,24,0,0,0,0
43,32,56,3,0,0,3
43,33,37,3,0,0,0
43,41,7,3,0,0,3
43,42,3,3,0,0,0
43,44,5,0,0,0,0
44,30,17,0,0,0,0
44,32,6,0,0,0,0
44,33,41,4,3,0,0
44,34,32,3,0,3,0
44,35,26,0,0,0,0
44,38,20,0,0,0,0
44,39,13,0,0,0,0
44,40,33,4,0,0,0
44,41,62,9,0,0,3
44,42,5,3,0,0,3
44,44,3,0,0,0,0
44,45,5,0,0,0,0
45,29,7,0,0,0,0
45,30,30,3,0,0,0
45,31,57,0,4,0,0
45,32,28,5,0,0,0
45,33,70,0,0,0,0
45,34,36,0,3,5,0
45,35,60,7,3,0,0
45,36,37,3,0,0,0
45,37,55,11,3,3,0
45,38,46,4,7,0,0
45,39,15,3,3,0,0
45,40,31,3,4,3,0
45,41,61,7,4,3,3
45,42,13,0,0,0,0
46,28,23,4,3,4,3
46,29,16,0,0,0,0
46,30,21,0,0,0,0
46,31,42,0,3,3,0
46,32,41,3,3,0,3
46,33,55,6,7,4,4
46,34,36,0,0,0,0
46,35,40,4,4,0,3
46,36,48,3,0,3,0
46,37,24,3,3,3,0
46,38,34,3,3,0,0
46,39,58,3,0,0,3
46,40,62,3,4,0,5
46,41,59,6,0,0,0
46,42,61,3,3,0,3
47,28,108,9,3,8,3
47,29,91,6,3,3,0
47,30,32,3,0,0,0
47,31,37,3,0,0,0
47,32,40,0,3,0,0
47,34,60,5,0,0,3
47,35,22,0,3,3,0
47,36,68,8,4,0,0
47,37,27,3,0,3,0
47,38,40,6,0,0,3
47,39,44,6,0,0,0
47,40,47,3,3,5,5
47,41,34,5,5,3,3
47,42,55,6,0,0,3
48,27,27,3,11,0,0
48,28,63,3,0,5,0
48,29,46,3,0,0,0
48,30,32,3,0,0,3
48,31,63,3,3,0,3
48,32,45,3,0,6,0
48,33,46,0,4,0,0
48,34,41,0,0,0,0
48,35,46,3,0,3,0
48,36,38,0,4,0,0
48,37,24,0,0,0,0
48,38,63,0,4,0,3
48,39,45,4,0,3,0
48,40,43,3,5,3,3
48,41,33,3,3,0,5
48,42,51,3,0,0,5
48,57,12,0,0,0,0
49,28,14,0,0,0,0
49,29,34,3,0,0,3
49,30,62,6,0,4,3
49,31,20,0,0,3,0
49,32,47,0,3,0,3
49,33,28,0,0,0,0
49,34,25,4,3,0,0
49,35,46,0,0,0,0
49,36,25,4,0,0,0
49,37,35,0,0,0,0
49,38,15,0,0,0,0
49,39,18,0,0,0,3
49,40,25,0,0,3,0
49,41,63,3,7,3,0
49,42,64,6,3,3,5
49,43,7,0,0,0,0
50,26,0,0,3,0,0
50,27,6,0,0,0,0
50,28,28,4,3,3,0
50,29,58,4,0,3,0
50,30,52,3,3,0,0
50,31,56,5,0,0,0
50,32,40,0,0,0,3
50,33,24,3,3,0,0
50,34,47,0,3,4,3
50,35,8,0,0,0,0
50,36,26,0,3,0,3
50,41,21,0,0,0,0
50,42,29,3,3,0,3
50,43,22,4,3,3,4
51,25,6,0,0,0,0
51,27,14,0,3,0,0
51,28,3,0,0,3,0
51,29,36,0,0,3,0
51,30,39,5,0,0,0
51,31,22,0,0,0,0
51,32,42,0,0,3,3
51,33,7,0,0,0,0
51,34,42,3,0,0,3
51,35,27,0,0,0,0
51,43,5,3,0,0,0
51,45,3,0,0,0,0
51,82,5,0,0,0,0
51,90,3,3,0,0,0
52,24,3,0,0,0,0
52,25,5,3,0,0,0
52,27,15,4,3,0,0
52,28,3,0,0,0,0
52,29,12,0,0,0,0
52,30,41,3,5,8,4
52,31,55,5,4,0,0
52,32,8,3,0,0,0
52,33,12,0,0,0,0
52,34,35,3,0,0,0
52,35,5,0,0,0,0
52,87,4,0,0,0,0
52,88,4,0,0,0,0
52,89,8,0,0,0,0
53,24,12,0,0,0,0
53,25,13,0,0,0,0
53,26,3,0,0,0,0
53,27,8,0,0,0,0
53,31,35,6,3,0,0
53,81,4,0,0,0,0
53,86,4,0,0,0,0
53,90,3,0,0,0,0
55,22,27,0,0,4,3
55,23,4,0,0,0,0
55,102,3,0,0,0,0
56,18,19,0,0,0,0
56,19,9,0,0,0,0
56,20,4,0,0,0,0
56,21,3,0,0,0,0
56,22,84,3,16,0,3
56,23,71,0,0,3,0
56,24,30,0,0,0,0
56,100,8,0,0,0,0
57,17,6,0,0,0,0
57,18,8,0,0,0,0
57,19,7,0,0,0,0
57,21,36,0,0,0,0
57,22,57,6,11,0,0
57,23,95,3,9,0,0
57,24,67,0,3,3,0
57,25,72,3,0,3,0
57,26,17,0,0,0,0
57,99,8,0,0,0,0
58,16,3,0,0,0,0
58,20,15,0,0,0,0
58,21,43,3,0,0,0
58,22,47,5,3,0,0
58,23,49,3,6,4,3
58,24,62,3,0,0,0
58,25,60,0,0,0,3
58,26,66,7,3,0,0
58,27,25,0,0,0,0
58,28,8,0,0,0,0
58,29,73,0,0,4,9
58,99,5,0,0,0,0
58,100,3,0,0,3,0
58,104,4,0,0,0,0
59,16,3,0,0,0,0
59,17,10,0,0,0,0
59,18,12,6,6,0,0
59,19,0,54,0,0,0
59,20,10,0,0,0,0
59,21,44,0,4,0,0
59,22,61,3,4,0,0
59,23,49,4,3,3,0
59,24,39,0,0,0,3
59,25,35,0,0,0,0
59,26,44,0,0,0,0
59,28,26,0,0,0,0
59,29,62,4,5,3,0
59,30,30,3,0,0,0
59,31,28,5,4,0,0
59,32,6,0,0,0,0
59,102,16,0,0,0,0
59,103,10,0,0,0,0
60,17,5,0,0,0,0
60,18,21,20,11,3,3
60,22,33,3,3,0,3
60,23,31,4,0,0,0
60,24,46,4,0,0,3
60,25,55,0,5,0,0
60,26,34,3,0,0,0
60,27,43,0,3,0,0
60,28,53,0,0,0,0
60,29,50,3,10,0,0
60,30,85,0,9,7,0
60,31,80,4,8,4,3
60,32,34,3,0,0,0
60,33,43,0,0,0,0
60,34,27,0,4,0,0
60,97,10,0,0,0,0
60,98,3,0,0,0,0
60,100,3,0,0,0,0
61,17,19,0,3,0,0
61,18,3,0,0,0,0
61,22,20,5,0,0,3
61,23,49,0,0,0,0
61,24,17,3,0,0,0
61,25,31,4,3,3,0
61,26,21,0,3,0,0
61,27,59,3,0,0,0
61,28,26,3,0,0,3
61,29,48,7,11,0,0
61,30,69,9,0,0,0
61,31,39,3,3,0,0
61,32,13,3,0,0,0
61,33,70,3,5,5,6
61,34,12,0,0,0,0
61,97,4,0,0,0,0
62,22,31,9,17,0,0
62,23,32,0,0,0,0
62,24,48,0,3,0,0
62,25,49,0,5,3,0
62,26,37,0,0,0,0
62,27,48,0,6,0,0
62,28,24,8,0,0,0
62,29,47,0,0,0,0
62,30,51,0,3,3,0
62,31,58,3,7,0,0
62,32,107,10,23,10,4
62,33,42,5,0,0,0
62,34,16,0,4,0,0
62,96,3,0,0,0,0
62,103,3,0,0,0,0
62,107,3,0,0,0,0
63,21,31,0,0,0,0
63,22,57,3,0,0,0
63,23,31,3,0,0,0
63,24,44,3,0,0,3
63,25,41,0,0,0,0
63,26,23,0,3,0,0
63,27,12,0,0,0,0
63,28,16,0,0,0,0
63,29,42,0,3,0,0
63,30,47,0,6,3,3
63,31,56,0,0,3,0
63,32,61,4,23,0,3
63,33,49,3,5,0,5
63,76,3,0,0,0,0
63,100,4,0,0,0,0
64,7,3,0,0,0,0
64,21,45,3,0,0,0
64,22,41,3,0,0,0
64,23,53,4,0,0,0
64,24,45,0,4,0,0
64,25,34,3,3,0,0
64,26,31,4,3,3,0
64,27,16,3,0,4,0
64,28,15,0,0,0,0
64,29,43,7,3,3,4
64,30,46,3,3,0,5
64,31,20,0,0,0,0
64,32,47,0,18,0,3
64,33,52,0,5,5,5
64,74,8,0,0,0,0
65,7,3,0,0,0,0
65,21,30,0,0,0,0
65,22,53,3,0,0,0
65,23,38,3,0,3,0
65,24,25,0,0,0,0
65,25,22,0,0,0,0
65,26,18,3,0,0,0
65,27,45,3,6,0,0
65,28,38,0,3,0,0
65,29,66,0,10,0,0
65,30,47,3,9,3,0
65,31,52,3,0,0,0
65,32,47,3,0,0,0
65,33,18,0,0,0,0
65,109,15,0,0,0,0
65,110,60,3,0,0,3
65,111,37,0,3,0,0
65,112,6,0,0,0,0
66,25,8,0,0,0,0
66,26,32,0,0,0,0
66,27,63,9,4,0,0
66,28,79,5,4,4,0
66,29,39,7,3,3,0
66,30,62,3,0,4,0
66,31,51,3,0,0,0
66,32,45,0,0,0,0
66,33,6,0,0,0,0
66,71,10,0,0,3,0
66,73,3,0,0,3,0
66,74,3,0,0,0,0
66,75,3,0,0,3,0
66,84,9,0,0,0,0
66,99,7,0,0,0,0
66,100,23,0,0,0,0
66,101,5,0,0,0,0
66,106,3,0,0,0,0
66,107,13,3,0,0,0
66,108,52,0,4,0,3
66,109,36,5,0,0,0
66,110,26,0,4,0,3
66,111,42,7,3,0,0
66,112,47,0,0,0,0
66,113,12,0,0,0,0
67,26,3,5,0,0,0
67,27,41,0,8,0,0
67,28,49,3,0,0,3
67,29,47,0,3,0,4
67,30,42,0,0,0,0
67,31,59,0,3,0,0
67,32,34,3,0,0,0
67,67,3,0,0,0,0
67,84,3,0,0,0,0
67,98,3,3,0,0,0
67,99,6,0,0,0,0
67,100,54,4,0,4,0
67,101,52,0,5,5,0
67,102,3,0,0,0,0
67,103,73,0,0,0,0
67,104,51,5,3,0,0
67,105,68,0,0,0,0
67,106,60,5,0,0,3
67,107,13,0,0,0,0
67,108,51,3,5,0,0
67,109,69,0,0,0,0
67,110,47,0,3,0,0
67,111,50,7,0,3,0
67,112,45,0,0,0,0
67,113,75,0,0,0,3
67,114,38,0,0,0,0
67,115,14,0,0,0,0
67,116,12,0,3,0,0
68,30,9,0,0,0,0
68,31,43,0,3,3,0
68,32,48,5,3,0,0
68,33,6,3,0,0,0
68,65,9,0,0,0,0
68,66,13,0,0,0,0
68,67,7,0,0,0,0
68,97,13,0,0,0,0
68,98,3,0,0,0,0
68,99,5,0,0,0,0
68,100,32,0,3,0,0
68,101,31,3,0,0,0
68,102,30,0,0,0,3
68,103,32,0,0,0,0
68,104,42,0,0,0,0
68,105,40,3,3,0,0
68,106,69,0,0,0,7
68,107,62,3,3,6,0
68,108,63,3,0,3,0
68,109,17,0,0,0,0
68,110,63,3,3,0,0
68,111,28,0,0,0,0
68,112,78,3,3,0,0
68,113,61,0,0,0,0
68,114,45,3,3,0,0
68,115,21,3,0,0,0
68,116,43,0,0,0,3
68,117,40,4,0,0,3
68,118,11,0,0,0,0
68,126,3,0,0,0,0
69,53,12,0,0,0,0
69,63,4,0,0,0,0
69,64,19,0,0,0,3
69,65,4,0,0,0,0
69,72,16,0,0,0,0
69,90,11,0,0,0,0
69,91,5,3,3,0,0
69,93,6,0,0,0,0
69,99,4,0,0,0,0
69,100,29,0,0,0,0
69,101,38,3,0,0,3
69,102,47,4,0,0,0
69,103,69,7,3,0,3
69,104,39,3,0,0,0
69,105,41,0,0,0,0
69,106,64,3,0,0,0
69,107,42,0,0,3,0
69,108,50,4,0,0,3
69,109,73,0,0,3,0
69,110,46,5,0,7,3
69,111,47,4,0,0,0
69,112,50,0,0,0,0
69,113,36,0,0,0,0
69,114,5,0,0,0,0
69,116,8,0,0,0,0
69,117,15,0,0,0,0
70,62,6,0,0,0,0
70,63,11,0,0,0,0
70,68,3,0,0,0,0
70,71,3,3,0,0,0
70,72,3,0,0,0,0
70,88,5,0,0,0,0
70,90,12,0,3,0,0
70,91,6,0,0,0,0
70,100,40,3,3,0,0
70,101,28,0,0,0,0
70,102,45,3,0,0,9
70,103,47,3,0,3,3
70,104,45,0,0,0,0
70,105,27,0,0,0,0
70,106,49,0,0,0,0
70,107,50,0,3,3,0
70,108,78,7,0,0,0
70,109,69,3,0,0,0
70,110,65,8,9,9,7
70,111,42,0,0,0,0
70,112,15,0,3,0,0
70,113,25,0,0,0,3
70,114,56,3,3,0,0
70,117,55,3,0,0,0
70,118,20,3,0,0,0
71,51,3,0,0,0,0
71,60,58,3,3,0,3
71,61,31,3,3,0,0
71,66,3,0,0,0,0
71,71,3,0,3,0,0
71,77,4,0,0,0,0
71,79,10,0,0,0,0
71,80,3,0,0,0,0
71,89,3,0,0,0,0
71,100,36,0,0,0,3
71,101,68,3,0,0,0
71,102,57,0,3,0,4
71,103,38,0,0,0,0
71,104,39,0,0,0,3
71,105,44,0,0,0,0
71,106,49,0,0,0,0
71,107,56,0,0,3,3
71,108,47,0,3,0,3
71,109,41,0,0,3,4
71,110,60,0,0,0,0
71,111,20,0,0,0,0
71,112,3,0,0,0,0
71,113,69,8,0,3,6
71,114,56,5,3,0,4
71,115,23,0,0,3,3
71,116,48,0,0,0,0
71,117,92,11,12,3,0
71,118,71,4,3,0,3
71,119,26,3,0,0,0
71,120,3,0,0,0,0
72,58,8,0,0,0,0
72,59,3,0,0,0,0
72,61,14,0,0,3,5
72,68,6,0,0,0,0
72,72,3,0,0,0,0
72,73,3,0,0,0,0
72,78,3,0,0,0,0
72,80,3,0,0,0,0
72,100,23,0,0,0,3
72,101,64,0,3,0,0
72,102,74,7,0,0,6
72,103,47,3,0,0,3
72,104,34,3,0,0,0
72,105,28,3,0,0,0
72,106,55,0,0,0,0
72,107,45,0,0,0,0
72,108,62,3,0,0,0
72,109,37,0,0,3,0
72,110,23,0,0,0,0
72,111,46,9,0,0,5
72,112,52,4,0,0,3
72,113,43,3,0,0,3
72,114,35,0,0,0,3
72,115,103,8,6,6,4
72,116,39,7,0,0,0
72,117,81,5,0,4,3
72,118,79,4,10,5,5
72,119,54,0,0,3,4
72,120,57,3,0,0,0
72,121,15,0,0,0,0
73,46,38,3,0,3,0
73,47,39,3,0,0,0
73,48,23,0,3,0,0
73,49,9,0,0,0,0
73,54,5,0,0,0,0
73,58,20,3,0,0,0
73,59,4,3,0,0,0
73,101,59,4,0,0,0
73,102,48,0,0,0,0
73,103,40,3,0,0,4
73,104,50,3,0,0,0
73,105,38,0,0,0,3
73,106,58,0,0,0,0
73,107,47,0,0,0,0
73,108,50,5,8,3,6
73,109,52,5,0,0,0
73,110,48,0,0,0,0
73,111,48,0,0,0,3
73,112,3,0,0,0,0
73,113,58,0,0,3,5
73,114,35,0,0,0,0
73,115,74,6,0,3,0
73,116,70,0,3,0,3
73,117,16,0,0,0,3
73,118,3,0,0,0,0
73,119,32,3,0,0,0
73,120,41,0,0,3,3
73,121,59,4,4,0,0
73,122,50,0,0,0,0
73,123,6,0,0,0,0
73,126,5,0,0,0,0
73,127,4,0,0,0,0
74,45,63,0,3,6,3
74,46,91,4,4,0,0
74,47,78,7,3,3,0
74,48,73,3,0,3,0
74,49,66,3,3,3,3
74,50,47,10,7,3,5
74,51,11,0,0,6,0
74,58,4,0,0,0,0
74,59,24,3,6,0,0
74,71,3,0,0,0,0
74,101,5,0,0,0,0
74,102,66,3,0,3,0
74,103,65,3,0,0,0
74,104,38,0,0,0,4
74,105,85,0,3,3,7
74,106,64,0,5,3,3
74,107,42,0,0,0,0
74,108,63,3,3,3,3
74,109,58,3,3,0,4
74,110,40,3,5,5,3
74,111,48,3,0,0,0
74,112,76,0,0,0,12
74,113,54,4,0,3,3
74,114,37,3,0,0,0
74,115,43,7,3,0,0
74,116,79,10,0,0,3
74,117,43,3,0,0,3
74,119,20,5,0,0,0
74,120,65,3,3,0,4
74,121,38,5,0,0,3
74,122,57,0,3,0,0
74,123,34,3,0,0,3
75,44,4,0,0,0,0
75,45,55,3,3,4,0
75,46,62,3,0,0,0
75,47,67,3,0,0,0
75,48,61,3,0,3,3
75,49,60,0,4,3,0
75,50,107,7,4,6,3
75,51,68,4,6,8,3
75,52,34,3,7,5,0
75,53,39,3,5,0,3
75,54,36,3,0,3,4
75,55,7,0,0,0,0
75,59,8,0,7,0,0
75,60,3,0,0,0,0
75,65,3,0,0,0,0
75,67,5,0,0,0,0
75,72,6,0,0,0,0
75,79,9,3,0,0,0
75,102,36,3,0,0,0
75,103,46,3,0,0,0
75,104,71,6,0,5,5
75,105,150,10,14,8,9
75,106,63,10,3,3,4
75,107,37,0,3,0,3
75,108,61,0,0,0,0
75,109,57,4,3,0,0
75,110,31,0,0,3,3
75,111,57,0,0,0,0
75,112,62,3,0,3,0
75,113,65,0,3,5,5
75,114,108,4,16,11,3
75,115,49,0,0,0,0
75,116,66,3,0,0,0
75,117,56,3,0,3,0
75,118,12,0,0,0,0
75,119,51,0,0,0,0
75,120,53,0,0,0,3
75,121,26,0,5,3,3
75,122,24,0,0,0,3
75,123,24,0,0,0,0
76,43,4,0,0,0,0
76,44,10,0,3,0,0
76,45,48,3,0,3,0
76,46,67,3,3,0,0
76,47,70,0,0,3,0
76,48,49,3,3,0,0
76,49,44,0,3,0,0
76,50,29,3,3,0,3
76,51,36,0,0,3,0
76,52,42,3,0,0,0
76,53,59,5,5,10,0
76,54,86,5,11,5,0
76,55,50,5,8,5,3
76,56,53,5,8,5,0
76,57,45,0,3,3,0
76,66,3,0,0,3,0
76,72,4,0,3,3,0
76,103,26,3,0,0,3
76,104,66,3,4,3,3
76,105,23,0,0,0,0
76,106,56,3,3,3,5
76,107,35,3,3,0,6
76,108,15,0,0,0,0
76,109,59,3,0,0,0
76,110,96,9,3,3,3
76,111,34,4,3,0,0
76,112,54,5,0,0,0
76,113,98,10,15,21,8
76,114,112,14,7,8,5
76,115,34,3,0,5,4
76,116,82,5,3,3,3
76,117,28,3,0,0,0
76,118,18,0,0,0,0
76,120,25,0,0,0,0
76,121,38,0,4,0,0
76,122,40,0,0,0,0
76,123,3,0,0,0,0
77,21,6,0,0,0,0
77,43,14,0,4,0,0
77,44,8,0,3,0,0
77,45,34,0,0,12,0
77,46,62,0,0,8,4
77,47,53,0,0,0,0
77,48,112,7,4,5,4
77,49,49,3,0,0,0
77,50,46,4,5,4,0
77,51,46,3,0,0,0
77,52,32,4,0,0,0
77,53,39,3,0,3,0
77,54,39,5,0,0,0
77,55,46,0,4,5,3
77,56,70,5,11,0,5
77,57,54,3,5,3,0
77,58,7,0,3,0,0
77,60,33,4,0,0,0
77,61,11,0,0,0,0
77,83,3,0,0,0,0
77,103,5,0,0,0,0
77,104,36,0,0,0,0
77,105,43,0,0,0,0
77,106,56,3,5,0,4
77,107,25,0,0,0,3
77,108,6,0,0,0,5
77,109,39,5,0,0,5
77,110,68,0,3,0,3
77,111,39,0,0,0,3
77,112,60,0,11,8,3
77,113,53,3,3,9,3
77,114,5,0,0,0,0
77,116,14,0,0,0,0
77,117,39,3,0,0,0
77,118,25,3,0,0,0
77,119,7,0,0,0,0
77,120,26,0,0,0,0
77,121,48,3,5,0,3
77,122,66,5,0,3,0
77,123,30,0,0,0,0
78,43,28,7,0,0,0
78,44,68,5,4,6,0
78,45,63,3,3,0,0
78,46,81,4,5,0,4
78,47,94,4,0,8,0
78,48,46,14,0,6,0
78,49,43,0,0,0,0
78,50,32,0,0,0,0
78,51,29,0,3,0,0
78,52,45,6,6,0,3
78,53,50,3,5,7,3
78,54,22,6,0,3,0
78,55,64,5,5,3,0
78,56,50,3,0,0,0
78,57,6,0,0,0,0
78,59,61,3,0,0,0
78,60,35,5,4,0,3
78,61,39,3,0,0,0
78,62,3,0,0,0,0
78,63,44,0,33,6,3
78,73,4,0,0,0,0
78,83,0,0,4,0,0
78,99,3,0,0,0,0
78,104,10,0,0,0,0
78,105,15,3,0,0,0
78,106,12,0,0,0,0
78,107,4,0,0,0,0
78,108,3,0,0,0,0
78,109,16,0,0,0,0
78,110,44,3,0,0,0
78,111,14,0,0,0,0
78,112,11,0,0,0,0
78,113,10,0,0,0,0
78,116,5,0,0,0,0
78,117,39,4,0,0,0
78,118,33,0,0,0,0
78,119,15,0,0,0,3
78,121,37,3,0,0,0
78,122,33,0,0,0,0
78,123,20,0,0,0,0
79,27,5,0,0,0,0
79,43,44,0,8,3,0
79,44,61,11,10,8,0
79,45,55,0,10,7,3
79,46,7,3,0,0,0
79,47,59,5,3,3,0
79,48,40,0,0,0,0
79,49,11,0,0,0,0
79,50,5,0,0,0,0
79,51,3,0,0,0,0
79,55,212,20,9,14,13
79,56,7,3,0,0,0
79,58,36,0,7,3,0
79,59,62,4,6,8,3
79,60,34,0,3,0,0
79,61,54,0,4,3,0
79,62,55,6,4,0,3
79,63,98,15,22,5,7
79,64,29,0,0,0,0
79,65,8,0,0,0,0
79,81,10,0,0,3,0
79,102,3,0,0,0,0
79,105,8,0,0,0,0
79,106,7,0,0,0,0
79,107,18,0,7,0,0
79,117,18,0,0,0,0
79,118,18,0,0,0,0
80,43,67,0,9,12,3
80,44,72,5,10,5,6
80,45,13,0,0,0,0
80,46,4,0,0,0,0
80,47,38,0,0,0,0
80,50,0,4,0,0,0
80,55,21,0,3,0,0
80,56,8,0,0,0,0
80,57,42,4,6,6,4
80,58,50,11,7,3,3
80,59,72,0,11,8,3
80,60,70,0,5,0,0
80,61,28,0,3,4,4
80,62,60,3,0,0,3
80,63,51,0,10,14,0
80,64,38,0,0,3,0
80,65,40,3,6,3,0
80,66,21,3,0,0,0
80,67,3,0,0,0,0
80,68,0,3,0,0,0
80,105,4,0,0,0,0
80,108,3,0,0,0,0
81,43,76,6,4,4,0
81,44,117,6,8,7,4
81,45,12,0,0,3,0
81,53,13,0,0,0,0
81,54,113,5,7,3,3
81,55,16,0,6,0,0
81,56,40,4,3,0,4
81,57,28,10,3,10,0
81,58,51,6,0,3,3
81,59,45,0,0,0,0
81,60,37,0,0,0,0
81,61,48,0,3,0,0
81,62,52,3,3,4,0
81,63,47,3,3,7,0
81,64,35,0,4,3,3
81,65,53,0,3,0,0
81,66,21,0,0,0,3
81,67,49,3,0,6,0
81,68,14,0,0,0,0
82,44,26,0,0,3,0
82,51,29,0,0,0,0
82,52,62,0,0,0,0
82,53,54,3,3,0,0
82,54,36,0,8,3,4
82,55,15,0,0,0,0
82,56,112,12,23,5,5
82,57,83,3,8,3,3
82,58,52,0,7,0,0
82,59,19,0,0,0,0
82,60,52,3,0,4,0
82,61,32,0,6,0,0
82,62,68,3,0,3,3
82,63,50,0,0,3,0
82,64,34,0,0,0,0
82,65,41,0,0,0,0
82,66,123,6,8,5,3
82,67,24,0,0,3,0
82,68,43,4,6,4,0
83,51,23,0,0,0,0
83,52,64,0,10,0,3
83,53,46,0,4,3,0
83,54,51,0,3,5,0
83,55,9,0,0,0,0
83,56,20,3,3,3,0
83,57,52,4,3,5,0
83,58,37,3,0,8,0
83,59,73,3,4,3,3
83,60,44,0,3,0,0
83,61,48,0,3,0,0
83,62,28,0,0,3,0
83,63,40,0,0,0,0
83,64,49,0,0,0,0
83,65,45,0,0,0,0
83,66,49,0,0,0,0
83,67,96,3,13,5,0
83,68,43,0,5,3,0
84,49,3,0,0,0,0
84,50,22,0,0,0,0
84,51,31,3,3,3,0
84,52,51,0,3,3,7
84,53,35,0,6,0,0
84,54,134,17,8,5,3
84,55,4,0,0,0,0
84,56,75,8,5,0,16
84,57,87,3,10,0,3
84,58,35,0,0,0,0
84,59,36,3,0,0,0
84,60,50,4,0,0,0
84,61,38,0,0,0,0
84,62,51,7,7,0,0
84,63,52,5,0,0,0
84,64,30,4,0,0,0
84,65,46,0,3,0,0
84,66,77,7,10,9,0
84,67,127,4,8,9,0
84,68,33,0,3,4,0
85,27,4,0,0,0,0
85,28,4,0,0,0,0
85,50,46,5,11,8,5
85,51,38,0,0,0,0
85,52,70,0,0,4,0
85,53,62,4,0,0,0
85,54,38,4,6,6,0
85,55,41,3,3,0,0
85,56,57,3,0,3,0
85,57,22,0,0,0,0
85,58,64,3,3,3,0
85,59,52,0,5,0,0
85,60,45,0,0,0,0
85,61,40,5,0,3,0
85,62,61,4,4,6,0
85,63,70,5,0,3,0
85,64,55,3,3,3,3
85,65,51,0,3,0,3
85,66,69,3,0,0,0
85,67,55,5,0,3,0
85,68,26,0,0,3,0
86,20,3,0,0,0,0
86,21,9,0,0,0,0
86,22,11,0,0,0,0
86,23,7,0,0,0,0
86,25,11,0,0,0,0
86,26,21,0,0,0,0
86,27,43,0,0,0,3
86,28,28,0,0,0,3
86,29,12,0,0,0,0
86,31,3,0,0,0,0
86,32,17,0,0,0,0
86,49,34,0,0,0,10
86,50,30,0,4,0,0
86,51,49,0,3,0,0
86,52,49,3,5,0,0
86,53,74,3,14,11,0
86,54,55,3,3,3,4
86,55,47,0,0,3,0
86,56,38,0,0,0,3
86,57,66,3,8,6,3
86,58,20,3,3,0,0
86,59,44,3,3,0,3
86,60,78,4,3,0,0
86,61,73,7,11,6,3
86,62,77,3,0,4,3
86,63,29,0,0,0,0
86,64,56,0,0,0,0
86,65,28,0,3,0,0
86,66,56,3,0,0,0
86,67,12,0,0,0,0
87,20,11,3,0,0,0
87,21,25,3,0,0,0
87,22,49,3,0,0,5
87,23,29,0,0,0,8
87,24,52,4,3,0,0
87,25,69,3,5,0,3
87,26,53,3,3,0,0
87,27,64,0,3,4,4
87,28,83,0,0,4,3
87,29,40,0,0,0,0
87,30,12,0,0,0,0
87,32,3,0,0,0,0
87,33,10,0,0,3,0
87,48,21,3,0,0,0
87,49,50,3,0,0,0
87,50,45,4,3,0,3
87,51,87,3,3,0,0
87,52,40,4,8,0,0
87,53,56,3,3,3,0
87,54,33,6,0,0,0
87,55,79,3,5,3,0
87,56,129,4,12,19,0
87,57,47,0,6,0,0
87,58,94,8,5,5,0
87,59,40,3,0,0,3
87,60,18,3,8,3,3
87,61,57,7,26,7,4
87,62,56,4,8,4,0
87,63,62,3,0,3,0
87,64,57,3,4,0,0
87,65,45,3,0,0,0
87,66,58,3,3,0,0
88,20,50,0,0,0,0
88,21,43,3,0,3,0
88,22,24,0,0,6,0
88,23,37,3,0,0,0
88,24,41,4,5,0,0
88,25,15,3,3,0,0
88,26,22,4,3,0,0
88,27,34,3,0,0,0
88,28,59,0,0,0,0
88,29,77,9,3,12,0
88,31,10,0,0,0,0
88,32,3,0,0,0,0
88,34,13,3,6,6,85
88,42,5,0,0,0,0
88,47,20,0,3,3,3
88,48,67,3,3,4,3
88,49,48,3,3,0,0
88,50,60,0,4,3,0
88,51,66,4,10,0,0
88,52,65,0,0,0,0
88,53,69,3,3,3,0
88,54,52,0,0,3,0
88,55,62,4,3,0,0
88,56,68,3,3,0,0
88,57,53,18,8,7,4
88,58,93,9,9,3,3
88,59,31,0,0,0,0
88,61,5,0,0,0,0
88,62,23,0,3,0,0
88,63,40,0,0,0,0
88,64,41,4,0,0,0
88,65,98,10,18,8,7
88,66,44,0,3,0,0
89,20,58,5,3,3,3
89,21,51,6,3,0,3
89,22,43,5,4,0,3
89,23,42,6,5,3,6
89,24,30,4,0,0,0
89,25,63,3,3,3,0
89,26,76,5,0,3,7
89,27,21,0,3,0,0
89,28,60,3,0,0,0
89,29,57,5,0,0,0
89,30,15,0,0,0,0
89,31,7,0,0,0,0
89,32,7,0,0,0,0
89,34,9,0,0,0,0
89,35,8,0,0,0,0
89,36,4,0,0,0,0
89,46,52,3,5,5,3
89,47,30,0,0,0,0
89,48,35,3,0,3,0
89,49,36,3,0,0,0
89,50,39,0,0,0,0
89,51,47,0,3,3,3
89,52,64,4,7,0,3
89,53,46,3,7,0,0
89,54,52,3,0,0,0
89,55,42,0,3,0,0
89,56,80,7,7,4,3
89,57,42,4,8,0,3
89,58,93,9,4,3,3
89,59,29,0,0,0,0
89,60,7,0,0,0,0
89,64,24,0,0,0,0
89,65,20,0,0,0,0
89,66,35,0,3,3,0
90,20,29,0,0,0,0
90,21,28,5,3,3,0
90,22,40,0,0,3,0
90,23,50,3,5,4,3
90,24,25,0,0,0,0
90,25,47,6,0,3,0
90,26,88,6,4,0,0
90,27,30,3,0,0,0
90,28,38,4,0,0,0
90,29,63,0,3,3,0
90,30,9,0,0,0,0
90,34,4,0,0,0,0
90,46,60,0,9,9,0
90,47,69,5,3,4,3
90,48,67,4,3,3,0
90,49,70,4,3,5,3
90,50,37,4,0,0,3
90,51,26,0,0,0,0
90,52,50,7,3,0,0
90,53,55,0,3,3,0
90,54,80,3,3,0,0
90,55,85,9,7,6,3
90,56,22,3,3,0,3
90,57,34,0,3,0,0
90,58,80,3,7,5,4
90,59,19,0,0,0,0
90,66,32,3,0,0,0
90,121,10,5,0,0,0
91,21,16,3,0,0,0
91,22,25,3,0,0,0
91,23,56,5,3,0,0
91,24,44,3,4,5,3
91,25,44,5,0,0,0
91,26,41,0,3,0,3
91,27,42,3,0,3,3
91,28,44,3,0,0,0
91,29,26,3,0,0,3
91,30,8,0,0,0,0
91,33,16,0,0,0,0
91,34,22,0,0,0,0
91,35,8,0,0,0,0
91,47,66,6,3,0,0
91,48,99,3,3,3,0
91,49,67,3,3,0,0
91,50,87,3,7,6,7
91,51,40,0,0,0,0
91,52,45,3,0,0,0
91,53,59,0,4,5,3
91,54,55,0,3,3,3
91,55,45,3,0,3,0
91,56,12,0,0,0,0
91,57,35,0,0,0,0
91,58,70,0,0,3,0
91,59,31,5,4,3,3
91,120,3,0,0,0,0
92,22,28,0,0,0,0
92,23,32,0,0,0,0
92,24,60,3,3,0,0
92,25,47,3,3,0,0
92,26,30,0,3,14,3
92,27,51,3,0,3,0
92,28,46,6,3,0,3
92,29,8,0,0,0,0
92,32,3,0,0,0,0
92,33,51,4,3,0,0
92,34,71,0,5,6,5
92,35,14,0,0,0,0
92,47,7,0,0,0,0
92,48,68,0,0,0,0
92,49,90,3,3,0,0
92,50,67,4,5,3,0
92,51,61,3,0,0,0
92,52,56,3,3,9,0
92,53,85,7,18,17,8
92,54,119,7,18,22,8
92,55,49,3,4,0,3
92,56,59,5,0,3,0
92,57,22,0,0,0,0
92,58,67,4,11,3,0
92,59,5,0,0,0,0
92,97,4,0,0,0,0
92,119,0,3,0,0,0
93,21,13,0,0,0,0
93,22,15,3,0,3,0
93,23,32,0,3,0,0
93,24,29,0,0,0,0
93,25,45,0,0,0,0
93,26,48,0,0,0,0
93,27,48,3,3,0,0
93,28,36,0,0,0,0
93,29,21,0,0,0,0
93,32,15,0,0,0,0
93,33,26,3,0,3,0
93,34,64,4,6,11,9
93,35,17,0,5,3,0
93,49,36,3,0,0,0
93,50,73,8,0,3,0
93,51,78,3,8,3,0
93,52,113,7,7,0,3
93,53,125,3,17,16,7
93,54,121,8,29,42,8
93,55,153,10,45,34,20
93,56,24,0,3,0,0
93,121,3,0,0,0,0
93,122,4,0,0,0,0
94,18,8,0,0,0,0
94,19,53,3,0,0,0
94,20,24,0,0,0,0
94,21,27,0,0,0,0
94,22,46,3,0,3,0
94,23,13,0,0,0,0
94,24,51,6,0,0,0
94,25,50,3,3,3,0
94,26,12,0,3,0,0
94,27,50,0,0,5,0
94,28,29,5,3,0,4
94,29,23,3,0,0,0
94,31,33,0,0,0,0
94,32,39,3,0,8,0
94,33,79,7,9,5,3
94,34,57,0,3,3,0
94,35,38,3,11,11,4
94,50,9,0,0,0,0
94,51,43,3,0,5,0
94,52,6,0,0,0,0
94,53,82,4,0,5,3
94,54,117,9,3,7,0
94,55,6,0,0,4,0
94,119,3,0,0,0,0
94,120,65,3,0,6,0
94,121,58,0,0,3,0
94,122,14,0,0,0,0
95,18,24,0,0,0,0
95,19,62,6,3,3,3
95,20,45,4,0,3,0
95,21,17,0,0,3,3
95,22,29,0,0,0,0
95,24,21,0,0,0,0
95,25,26,8,0,0,4
95,26,40,3,4,3,3
95,27,28,4,0,0,3
95,28,41,3,0,0,3
95,29,57,0,0,0,0
95,30,40,0,0,3,0
95,31,48,0,0,0,0
95,32,34,0,0,3,0
95,33,43,0,5,5,5
95,34,64,5,0,0,0
95,35,47,3,0,0,0
95,54,18,0,0,4,0
95,118,7,0,0,0,0
95,119,28,0,0,3,3
95,120,94,6,3,3,0
95,121,85,5,0,6,0
95,122,48,3,0,0,0
95,123,10,0,0,0,0
95,127,4,0,0,0,0
96,18,34,0,0,0,3
96,19,37,6,0,0,0
96,20,30,3,0,0,4
96,26,29,0,0,0,0
96,27,46,0,4,0,5
96,28,60,4,7,3,0
96,29,52,3,0,0,0
96,30,50,0,0,0,0
96,31,59,3,0,0,0
96,32,38,3,0,3,0
96,33,18,0,0,0,0
96,34,23,0,0,0,0
96,117,4,4,0,0,0
96,118,33,3,0,0,0
96,119,57,5,3,3,0
96,120,95,6,0,0,0
96,121,76,3,0,4,0
96,122,89,6,0,9,5
96,123,56,0,0,0,0
97,18,13,0,3,0,0
97,19,29,0,0,0,0
97,20,3,0,0,0,0
97,27,18,3,0,0,0
97,28,33,4,0,3,0
97,29,53,3,3,3,0
97,30,32,0,3,0,0
97,31,41,3,3,0,0
97,32,38,4,8,3,0
97,33,13,0,0,3,0
97,117,36,3,0,3,0
97,118,59,6,0,0,0
97,119,88,5,4,5,0
97,120,95,13,0,4,0
97,121,51,0,0,0,0
97,122,115,5,3,5,0
97,123,59,9,7,3,3
98,27,8,0,0,0,0
98,28,42,4,6,0,6
98,29,8,0,3,0,0
98,30,28,0,4,0,0
98,31,59,0,0,4,0
98,32,6,0,0,0,0
98,110,3,0,0,0,0
98,111,4,0,0,0,0
98,115,7,0,0,0,0
98,116,65,3,0,4,0
98,117,50,3,0,0,3
98,118,57,6,0,4,0
98,119,59,0,0,8,0
98,120,93,6,0,0,0
98,121,58,9,3,5,3
98,122,4,0,0,0,0
98,123,39,0,5,0,0
98,124,8,0,0,0,0
99,27,25,0,3,0,0
99,28,63,11,3,0,4
99,29,38,3,0,3,0
99,30,38,0,5,3,3
99,114,6,0,0,0,0
99,115,71,10,0,12,7
99,116,64,3,0,0,3
99,117,70,4,0,4,3
99,118,62,3,0,5,0
99,119,73,3,0,0,0
99,120,44,0,0,3,0
99,121,53,5,3,0,6
99,122,40,4,0,0,0
99,123,25,3,0,0,0
99,124,29,0,0,0,0
100,28,26,0,0,3,0
100,29,20,3,0,0,0
100,105,5,0,0,0,0
100,114,58,4,0,3,0
100,115,71,0,0,3,0
100,116,35,5,5,3,0
100,117,55,3,3,6,3
100,118,98,13,6,4,0
100,119,96,8,5,3,0
100,120,92,0,5,4,3
100,122,81,0,0,3,0
100,123,46,0,0,0,0
100,124,36,4,3,0,0
100,126,26,0,3,3,0
101,28,37,0,7,0,3
101,29,25,0,0,0,0
101,112,19,0,0,0,0
101,113,3,0,0,0,0
101,114,10,3,0,3,0
101,115,67,3,0,5,0
101,116,48,5,0,0,0
101,117,65,3,0,5,0
101,118,45,0,0,0,0
101,119,76,12,0,5,5
101,120,79,6,6,0,3
101,121,45,0,0,0,0
101,122,83,8,3,3,0
101,123,62,4,0,3,3
101,124,26,0,0,0,0
101,125,5,0,0,0,0
101,126,71,6,0,5,0
101,127,46,4,5,0,0
102,27,3,0,0,0,0
102,28,22,0,0,0,0
102,29,29,3,3,0,0
102,30,19,0,0,0,0
102,111,14,0,0,4,0
102,112,27,3,0,3,0
102,113,27,7,3,0,0
102,114,40,8,4,3,0
102,115,31,3,3,3,0
102,116,21,0,0,0,0
102,117,6,0,3,0,0
102,118,44,3,0,3,3
102,119,70,0,0,10,0
102,120,51,8,0,3,0
102,121,61,8,4,4,4
102,122,81,14,3,12,3
102,123,11,0,0,3,0
102,124,39,5,0,4,0
102,125,58,0,5,3,4
102,126,65,6,0,0,0
102,127,4,0,0,0,0
103,13,3,0,0,0,0
103,27,27,3,0,0,0
103,28,34,0,0,0,3
103,29,19,3,0,3,0
103,30,7,0,0,0,0
103,112,16,0,0,0,0
103,113,32,6,4,0,0
103,114,51,3,0,0,0
103,115,32,0,0,3,0
103,116,41,3,4,3,0
103,117,42,0,0,0,0
103,118,40,3,0,0,0
103,119,37,4,0,0,0
103,120,44,0,0,0,0
103,121,42,4,3,3,4
103,122,153,20,18,12,16
103,124,18,3,0,0,0
103,125,54,5,6,7,3
103,126,73,4,3,6,4
103,127,12,0,0,5,0
104,23,3,0,0,0,0
104,24,5,0,0,0,0
104,28,10,0,0,0,0
104,29,3,0,0,0,0
104,110,35,0,3,0,0
104,111,98,11,14,9,4
104,112,45,3,5,3,5
104,113,25,0,14,3,3
104,114,30,3,0,6,0
104,115,76,3,4,0,0
104,116,24,3,0,3,0
104,117,51,3,0,0,0
104,118,48,0,0,3,0
104,119,24,3,0,0,0
104,120,51,5,0,4,0
104,121,39,0,0,4,0
104,122,62,9,10,5,0
104,123,7,4,0,0,0
104,124,52,3,8,3,0
104,125,77,8,5,5,3
104,126,77,6,0,3,0
104,127,32,3,0,0,0
105,23,3,0,0,0,0
105,35,4,0,0,0,0
105,37,3,0,0,0,0
105,39,3,0,0,0,0
105,109,28,4,0,0,0
105,110,85,0,0,4,3
105,111,54,4,3,0,0
105,112,63,0,0,0,0
105,113,79,5,3,5,0
105,114,63,3,4,0,0
105,115,39,3,3,3,0
105,116,59,3,0,4,15
105,117,32,0,3,0,0
105,118,74,8,4,0,0
105,119,69,13,4,3,0
105,120,103,11,17,13,0
105,121,70,6,3,10,0
105,124,228,19,22,24,10
105,125,84,4,3,5,0
105,126,63,8,0,5,3
105,127,17,0,0,0,0
106,108,41,3,0,0,0
106,109,70,7,3,0,3
106,110,53,5,10,4,0
106,111,85,8,5,4,3
106,112,47,4,4,4,3
106,113,81,0,0,3,0
106,114,19,7,0,3,0
106,115,90,7,4,6,0
106,116,54,3,6,0,0
106,117,10,3,0,0,0
106,118,21,0,0,0,0
106,119,39,3,0,3,0
106,120,77,5,5,12,0
106,121,28,5,17,14,0
106,127,56,0,15,9,3
107,24,5,0,0,0,0
107,25,3,0,0,0,0
107,99,7,0,3,0,0
107,100,30,0,0,0,0
107,101,5,3,0,0,0
107,107,3,0,0,0,0
107,108,52,3,3,0,0
107,109,47,17,11,3,0
107,110,38,5,0,0,0
107,111,26,0,10,0,3
107,112,33,3,0,0,0
107,113,64,4,0,3,0
107,114,59,7,4,0,3
107,115,85,5,4,3,3
107,116,47,0,3,3,0
107,117,53,5,3,0,0
107,118,3,0,0,0,0
107,119,12,0,3,0,0
107,125,41,11,17,7,3
107,126,62,6,5,3,0
107,127,65,5,3,3,3
108,24,3,0,0,0,0
108,96,5,0,0,0,0
108,97,31,0,0,0,0
108,98,39,6,0,0,3
108,100,50,6,3,0,3
108,101,29,0,0,0,3
108,102,18,3,0,0,0
108,107,6,0,0,0,0
108,108,46,3,0,0,0
108,109,44,6,3,3,0
108,110,42,6,3,0,0
108,111,5,0,0,0,0
108,112,75,4,0,3,0
108,113,52,5,0,4,0
108,114,41,0,0,0,0
108,115,76,5,3,3,0
108,116,60,3,0,0,0
108,117,55,3,3,4,0
108,118,13,0,0,4,0
108,119,21,3,0,0,0
108,120,5,0,3,0,0
108,124,18,4,0,0,0
108,125,42,7,11,4,0
108,126,50,8,3,0,0
108,127,27,10,4,5,0
109,95,3,0,0,0,0
109,96,10,0,0,0,0
109,97,47,0,0,0,0
109,98,77,4,4,7,0
109,99,14,3,0,0,0
109,100,46,3,0,3,0
109,101,24,0,0,0,0
109,102,5,0,0,0,0
109,107,115,12,6,4,0
109,108,114,16,15,7,3
109,109,37,3,3,0,0
109,110,77,6,0,5,0
109,111,59,6,5,3,0
109,112,62,3,4,0,0
109,113,16,0,0,0,3
109,114,86,7,0,0,0
109,115,47,4,0,0,0
109,116,81,7,4,3,4
109,117,25,3,0,0,0
109,118,12,3,0,0,0
109,119,5,0,0,0,0
109,120,15,0,0,8,3
109,121,3,0,0,0,0
109,124,19,0,0,3,0
109,125,76,9,5,6,0
109,126,52,3,3,3,0
110,0,3,0,0,0,0
110,94,4,0,0,0,0
110,97,14,0,0,0,0
110,98,37,3,0,0,0
110,99,30,3,0,0,0
110,100,18,0,0,3,0
110,107,5,0,0,0,0
110,108,117,0,4,4,3
110,109,50,0,5,0,0
110,110,67,4,0,6,0
110,111,47,10,3,3,0
110,112,47,4,0,3,3
110,113,77,0,0,0,0
110,114,64,8,3,4,0
110,115,64,3,4,0,3
110,116,38,3,3,0,3
110,117,12,0,0,0,0
110,118,9,4,3,0,0
110,119,6,0,0,0,0
110,125,15,3,0,3,0
110,127,19,0,0,3,0
111,0,27,0,0,0,0
111,1,24,0,0,0,0
111,2,36,0,0,0,0
111,3,11,0,0,0,0
111,4,3,0,0,0,0
111,5,29,0,3,0,0
111,98,17,0,0,3,0
111,107,8,3,0,0,0
111,108,157,9,14,6,3
111,109,32,0,0,0,3
111,110,112,6,4,5,0
111,111,39,3,6,0,6
111,112,56,4,0,3,0
111,113,65,4,4,3,4
111,114,54,4,0,0,0
111,115,47,5,0,0,3
111,116,57,3,0,0,0
111,117,33,0,0,3,0
111,118,10,0,0,3,0
111,119,3,0,0,0,0
111,120,4,0,0,0,0
111,121,12,3,0,0,0
111,125,4,0,0,0,0
111,126,28,0,0,0,0
111,127,27,0,0,7,0
112,0,26,0,0,3,3
112,1,33,3,0,0,3
112,2,50,0,3,4,3
112,3,41,0,0,0,0
112,4,14,3,0,0,0
112,107,10,0,0,0,0
112,108,95,3,5,0,4
112,109,67,0,3,3,3
112,110,32,3,0,0,0
112,111,72,8,3,3,3
112,112,69,4,0,3,3
112,113,73,3,6,0,0
112,114,74,5,0,8,0
112,115,33,0,3,0,0
112,116,57,0,0,0,0
112,117,75,4,0,0,0
112,118,4,3,0,0,0
112,119,3,0,0,0,0
112,120,3,6,0,0,0
112,125,5,0,0,0,4
112,126,17,0,0,0,0
112,127,31,0,3,0,0
113,0,52,4,3,0,0
113,1,44,0,0,3,0
113,2,34,0,0,0,0
113,3,37,0,0,0,0
113,4,29,5,0,5,0
113,5,3,0,0,0,0
113,108,3,0,0,0,0
113,109,41,0,0,0,3
113,110,70,6,3,6,3
113,111,42,8,0,6,0
113,112,101,14,8,3,0
113,113,38,0,0,0,0
113,114,81,3,3,3,3
113,115,120,17,6,7,8
113,116,112,10,4,13,3
113,117,26,0,0,0,0
113,118,3,0,0,0,0
113,119,37,5,0,0,0
113,120,44,3,5,0,0
113,121,7,0,0,0,0
113,124,3,0,0,0,0
113,125,4,0,0,0,0
113,126,27,0,0,4,0
114,0,40,0,0,0,3
114,1,31,0,0,3,0
114,2,33,0,0,0,0
114,3,34,0,0,0,3
114,4,45,3,0,0,4
114,5,29,3,0,0,0
114,6,13,0,0,0,0
114,109,16,3,0,0,0
114,110,61,3,0,0,0
114,111,64,9,3,7,3
114,112,94,10,17,10,0
114,113,152,19,9,15,3
114,114,58,7,0,0,0
114,115,126,12,5,7,3
114,116,26,3,0,0,0
114,117,7,0,0,0,0
114,119,12,0,0,0,0
114,120,36,0,0,0,0
114,121,63,8,0,4,0
114,122,52,0,0,0,0
115,0,39,0,8,3,0
115,1,36,0,0,0,0
115,2,33,3,0,0,0
115,3,34,0,0,0,0
115,4,54,5,0,0,0
115,5,57,4,3,0,0
115,6,40,0,0,0,0
115,110,39,4,8,5,3
115,111,73,0,3,0,0
115,112,73,4,3,7,0
115,113,85,6,0,3,3
115,114,157,20,5,13,3
115,115,10,0,0,0,0
115,121,7,0,0,0,0
115,122,4,0,0,0,0
116,0,3,0,0,0,0
116,2,10,0,0,0,0
116,3,53,4,0,3,0
116,4,22,4,0,0,0
116,5,41,4,0,0,0
116,6,42,0,0,0,0
116,7,3,0,0,0,0
116,22,5,0,0,0,0
116,110,21,0,0,3,0
116,111,61,3,0,3,3
116,112,94,3,3,3,0
116,113,45,3,0,0,0
116,114,45,7,6,0,0
116,115,3,0,0,0,0
117,0,28,0,0,0,0
117,1,13,0,0,0,0
117,2,19,0,0,3,0
117,3,25,0,0,0,0
117,4,32,3,0,3,0
117,5,45,0,0,0,0
117,6,45,0,0,0,0
117,22,3,0,0,0,0
117,23,8,0,0,0,0
118,0,9,0,0,0,0
118,1,42,3,0,0,0
118,2,81,4,0,5,3
118,3,38,0,0,0,0
118,4,21,0,0,0,0
118,5,31,3,0,3,0
118,6,14,0,0,0,0
119,0,50,3,4,0,0
119,1,31,0,0,0,0
119,2,22,0,0,0,3
119,3,30,0,0,0,0
119,4,7,0,0,0,0
120,112,7,3,0,0,0
121,111,4,0,0,0,0
121,112,6,0,0,0,0
123,123,6,0,0,0,0
124,122,5,0,0,0,0
125,23,3,4,0,0,0
125,24,3,0,0,0,0
125,25,6,0,0,0,0
126,98,4,0,0,0,0
126,100,9,0,0,0,0
127,100,6,0,0,0,0