x,y,1,2,3,4,5,6,7,8
7,123,38,44,0,0,0,0,0,0
7,124,8,7,0,0,0,0,0,0
7,127,18,19,0,6,0,0,0,0
8,121,3,6,0,0,0,0,0,0
8,122,45,65,3,3,0,0,0,0
8,123,43,59,3,3,0,0,0,0
8,126,75,98,12,6,0,0,0,0
8,127,19,15,0,6,3,0,0,0
9,120,47,54,0,6,3,0,0,0
9,121,30,47,11,0,0,0,0,0
9,126,0,3,0,0,0,0,0,0
10,118,0,3,0,0,0,0,0,0
10,119,24,30,6,0,0,0,0,0
10,120,167,213,30,21,0,0,0,0
10,121,10,15,3,3,0,0,0,0
11,112,59,62,3,10,3,0,0,0
11,114,0,3,0,0,0,0,0,0
11,119,187,220,22,13,0,0,0,0
11,120,201,274,18,23,0,0,0,0
11,121,42,61,6,7,0,0,0,0
11,124,0,3,0,0,0,0,0,0
11,125,12,11,3,3,0,0,0,0
11,126,41,49,3,6,0,0,0,0
12,112,61,98,6,10,0,0,0,0
12,113,75,108,16,17,0,0,0,0
12,116,21,41,3,3,0,0,0,0
12,117,7,22,3,0,0,0,0,0
12,119,62,63,0,6,0,0,0,0
12,120,41,51,0,3,0,0,0,0
12,124,3,11,0,0,0,0,0,0
12,125,66,86,6,6,0,0,0,0
12,126,90,124,3,10,0,0,0,0
13,113,14,26,0,0,0,0,0,0
13,114,3,3,0,0,0,0,0,0
13,115,3,3,0,0,0,0,0,0
13,116,135,135,27,12,0,0,0,0
13,117,48,48,12,7,0,0,0,0
13,124,3,8,0,0,0,0,0,0
13,125,21,32,0,0,0,0,0,0
14,115,3,0,0,0,0,0,0,0
14,116,77,88,3,15,3,0,0,0
14,118,3,0,0,0,0,0,0,0
14,122,59,84,12,6,0,0,0,0
14,124,54,78,4,6,0,0,0,0
15,116,104,114,16,22,0,0,0,0
15,117,115,157,16,12,0,0,0,0
15,118,3,0,0,0,0,0,0,0
15,121,39,48,6,4,0,0,0,0
15,122,210,285,82,9,0,0,0,0
15,123,24,42,6,3,0,0,0,0
15,124,0,3,0,0,0,0,0,0
16,115,89,77,12,9,0,0,0,0
16,116,147,150,23,19,0,0,0,0
16,117,28,52,3,7,0,0,0,0
16,121,10,18,7,0,0,0,0,0
16,122,61,82,4,0,0,0,0,0
16,123,133,118,38,20,0,0,0,0
16,124,16,31,3,3,0,0,0,0
17,114,7,21,3,3,0,0,0,0
17,115,68,105,15,9,0,0,0,0
17,116,52,60,3,3,0,0,0,0
17,121,3,12,0,0,0,0,0,0
17,122,3,3,0,0,0,0,0,0
17,123,46,42,0,10,0,0,0,0
17,124,7,7,0,0,0,0,0,0
18,114,26,29,0,0,0,0,0,0
18,121,44,64,9,9,0,0,0,0
18,122,7,12,0,0,0,0,0,0
18,123,45,76,6,3,0,0,0,0
19,72,0,3,0,0,0,0,0,0
19,118,22,28,0,0,0,0,0,0
19,120,30,16,3,0,0,0,0,0
19,121,12,15,0,0,0,0,0,0
19,123,46,77,6,8,0,0,0,0
19,124,172,219,34,15,3,0,0,0
19,125,19,39,3,6,0,0,0,0
20,117,38,59,8,3,0,0,0,0
20,118,111,144,9,17,0,0,0,0
20,119,11,8,0,0,0,0,0,0
20,122,3,6,0,0,0,0,0,0
20,124,18,34,0,4,0,0,0,0
20,125,11,8,0,0,0,0,0,0
21,69,9,24,3,3,0,0,0,0
21,70,3,9,0,0,0,0,0,0
21,71,60,114,11,9,0,0,0,0
21,72,93,102,13,5,0,0,0,0
21,113,82,94,20,35,0,0,0,0
21,117,15,26,0,3,0,0,0,0
21,118,4,6,0,0,0,0,0,0
21,122,29,53,0,3,0,0,0,0
22,69,4,10,0,3,0,0,0,0
22,71,33,35,0,3,0,0,0,0
22,72,6,7,0,0,0,0,0,0
22,113,4,12,0,0,0,0,0,0
22,114,14,7,0,3,0,0,0,0
22,115,0,6,0,0,0,0,0,0
22,119,9,18,0,3,0,0,0,0
22,122,34,56,0,0,0,0,0,0
22,123,23,36,0,0,0,0,0,0
23,67,0,3,0,0,0,0,0,0
23,68,0,3,0,0,0,0,0,0
23,113,0,6,0,0,0,0,0,0
23,114,90,122,12,15,0,0,0,0
23,115,447,120,25,28,0,0,0,0
23,116,4,8,0,0,0,0,0,0
23,121,58,95,14,9,0,0,0,0
23,122,144,207,69,21,0,0,0,0
23,123,130,157,24,32,0,0,0,0
24,67,7,9,0,0,0,0,0,0
24,72,10,9,0,0,0,0,0,0
24,113,3,7,0,0,0,0,0,0
24,114,163,211,23,24,0,0,0,0
24,115,262,200,38,38,0,0,0,0
24,116,115,136,0,6,0,0,0,0
24,120,18,33,6,0,0,0,0,0
24,121,25,39,3,0,0,0,0,0
24,122,79,114,24,3,0,0,0,0
24,123,13,27,0,0,0,0,0,0
24,124,44,71,6,4,0,0,0,0
24,126,14,12,0,0,0,0,0,0
24,127,16,37,6,7,0,0,0,0
25,61,3,3,0,0,0,0,0,0
25,62,4,3,0,0,0,0,0,0
25,63,0,3,0,0,0,0,0,0
25,64,122,140,14,11,0,0,0,0
25,65,331,396,48,46,0,0,0,0
25,82,7,3,0,0,0,0,0,0
25,107,0,3,0,0,0,0,0,0
25,114,57,90,16,8,0,0,0,0
25,115,12,15,0,3,0,0,0,0
25,116,50,70,0,13,0,0,0,0
25,118,15,23,5,3,0,0,0,0
25,120,14,13,3,0,0,0,0,0
25,121,24,33,6,10,0,0,0,0
25,122,0,3,0,0,0,0,0,0
25,127,18,26,0,0,0,0,0,0
26,53,0,3,0,0,0,0,0,0
26,54,5,6,0,0,0,0,0,0
26,55,9,11,0,0,0,0,0,0
26,62,4,6,0,0,0,0,0,0
26,63,24,22,0,6,0,0,0,0
26,64,87,179,26,14,0,0,0,0
26,65,93,111,14,13,0,0,0,0
26,66,58,101,13,8,0,0,0,0
26,69,3,6,0,0,0,0,0,0
26,72,0,3,0,0,0,0,0,0
26,73,3,0,0,0,0,0,0,0
26,109,4,7,0,0,0,0,0,0
26,114,34,32,3,7,0,0,0,0
26,116,3,5,0,0,0,0,0,0
26,120,49,62,6,6,0,0,0,0
26,121,33,45,0,3,0,0,0,0
26,122,15,23,3,0,0,0,0,0
27,53,3,4,0,0,0,0,0,0
27,55,4,9,0,0,0,0,0,0
27,56,21,33,0,3,0,0,0,0
27,57,19,43,3,0,0,0,0,0
27,58,569,565,78,101,0,0,0,0
27,64,365,484,19,29,0,0,0,0
27,65,738,658,74,129,0,0,0,0
27,66,935,763,93,87,0,0,0,0
27,69,50,35,0,11,0,0,0,0
27,70,7,14,0,0,0,0,0,0
27,73,0,3,0,3,0,0,0,0
27,75,13,33,3,3,0,0,0,0
27,76,0,3,0,0,0,0,0,0
27,78,14,31,0,0,0,0,0,0
27,79,0,3,0,0,0,0,0,0
27,106,5,0,0,3,0,0,0,0
27,107,0,3,0,0,0,0,0,0
27,109,0,3,0,0,0,0,0,0
27,113,16,16,0,0,0,0,0,0
27,114,41,69,3,3,0,0,0,0
27,117,7,20,0,0,0,0,0,0
27,120,15,20,4,0,0,0,0,0
27,121,108,161,14,13,0,0,0,0
27,122,20,30,4,0,0,0,0,0
28,58,152,191,36,33,0,0,0,0
28,59,52,0,0,0,0,0,0,0
28,61,0,3,0,0,0,0,0,0
28,63,62,71,17,4,0,0,0,0
28,64,87,76,13,20,0,0,0,0
28,65,279,88,10,7,0,0,0,0
28,66,263,63,5,12,0,0,0,0
28,67,3,3,0,0,0,0,0,0
28,69,3,0,0,0,0,0,0,0
28,72,13,17,0,0,0,0,0,0
28,74,23,18,0,0,0,0,0,0
28,75,158,167,19,24,3,0,0,0
28,76,9,19,5,0,0,0,0,0
28,79,187,235,31,18,0,0,0,0
28,80,12,22,0,0,0,0,0,0
28,82,0,7,0,0,0,0,0,0
28,83,11,7,0,6,0,0,0,0
28,112,55,87,3,3,0,0,0,0
28,113,43,103,9,6,0,0,0,0
28,114,27,30,0,8,0,0,0,0
28,117,34,83,12,12,0,0,0,0
28,118,4,7,0,0,0,0,0,0
28,120,35,41,6,6,0,0,0,0
28,121,33,24,0,4,0,0,0,0
29,57,3,3,0,0,0,0,0,0
29,58,24,34,3,3,0,0,0,0
29,61,72,132,9,9,0,0,0,0
29,62,61,89,10,3,0,0,0,0
29,63,269,345,71,34,3,0,0,0
29,64,637,767,117,132,0,0,0,0
29,65,188,143,25,27,0,0,0,0
29,66,426,495,62,47,3,0,0,0
29,67,265,258,41,25,0,0,0,0
29,68,1078,226,22,29,0,0,0,0
29,70,56,43,0,0,0,0,0,0
29,71,125,173,32,18,0,0,0,0
29,72,90,109,58,7,0,0,0,0
29,73,54,62,7,12,0,0,0,0
29,74,71,84,10,10,0,0,0,0
29,75,417,498,26,60,0,0,0,0
29,76,20,36,0,0,0,0,0,0
29,77,9,8,0,3,0,0,0,0
29,78,23,22,6,0,0,0,0,0
29,79,164,229,26,22,0,0,0,0
29,80,122,190,18,23,0,0,0,0
29,111,35,78,3,0,0,0,0,0
29,112,56,146,6,8,3,0,0,0
29,113,92,131,15,9,0,0,0,0
29,114,0,0,0,3,0,0,0,0
29,116,14,31,0,0,0,0,0,0
29,117,110,150,9,3,0,0,0,0
29,119,14,34,6,0,0,0,0,0
29,120,45,75,6,6,0,0,0,0
29,127,3,19,0,0,0,0,0,0
30,59,0,9,0,0,0,0,0,0
30,60,22,36,3,0,0,0,0,0
30,61,40,56,0,9,0,0,0,0
30,62,158,217,29,14,3,0,0,0
30,63,145,116,85,14,0,0,0,0
30,64,406,460,77,70,0,0,0,0
30,65,761,410,47,64,0,0,0,0
30,66,571,473,55,47,0,0,0,0
30,67,658,432,164,44,0,0,0,0
30,68,161,160,33,22,0,0,0,0
30,69,82,106,12,6,3,0,0,0
30,70,193,238,92,20,0,0,0,0
30,71,532,580,64,81,0,0,0,0
30,72,257,306,38,32,0,0,0,0
30,73,68,70,6,9,0,0,0,0
30,74,145,151,22,19,0,0,0,0
30,75,397,416,86,91,0,0,0,0
30,76,54,32,3,3,0,0,0,0
30,77,7,6,0,0,0,0,0,0
30,78,12,27,0,0,0,0,0,0
30,80,42,57,0,0,0,0,0,0
30,81,6,8,0,3,0,0,0,0
30,84,6,6,0,3,0,0,0,0
30,106,4,0,0,0,0,0,0,0
30,111,16,22,3,3,0,0,0,0
30,113,23,42,6,9,0,0,0,0
30,117,19,21,5,0,0,0,0,0
30,119,22,34,3,0,0,0,0,0
30,120,62,88,13,8,0,0,0,0
30,121,15,36,5,3,0,0,0,0
30,125,11,16,0,0,0,0,0,0
30,126,44,50,3,0,0,0,0,0
30,127,39,69,12,6,0,0,0,0
31,59,0,4,3,0,0,0,0,0
31,60,75,133,21,13,0,0,0,0
31,61,151,246,30,27,0,0,0,0
31,62,56,88,18,17,0,0,0,0
31,63,433,380,66,60,0,0,0,0
31,64,466,531,162,74,3,0,0,0
31,65,1619,615,177,126,3,0,0,0
31,66,883,502,65,58,3,0,0,0
31,67,230,56,3,3,0,0,0,0
31,68,192,41,9,17,0,0,0,0
31,69,305,80,8,14,0,0,0,0
31,70,249,283,23,55,0,0,0,0
31,71,601,629,124,104,3,0,0,0
31,72,411,450,146,71,0,0,0,0
31,73,306,454,55,50,0,0,0,0
31,74,349,487,92,67,0,0,0,0
31,75,202,311,35,26,0,0,0,0
31,76,19,10,0,6,0,0,0,0
31,77,11,15,0,0,0,0,0,0
31,78,3,4,0,0,0,0,0,0
31,79,3,3,0,0,0,0,0,0
31,80,0,3,0,0,0,0,0,0
31,81,16,21,4,0,0,0,0,0
31,82,121,116,13,10,0,0,0,0
31,99,50,55,6,14,0,0,0,0
31,102,17,32,3,0,0,0,0,0
31,103,37,50,6,4,0,0,0,0
31,104,0,3,0,0,0,0,0,0
31,112,30,41,0,0,0,0,0,0
31,113,16,24,6,0,0,0,0,0
31,116,222,258,39,36,0,0,0,0
31,117,262,288,22,37,0,0,0,0
31,118,60,99,25,4,0,0,0,0
31,119,66,114,11,9,0,0,0,0
31,120,66,63,0,10,0,0,0,0
31,124,0,3,0,0,0,0,0,0
31,126,3,3,0,3,0,0,0,0
31,127,6,5,0,0,0,0,0,0
32,58,0,3,0,0,0,0,0,0
32,59,17,38,0,0,0,0,0,0
32,60,166,212,32,12,0,0,0,0
32,61,193,244,32,30,0,0,0,0
32,62,206,197,46,33,0,0,0,0
32,63,455,172,56,44,0,0,0,0
32,64,1363,708,247,160,0,0,0,0
32,65,3030,1059,171,246,6,0,0,0
32,66,2112,460,58,91,3,0,0,0
32,67,1427,347,51,59,0,0,0,0
32,68,1619,624,88,107,0,0,0,0
32,69,736,129,13,20,0,0,0,0
32,70,6,12,0,3,0,0,0,0
32,71,155,204,15,23,0,0,0,0
32,72,22,45,6,7,0,0,0,0
32,73,345,392,43,70,0,0,0,0
32,74,301,418,35,42,3,0,0,0
32,75,74,94,3,4,0,0,0,0
32,76,23,34,3,0,0,0,0,0
32,77,89,126,25,21,3,0,0,0
32,78,237,294,33,25,0,0,0,0
32,79,190,301,42,30,0,0,0,0
32,80,258,308,20,33,0,0,0,0
32,81,17,33,0,0,0,0,0,0
32,82,184,309,24,32,0,0,0,0
32,99,136,152,26,27,0,0,0,0
32,100,8,11,0,0,0,0,0,0
32,102,21,22,3,7,0,0,0,0
32,103,55,83,6,11,0,0,0,0
32,105,50,69,3,3,0,0,0,0
32,106,122,103,3,38,0,0,0,0
32,112,45,64,17,13,0,0,0,0
32,116,61,68,0,6,0,0,0,0
32,117,112,123,9,11,0,0,0,0
32,118,150,223,35,22,0,0,0,0
32,124,28,46,4,9,0,0,0,0
32,125,57,69,4,13,3,0,0,0
32,126,0,3,0,0,0,0,0,0
33,54,0,3,0,0,0,0,0,0
33,55,12,6,0,3,0,0,0,0
33,57,3,3,0,0,0,0,0,0
33,58,53,71,11,3,0,0,0,0
33,59,151,247,33,21,0,0,0,0
33,60,158,182,23,17,0,0,0,0
33,61,191,252,123,41,3,0,0,0
33,62,470,410,53,74,0,0,0,0
33,63,1332,798,118,200,0,0,0,0
33,64,1671,596,93,155,3,0,0,0
33,65,2420,886,186,201,6,0,0,0
33,66,1660,582,215,144,3,0,3,0
33,67,1956,604,117,112,6,0,0,0
33,68,553,271,35,43,0,0,0,0
33,69,20,23,0,3,3,0,0,0
33,70,22,32,64,7,0,0,0,0
33,71,10,15,0,3,0,0,0,0
33,72,18,4,0,3,0,0,0,0
33,73,3,0,0,0,0,0,0,0
33,74,21,20,0,3,0,0,0,0
33,77,216,211,19,40,0,0,0,0
33,78,227,277,24,20,3,0,0,0
33,79,86,141,15,29,0,0,0,0
33,80,572,592,39,86,0,0,0,0
33,81,68,78,16,11,0,0,0,0
33,82,211,261,43,48,0,0,0,0
33,83,169,247,44,24,0,0,0,0
33,84,148,155,31,42,0,0,0,0
33,85,0,4,0,0,0,0,0,0
33,99,0,6,0,0,0,0,0,0
33,100,223,265,29,44,0,0,0,0
33,101,0,3,0,0,0,0,0,0
33,102,17,27,3,0,0,0,0,0
33,103,77,114,7,15,0,0,0,0
33,104,18,24,3,6,0,0,0,0
33,105,27,21,0,5,0,0,0,0
33,106,66,81,3,7,0,0,0,0
33,109,3,3,0,0,0,0,0,0
33,111,10,23,3,0,0,0,0,0
33,112,112,205,12,12,0,0,0,0
33,117,36,48,3,4,0,0,0,0
33,118,121,154,15,12,0,0,0,0
33,121,10,11,0,0,0,0,0,0
33,124,38,62,16,0,0,0,0,0
33,125,93,127,9,9,0,0,0,0
34,54,15,20,3,3,0,0,0,0
34,55,3,4,0,0,0,0,0,0
34,56,3,0,0,0,0,0,0,0
34,57,3,22,0,0,0,0,0,0
34,58,41,84,7,6,3,0,0,0
34,59,147,176,36,29,0,0,0,0
34,60,337,405,165,57,0,0,0,0
34,61,517,589,97,80,6,0,0,0
34,62,1179,853,168,178,6,0,0,0
34,63,2022,1096,229,344,0,0,0,0
34,64,1390,603,162,158,3,0,0,0
34,65,1617,643,103,183,6,0,0,0
34,66,1392,523,83,147,0,0,0,0
34,67,1996,756,144,172,12,0,0,0
34,68,271,322,34,26,3,0,0,0
34,69,373,499,64,61,0,0,0,0
34,70,51,87,7,6,0,0,0,0
34,71,14,12,0,0,0,0,0,0
34,72,3,3,0,0,0,0,0,0
34,73,6,6,0,0,0,0,0,0
34,74,9,12,0,0,0,0,0,0
34,75,3,5,3,0,0,0,0,0
34,76,9,12,0,3,0,0,0,0
34,77,481,632,104,124,3,0,0,0
34,78,200,209,43,27,0,0,0,0
34,79,380,442,77,81,3,0,0,0
34,80,430,657,71,70,0,0,0,0
34,81,245,405,27,44,0,0,0,0
34,82,110,230,28,14,0,0,0,0
34,83,136,198,9,15,3,0,0,0
34,84,428,544,90,87,0,0,0,0
34,85,154,194,32,26,0,0,0,0
34,86,7,15,3,3,0,0,0,0
34,90,18,23,4,0,0,0,0,0
34,91,25,42,3,0,0,0,0,0
34,99,3,0,0,0,0,0,0,0
34,100,223,373,24,33,0,0,0,0
34,101,54,71,6,6,0,0,0,0
34,102,7,12,0,0,0,0,0,0
34,103,0,4,0,0,0,0,0,0
34,104,30,64,6,6,0,0,0,0
34,105,81,103,19,12,0,0,0,0
34,106,55,72,0,4,0,0,0,0
34,108,6,8,0,0,0,0,0,0
34,109,7,23,3,3,0,0,0,0
34,110,0,4,0,0,0,0,0,0
34,111,24,25,3,6,0,0,0,0
34,112,165,229,24,30,0,0,0,0
34,118,48,50,6,3,0,0,0,0
34,119,51,67,58,10,0,0,0,0
34,120,27,34,9,3,0,0,0,0
34,121,46,67,9,6,0,0,0,0
34,125,87,132,18,9,0,0,0,0
34,126,18,22,0,3,0,0,0,0
35,57,16,31,0,3,0,0,0,0
35,58,18,32,0,3,0,0,0,0
35,59,8,7,0,0,0,0,0,0
35,60,108,101,6,13,0,0,0,0
35,61,384,190,33,40,3,0,0,0
35,62,572,523,99,82,0,0,0,0
35,63,606,509,104,76,0,0,0,0
35,64,1471,650,125,151,3,0,0,0
35,65,2180,1084,170,275,9,0,0,0
35,66,2376,901,182,258,6,0,3,0
35,67,809,328,122,89,0,0,0,0
35,68,662,556,82,88,0,0,0,0
35,69,244,294,68,37,0,0,0,0
35,70,8,8,0,0,0,0,0,0
35,71,6,9,0,0,0,0,0,0
35,72,10,6,0,0,0,0,0,0
35,73,6,10,0,3,0,0,0,0
35,74,45,87,9,13,0,0,0,0
35,75,123,194,26,41,0,0,0,0
35,76,292,459,89,56,0,0,0,0
35,77,439,614,95,117,6,0,0,0
35,78,525,670,133,136,0,0,0,0
35,79,387,440,170,67,0,0,0,0
35,80,410,568,137,77,3,0,0,0
35,81,192,272,42,38,0,0,0,0
35,82,4,0,0,0,0,0,0,0
35,83,4,12,0,0,0,0,0,0
35,84,88,129,11,13,0,0,0,0
35,85,115,147,7,19,0,0,0,0
35,86,357,391,77,89,0,0,0,0
35,87,212,306,45,62,0,0,0,0
35,89,83,98,17,6,0,0,0,0
35,90,3,13,3,0,0,0,0,0
35,91,9,24,3,0,0,0,0,0
35,93,17,21,0,0,0,0,0,0
35,94,0,6,3,0,0,0,0,0
35,99,77,119,6,20,0,0,0,0
35,100,60,89,21,23,0,0,0,0
35,101,6,14,0,3,0,0,0,0
35,102,40,45,9,6,0,0,0,0
35,104,10,17,3,0,0,0,0,0
35,105,267,390,38,54,0,0,0,0
35,106,91,167,23,10,0,0,0,0
35,108,0,3,0,0,0,0,0,0
35,109,54,52,0,6,0,0,0,0
35,110,40,55,3,0,0,0,0,0
35,111,91,169,9,18,0,0,0,0
35,112,66,100,11,14,0,0,0,0
35,118,113,171,21,13,0,0,0,0
35,119,151,176,21,19,3,0,0,0
35,120,5,6,3,3,0,0,0,0
35,122,3,6,0,0,0,0,0,0
35,123,49,69,9,3,0,0,0,0
35,124,38,49,9,12,0,0,0,0
35,125,32,31,0,0,0,0,0,0
35,126,114,134,12,13,0,0,0,0
35,127,105,152,9,12,0,0,0,0
36,59,23,37,0,0,0,0,0,0
36,60,195,303,47,22,0,0,0,0
36,61,246,286,41,31,0,0,0,0
36,62,274,403,54,32,0,0,0,0
36,63,51,85,16,8,0,0,0,0
36,64,1684,725,107,234,12,0,0,0
36,65,1987,890,119,252,5,0,0,0
36,66,1922,1004,203,260,6,0,0,0
36,67,1148,509,76,95,6,0,0,0
36,68,89,112,13,7,0,0,0,0
36,69,58,67,11,6,0,0,0,0
36,70,3,12,0,0,0,0,0,0
36,71,323,102,10,119,0,0,0,0
36,73,12,8,0,0,0,0,0,0
36,76,33,78,16,14,0,0,0,0
36,77,293,481,84,69,0,0,0,0
36,78,153,253,26,33,0,0,0,0
36,79,26,34,3,3,0,0,0,0
36,80,0,3,0,0,0,0,0,0
36,81,19,21,3,4,0,0,0,0
36,82,169,254,45,35,0,0,0,0
36,84,3,12,0,0,0,0,0,0
36,85,183,340,59,43,0,0,0,0
36,86,506,516,178,144,0,0,0,0
36,87,153,192,41,58,0,0,0,0
36,88,7,10,0,0,0,0,0,0
36,89,143,208,29,27,0,0,0,0
36,90,51,85,3,6,0,0,0,0
36,91,27,38,3,3,0,0,0,0
36,92,11,20,0,0,0,0,0,0
36,93,116,162,20,14,0,0,0,0
36,94,16,31,3,3,0,0,0,0
36,96,0,3,0,0,0,0,0,0
36,97,3,12,0,4,0,0,0,0
36,98,14,43,0,6,0,0,0,0
36,99,153,215,34,32,3,0,0,0
36,100,242,378,56,62,0,0,0,0
36,101,28,37,13,6,0,0,0,0
36,102,47,57,12,3,0,0,0,0
36,103,6,10,0,0,0,0,0,0
36,104,0,3,0,0,0,0,0,0
36,105,65,77,6,9,0,0,0,0
36,110,7,9,0,0,0,0,0,0
36,111,12,5,0,3,0,0,0,0
36,112,23,27,3,0,0,0,0,0
36,113,25,43,6,6,0,0,0,0
36,118,5,8,0,0,0,0,0,0
36,119,0,4,0,0,0,0,0,0
36,122,62,62,6,3,0,0,0,0
36,123,3,4,0,0,3,0,0,0
37,54,3,6,0,0,0,0,0,0
37,55,22,26,6,0,0,0,0,0
37,60,5,6,0,0,0,0,0,0
37,61,32,60,6,5,0,0,0,0
37,62,529,542,59,45,0,0,0,0
37,63,401,415,71,50,0,0,0,0
37,64,1512,924,124,178,3,0,0,0
37,65,2789,1179,187,353,3,0,0,0
37,66,1167,697,105,159,6,0,0,0
37,67,742,479,81,168,0,0,0,0
37,68,137,127,25,19,0,0,0,0
37,69,28,17,0,0,0,0,0,0
37,70,4,16,0,0,0,0,0,0
37,71,22,18,3,0,0,0,0,0
37,72,0,3,0,0,0,0,0,0
37,73,4,3,0,0,0,0,0,0
37,75,3,4,0,0,0,0,0,0
37,76,0,3,0,0,0,0,0,0
37,77,22,35,7,6,0,0,0,0
37,78,0,3,0,0,0,0,0,0
37,79,52,93,10,11,0,0,0,0
37,80,89,163,22,9,3,0,0,0
37,81,228,347,47,63,0,0,0,0
37,82,38,72,11,3,0,0,0,0
37,84,11,17,0,0,0,0,0,0
37,85,316,455,72,68,0,0,0,0
37,86,155,149,26,25,0,0,0,0
37,87,318,472,55,47,3,0,0,0
37,88,403,490,58,82,0,0,0,0
37,89,225,464,64,45,3,0,0,0
37,90,307,360,66,61,0,0,0,0
37,91,49,93,18,7,0,0,0,0
37,92,5,6,0,0,0,0,0,0
37,94,0,0,0,3,0,0,0,0
37,97,46,92,9,15,0,0,0,0
37,98,187,296,33,29,3,0,0,0
37,99,204,158,59,53,0,0,0,0
37,100,61,62,14,16,0,0,0,0
37,101,68,69,6,13,0,0,0,0
37,102,37,68,6,3,0,0,0,0
37,103,58,90,16,6,0,0,0,0
37,104,28,50,6,3,0,0,0,0
37,110,3,3,0,0,0,0,0,0
37,113,46,72,5,7,0,0,0,0
37,114,22,33,3,3,0,0,0,0
37,117,11,15,0,0,0,0,0,0
37,118,94,131,15,7,0,0,0,0
37,119,97,110,15,12,0,0,0,0
37,120,89,120,9,3,0,0,0,0
37,127,0,3,0,0,0,0,0,0
38,51,23,24,3,3,0,0,0,0
38,52,39,60,7,10,0,0,0,0
38,53,0,3,0,0,0,0,0,0
38,59,15,12,0,0,0,0,0,0
38,62,52,90,10,3,0,0,0,0
38,63,247,330,49,36,3,0,0,0
38,64,981,802,192,160,3,0,0,0
38,65,1536,996,146,272,0,0,0,0
38,66,731,574,132,131,0,0,0,0
38,67,11,10,0,0,0,0,0,0
38,68,356,245,34,43,0,0,0,0
38,69,457,471,87,105,0,0,0,0
38,70,139,195,26,29,0,0,0,0
38,71,49,77,7,6,3,0,0,0
38,72,4,6,0,0,0,0,0,0
38,73,3,9,0,0,0,0,0,0
38,74,107,188,15,18,0,0,0,0
38,75,221,329,41,52,0,0,0,0
38,76,147,252,54,30,0,0,0,0
38,77,42,77,15,6,0,0,0,0
38,78,9,25,6,0,0,0,0,0
38,79,67,88,14,11,0,0,0,0
38,80,589,672,119,157,3,0,0,0
38,81,184,178,13,12,0,0,0,0
38,82,28,52,10,10,0,0,0,0
38,83,127,146,16,22,0,0,0,0
38,84,41,74,5,9,0,0,0,0
38,85,0,4,0,0,0,0,0,0
38,86,18,38,7,3,0,0,0,0
38,87,324,393,47,46,0,0,0,0
38,88,166,213,33,22,0,0,0,0
38,89,136,266,142,46,0,0,0,0
38,90,492,663,135,108,0,0,0,0
38,91,13,19,3,0,0,0,0,0
38,92,3,3,3,0,0,0,0,0
38,93,13,16,0,0,0,0,0,0
38,94,18,37,3,0,0,0,0,0
38,95,29,39,3,0,0,0,0,0
38,96,8,11,3,0,0,0,0,0
38,97,133,163,3,6,0,0,0,0
38,98,669,757,96,120,0,0,0,0
38,99,311,469,94,73,3,0,0,0
38,100,130,194,31,40,0,0,0,0
38,101,3,20,3,3,0,0,0,0
38,102,34,49,7,3,0,0,0,0
38,103,169,172,51,35,0,0,0,0
38,104,85,97,13,16,0,0,0,0
38,105,21,16,3,3,0,0,0,0
38,106,0,4,0,0,0,0,0,0
38,108,51,64,4,0,0,0,0,0
38,109,238,327,6,44,0,0,0,0
38,110,35,35,3,16,0,0,0,0
38,111,38,35,0,9,0,0,0,0
38,112,0,3,0,0,0,0,0,0
38,114,33,47,3,6,0,0,0,0
38,117,59,60,9,3,0,0,0,0
38,118,39,53,3,3,0,0,0,0
38,122,31,37,3,3,0,0,0,0
38,123,26,33,4,0,0,0,0,0
39,49,3,7,0,0,0,0,0,0
39,51,167,172,12,16,3,0,0,0
39,52,98,143,16,10,0,0,0,0
39,53,0,3,0,0,0,0,0,0
39,57,9,14,3,0,0,0,0,0
39,58,37,42,3,9,0,0,0,0
39,59,21,34,0,0,0,0,0,0
39,60,0,3,0,0,0,0,0,0
39,61,3,4,0,0,0,0,0,0
39,62,61,99,28,21,0,0,0,0
39,63,524,570,83,117,0,0,0,0
39,64,1163,1105,229,299,0,0,0,0
39,65,257,217,32,58,0,0,0,0
39,66,323,308,46,77,3,0,0,0
39,67,0,3,0,0,0,0,0,0
39,68,0,7,0,0,0,0,0,0
39,69,151,275,25,20,0,0,0,0
39,70,505,441,60,110,0,0,0,0
39,71,318,439,51,41,0,0,0,0
39,72,32,40,6,3,0,0,0,0
39,74,101,104,18,20,3,0,0,0
39,75,536,660,124,123,3,0,0,0
39,76,578,877,82,92,0,0,0,0
39,77,292,546,90,45,0,0,0,0
39,78,540,591,79,104,0,0,0,0
39,79,205,214,28,44,0,0,0,0
39,80,449,465,52,79,0,0,0,0
39,81,157,153,3,10,0,0,0,0
39,82,107,182,20,20,0,0,0,0
39,83,139,183,28,26,0,0,0,0
39,84,33,74,7,6,0,0,0,0
39,85,18,24,3,3,0,0,0,0
39,86,26,58,6,9,0,0,0,0
39,87,140,145,12,22,0,0,0,0
39,89,115,243,28,11,0,0,0,0
39,90,437,646,113,83,0,0,0,0
39,91,154,216,43,29,0,0,0,0
39,93,81,95,9,13,0,0,0,0
39,94,7,19,6,0,0,0,0,0
39,96,4,30,5,3,3,0,0,0
39,97,261,458,50,65,0,0,0,0
39,98,388,459,123,78,0,0,0,0
39,99,76,108,27,13,0,0,0,0
39,100,26,30,3,3,0,0,0,0
39,102,314,441,62,68,0,0,0,0
39,103,179,245,48,45,0,0,0,0
39,104,139,180,10,22,0,0,0,0
39,105,14,8,0,0,0,0,0,0
39,106,104,116,3,3,0,0,0,0
39,107,71,92,14,13,0,0,0,0
39,108,365,404,28,50,0,0,0,0
39,109,172,285,37,27,0,0,0,0
39,110,112,129,0,13,0,0,0,0
39,111,60,87,12,10,0,0,0,0
39,112,0,3,0,0,0,0,0,0
39,117,29,48,6,6,0,0,0,0
39,122,3,4,0,3,0,0,0,0
39,124,59,104,12,5,3,0,0,0
39,125,11,19,0,0,0,0,0,0
39,127,3,3,0,3,0,0,0,0
40,47,7,14,0,3,0,0,0,0
40,48,0,6,0,0,0,0,0,0
40,50,3,3,0,0,0,0,0,0
40,51,6,10,0,0,0,0,0,0
40,52,302,357,72,65,0,0,0,0
40,53,54,98,13,3,0,0,0,0
40,55,3,0,0,0,0,0,0,0
40,56,0,3,0,0,0,0,0,0
40,57,15,14,0,3,0,0,0,0
40,58,3,7,0,0,0,0,0,0
40,60,158,151,3,3,0,0,0,0
40,61,101,152,23,23,0,0,0,0
40,62,606,782,142,98,0,0,0,0
40,63,807,679,59,100,0,0,0,0
40,64,101,178,12,6,0,0,0,0
40,66,138,93,13,23,0,0,0,0
40,67,3,9,0,0,0,0,0,0
40,68,10,21,10,0,0,0,0,0
40,69,340,511,90,46,3,0,0,0
40,70,1108,877,196,195,0,0,0,0
40,71,612,774,135,141,3,0,0,0
40,72,6,7,0,0,0,0,0,0
40,73,83,99,20,17,0,0,0,0
40,74,159,174,0,13,0,0,0,0
40,75,395,467,174,125,0,0,0,3
40,76,844,888,227,223,0,0,0,0
40,77,470,523,95,108,0,0,0,0
40,78,234,289,61,68,0,0,0,0
40,79,115,86,11,10,0,0,0,0
40,80,0,3,3,0,0,0,0,0
40,82,3,8,0,3,0,0,0,0
40,86,60,141,17,13,0,0,0,0
40,89,174,294,42,36,0,0,0,0
40,90,256,339,22,31,0,0,0,0
40,91,436,693,135,68,0,0,0,0
40,92,342,456,62,51,0,0,0,0
40,93,165,188,15,15,0,0,0,0
40,96,34,56,9,4,0,0,0,0
40,97,322,386,117,69,0,0,0,0
40,98,247,217,72,75,0,0,0,0
40,99,5,4,0,0,0,0,0,0
40,100,6,14,0,0,0,0,0,0
40,101,16,12,0,3,0,0,0,0
40,102,156,177,15,24,0,0,0,0
40,103,40,63,14,10,0,0,0,0
40,105,3,14,0,0,0,0,0,0
40,106,52,51,9,15,0,0,0,0
40,107,298,301,132,92,0,0,0,0
40,108,310,394,79,74,0,0,0,0
40,109,689,716,99,138,0,0,0,0
40,110,600,649,27,55,0,0,0,0
40,111,168,179,12,16,0,0,0,0
40,112,24,22,0,0,0,0,0,0
40,113,17,26,3,3,0,0,0,0
40,121,3,12,0,0,0,0,0,0
40,122,0,6,0,0,0,0,0,0
40,124,31,51,3,3,0,0,0,0
40,125,3,4,0,0,0,0,0,0
40,126,0,3,0,0,0,0,0,0
40,127,40,77,6,0,0,0,0,0
41,45,0,7,0,0,0,0,0,0
41,46,24,30,0,0,0,0,0,0
41,47,12,19,5,3,0,0,0,0
41,48,30,30,0,4,0,0,0,0
41,50,0,3,0,0,0,0,0,0
41,51,3,0,0,0,0,0,0,0
41,52,37,60,7,9,0,0,0,0
41,53,99,136,22,20,0,0,0,0
41,54,166,276,30,32,0,0,0,0
41,55,9,15,0,0,0,0,0,0
41,56,41,53,7,6,0,0,0,0
41,59,20,50,4,3,0,0,0,0
41,60,926,1248,153,146,0,0,0,0
41,61,577,837,99,99,0,0,0,0
41,62,529,651,138,109,0,0,0,0
41,63,340,447,51,37,0,0,0,0
41,64,84,116,12,9,0,0,0,0
41,65,51,86,13,6,0,0,0,0
41,66,797,711,132,154,0,0,0,0
41,67,22,31,0,3,0,0,0,0
41,68,7,22,0,3,0,0,0,0
41,69,8,7,0,0,0,0,0,0
41,70,78,108,20,10,0,0,0,0
41,71,95,107,27,10,0,0,0,0
41,73,214,389,59,42,3,0,0,0
41,74,432,650,100,84,3,0,0,0
41,75,668,739,147,167,0,0,0,0
41,76,531,635,114,125,0,0,0,0
41,77,289,442,46,54,0,0,0,0
41,78,27,37,3,6,0,0,0,0
41,79,14,18,6,3,0,0,0,0
41,80,28,33,3,6,0,0,0,0
41,82,3,0,0,0,0,0,0,0
41,83,0,0,3,0,0,0,0,0
41,84,41,75,12,3,0,0,0,0
41,85,0,7,0,0,0,0,0,0
41,86,60,147,10,12,0,0,0,0
41,88,33,31,6,14,0,0,0,0
41,89,74,40,6,14,0,0,0,0
41,90,88,104,0,5,0,0,0,0
41,91,123,178,21,25,0,0,0,0
41,92,81,84,9,15,0,0,0,0
41,93,6,13,0,3,0,0,0,0
41,96,177,245,37,25,0,0,0,0
41,97,557,648,67,103,0,0,0,0
41,98,187,200,9,27,0,0,0,0
41,100,11,10,0,0,0,0,0,0
41,106,4,0,0,0,0,0,0,0
41,107,318,295,90,134,0,0,0,0
41,108,179,205,27,22,0,0,0,0
41,109,277,402,46,60,0,0,0,0
41,110,240,371,32,47,0,0,0,0
41,111,45,64,3,6,0,0,0,0
41,113,6,10,3,0,0,0,0,0
41,114,27,54,0,3,0,0,0,0
41,115,18,20,0,0,0,0,0,0
41,117,6,4,0,0,0,0,0,0
41,118,0,3,0,0,0,0,0,0
41,126,27,53,9,6,0,0,0,0
41,127,98,105,17,19,0,0,0,0
42,45,3,3,0,0,0,0,0,0
42,46,3,11,0,3,0,0,0,0
42,47,31,23,0,0,0,0,0,0
42,48,11,10,0,0,0,0,0,0
42,49,9,11,3,0,0,0,0,0
42,53,158,247,28,29,0,0,0,0
42,54,114,159,23,23,0,0,0,0
42,55,20,26,3,6,0,0,0,0
42,56,0,3,0,0,0,0,0,0
42,57,0,3,0,0,0,0,0,0
42,58,6,10,0,0,0,0,0,0
42,59,507,560,26,64,0,0,0,0
42,60,59,90,23,12,0,0,0,0
42,61,489,625,107,88,0,0,0,0
42,62,3,8,0,0,0,0,0,0
42,63,29,39,0,3,0,0,0,0
42,64,14,18,0,0,0,0,0,0
42,65,164,268,41,39,0,0,0,0
42,66,707,699,120,131,9,0,0,0
42,67,291,382,43,58,0,0,0,0
42,70,8,6,0,0,0,0,0,0
42,72,3,3,0,0,0,0,0,0
42,73,234,278,23,53,0,0,0,0
42,74,331,381,116,68,0,0,0,0
42,75,475,523,90,115,0,0,0,0
42,76,80,78,11,18,0,0,0,0
42,77,22,26,0,4,0,0,0,0
42,78,0,3,0,0,0,0,0,0
42,80,3,4,0,0,0,0,0,0
42,83,4,18,3,4,0,0,0,0
42,84,61,70,15,9,0,0,0,0
42,85,15,34,0,3,0,0,0,0
42,86,187,298,73,41,0,0,0,0
42,87,0,3,0,0,0,0,0,0
42,88,187,295,40,29,0,0,0,0
42,89,404,512,100,83,0,0,0,0
42,93,27,37,3,0,0,0,0,0
42,94,212,205,21,27,3,0,0,0
42,95,371,367,26,35,0,0,0,0
42,96,330,514,98,78,0,0,0,0
42,97,109,137,19,24,0,0,0,0
42,98,9,11,0,3,0,0,0,0
42,105,3,3,0,3,0,0,0,0
42,106,6,0,0,4,0,0,0,0
42,107,256,245,27,55,0,0,0,0
42,108,112,204,18,26,0,0,0,0
42,109,85,151,21,6,0,0,0,0
42,110,33,49,3,6,0,0,0,0
42,111,0,3,0,0,0,0,0,0
42,112,16,19,0,0,0,0,0,0
42,113,14,28,3,0,0,0,0,0
42,114,93,87,6,6,0,0,0,0
42,115,118,159,13,26,0,0,0,0
42,120,16,28,0,3,0,0,0,0
42,123,7,7,0,0,0,0,0,0
42,124,0,3,0,0,0,0,0,0
42,126,71,107,15,10,0,0,0,0
42,127,61,103,15,9,0,0,0,0
43,47,41,68,6,9,0,0,0,0
43,48,3,6,0,0,0,0,0,0
43,49,8,10,0,0,0,0,0,0
43,52,4,12,3,0,0,0,0,0
43,53,238,373,29,30,3,0,0,0
43,54,26,35,4,6,0,0,0,0
43,55,19,25,0,0,0,0,0,0
43,56,4,3,0,0,0,0,0,0
43,57,72,96,3,12,0,0,0,0
43,58,490,670,54,84,0,0,0,0
43,59,420,433,24,18,0,0,0,0
43,60,421,383,31,59,0,0,0,0
43,61,174,238,33,23,0,0,0,0
43,62,22,15,0,0,3,0,0,0
43,64,3,4,0,0,0,0,0,0
43,65,456,677,76,94,0,0,0,0
43,66,529,612,122,115,0,0,0,0
43,67,755,852,130,150,0,0,0,0
43,68,124,207,15,16,0,0,0,0
43,70,182,200,32,24,0,0,0,0
43,71,88,102,9,7,0,0,0,0
43,72,0,3,0,0,0,0,0,0
43,73,71,120,13,16,0,0,0,0
43,74,183,250,36,54,0,0,0,0
43,75,26,27,0,13,3,0,0,0
43,81,0,3,0,0,0,0,0,0
43,82,23,33,3,0,0,0,0,0
43,83,52,98,20,14,0,0,0,0
43,84,94,180,42,27,0,0,0,0
43,85,8,8,0,3,0,0,0,0
43,86,0,4,0,0,0,0,0,0
43,88,95,84,62,13,0,0,0,0
43,89,69,109,25,12,0,0,0,0
43,93,3,3,0,0,0,0,0,0
43,94,196,213,3,30,0,0,0,0
43,95,410,655,86,72,0,0,0,0
43,96,260,320,43,40,0,0,0,0
43,97,136,163,18,19,0,0,0,0
43,99,6,11,3,0,0,0,0,0
43,100,3,3,0,0,0,0,0,0
43,102,0,5,0,0,0,0,0,0
43,104,4,6,0,0,0,0,0,0
43,107,199,226,15,29,0,0,0,0
43,108,0,3,0,0,0,0,0,0
43,109,11,9,56,5,0,0,0,0
43,110,6,7,0,0,0,0,0,0
43,113,7,23,0,0,0,0,0,0
43,120,78,135,15,16,0,0,0,0
43,121,29,40,6,3,0,0,0,0
43,123,9,6,0,0,0,0,0,0
43,126,110,151,27,12,0,0,0,0
43,127,60,134,8,3,0,0,0,0
44,35,3,18,0,5,0,0,0,0
44,46,155,206,31,22,0,0,0,0
44,47,103,173,18,12,0,0,0,0
44,48,11,19,3,0,0,0,0,0
44,49,46,107,15,6,0,0,0,0
44,51,0,3,0,0,0,0,0,0
44,52,46,77,0,6,0,0,0,0
44,53,28,40,7,0,0,0,0,0
44,54,47,59,4,8,0,0,0,0
44,55,0,3,0,0,0,0,0,0
44,56,21,31,0,3,0,0,0,0
44,57,15,48,3,5,0,0,0,0
44,58,337,601,81,100,0,0,0,0
44,59,482,608,165,110,0,0,0,0
44,60,455,513,76,91,0,0,0,0
44,61,133,191,39,22,0,0,0,0
44,62,3,7,0,0,0,0,0,0
44,65,321,453,57,48,0,0,0,0
44,66,557,619,113,120,0,0,0,0
44,67,509,556,97,108,3,0,0,0
44,68,153,211,14,35,3,0,0,0
44,69,88,126,13,6,0,0,0,0
44,70,426,561,60,72,0,0,0,0
44,71,40,63,10,6,0,0,0,0
44,72,0,6,0,0,0,0,0,0
44,73,6,15,0,0,0,0,0,0
44,74,272,362,41,55,0,0,0,0
44,75,207,285,44,44,0,0,0,0
44,76,68,96,12,15,0,0,0,0
44,77,29,36,13,4,0,0,0,0
44,80,68,109,7,6,0,0,0,0
44,81,3,3,0,0,0,0,0,0
44,82,3,4,0,0,0,0,0,0
44,83,217,411,103,44,0,0,0,0
44,84,215,365,69,50,0,0,0,0
44,85,11,23,3,3,0,0,0,0
44,86,35,36,6,7,0,0,0,0
44,87,43,51,0,3,0,0,0,0
44,88,285,347,36,31,0,0,0,0
44,89,349,317,46,44,0,0,0,0
44,90,3,7,0,0,0,0,0,0
44,95,130,233,26,14,0,0,0,0
44,96,60,85,10,12,0,0,0,0
44,97,3,0,0,0,0,0,0,0
44,98,6,3,0,0,0,0,0,0
44,106,8,4,3,9,0,0,0,0
44,107,15,4,3,9,0,0,0,0
44,108,5,4,0,3,0,0,0,0
44,109,30,55,6,0,0,0,0,0
44,110,62,83,6,10,0,0,0,0
44,118,3,6,0,0,0,0,0,0
44,119,7,3,3,0,0,0,0,0
44,120,9,15,0,0,0,0,0,0
44,121,11,9,0,0,0,0,0,0
44,123,3,3,0,0,0,0,0,0
44,124,70,94,0,3,0,0,0,0
44,125,18,29,6,3,0,0,0,0
44,126,154,179,16,24,0,0,0,0
44,127,341,370,46,63,0,0,0,0
45,32,3,3,0,0,0,0,0,0
45,35,27,33,0,0,0,0,0,0
45,36,28,38,6,6,0,0,0,0
45,45,16,19,0,3,0,0,0,0
45,46,10,16,0,0,0,0,0,0
45,48,4,12,0,3,0,0,0,0
45,49,317,473,41,33,0,0,0,0
45,50,118,204,27,18,0,0,0,0
45,51,3,8,0,0,0,0,0,0
45,52,6,6,0,0,0,0,0,0
45,53,0,7,0,0,0,0,0,0
45,54,235,278,9,20,0,0,0,0
45,55,257,418,49,30,0,0,0,0
45,56,12,13,0,3,0,0,0,0
45,58,340,514,93,82,3,0,0,0
45,59,299,401,78,67,3,0,0,0
45,60,379,488,121,121,3,0,0,0
45,61,470,661,63,91,0,0,0,0
45,62,68,86,15,23,0,0,0,0
45,65,231,234,25,19,0,0,0,0
45,66,391,421,64,61,0,0,0,0
45,67,0,3,0,0,0,0,0,0
45,68,9,9,3,0,0,0,0,0
45,69,413,430,22,47,0,0,0,0
45,70,133,120,10,16,0,0,0,0
45,72,0,3,0,0,0,0,0,0
45,73,3,3,0,0,0,0,0,0
45,74,30,36,0,7,0,0,0,0
45,75,287,339,41,58,0,0,0,0
45,76,349,434,117,85,0,0,0,0
45,77,225,332,51,51,0,0,0,0
45,79,6,20,6,6,0,0,0,0
45,80,135,215,18,14,0,0,0,0
45,81,31,35,3,12,0,0,0,0
45,83,73,116,12,6,0,0,0,0
45,84,84,133,22,24,0,0,0,0
45,85,344,501,105,65,3,0,0,0
45,86,409,504,86,91,3,0,0,0
45,87,412,430,49,69,0,0,0,0
45,88,747,767,103,122,0,0,0,0
45,89,443,595,61,72,0,0,0,0
45,96,0,3,0,0,0,0,0,0
45,98,8,11,0,0,0,0,0,0
45,102,7,10,0,0,0,0,0,0
45,103,71,106,12,9,0,0,0,0
45,109,7,25,3,3,0,0,0,0
45,110,102,158,28,17,0,0,0,0
45,111,29,56,12,6,0,0,0,0
45,112,12,13,3,0,0,0,0,0
45,122,38,94,3,12,0,0,0,0
45,123,55,74,9,6,0,0,0,0
45,124,348,385,70,59,0,0,0,0
45,125,165,221,78,34,3,0,0,0
45,127,46,91,12,16,0,0,0,0
46,9,6,19,0,0,0,0,0,0
46,10,0,3,0,3,0,0,0,0
46,13,0,4,0,0,0,0,0,0
46,15,3,3,0,0,0,0,0,0
46,16,6,3,0,0,0,0,0,0
46,17,3,3,0,0,0,0,0,0
46,18,4,3,3,0,0,0,0,0
46,32,0,6,0,0,0,0,0,0
46,33,31,41,5,4,0,0,0,0
46,34,31,47,6,0,0,0,0,0
46,35,43,75,3,14,0,0,0,0
46,36,105,121,9,13,0,0,0,0
46,37,61,68,6,17,0,0,0,0
46,38,16,21,0,0,0,0,0,0
46,45,0,6,0,0,0,0,0,0
46,47,21,30,3,0,0,0,0,0
46,48,49,75,15,10,0,0,0,0
46,49,210,243,114,52,0,0,0,0
46,50,413,495,67,75,0,0,0,0
46,51,376,401,40,55,0,0,0,0
46,52,3,8,0,0,0,0,0,0
46,53,4,0,0,0,0,0,0,0
46,54,220,297,36,40,0,0,0,0
46,55,195,259,107,55,0,0,0,0
46,56,8,10,0,3,0,0,0,0
46,57,6,7,0,0,0,0,0,0
46,58,24,40,0,8,0,0,0,0
46,59,240,357,65,37,0,0,0,0
46,60,303,363,57,69,0,0,0,0
46,61,82,138,9,13,0,0,0,0
46,65,34,40,9,0,0,0,0,0
46,66,548,715,79,67,0,0,0,0
46,67,6,20,3,0,0,0,0,0
46,69,0,10,0,0,0,0,0,0
46,73,7,7,0,0,0,0,0,0
46,75,81,108,6,11,0,0,0,0
46,76,299,552,79,59,0,0,0,0
46,77,204,254,49,56,0,0,0,0
46,78,36,57,13,3,0,0,0,0
46,83,6,4,3,0,0,0,0,0
46,84,6,12,0,0,0,0,0,0
46,85,360,587,131,93,0,0,0,0
46,86,297,426,101,64,0,0,0,0
46,87,262,279,58,61,0,0,0,0
46,88,748,680,86,172,3,0,0,0
46,89,510,609,112,130,0,0,0,0
46,90,9,18,3,0,0,0,0,0
46,98,150,237,37,25,0,0,0,0
46,99,35,63,3,3,0,0,0,0
46,103,121,169,15,29,0,0,0,0
46,104,52,98,3,13,0,0,0,0
46,108,0,3,0,0,0,0,0,0
46,109,0,3,0,0,0,0,0,0
46,110,0,3,0,0,0,0,0,0
46,111,4,14,0,0,0,0,0,0
46,114,3,4,0,0,0,0,0,0
46,116,0,4,0,0,0,0,0,0
46,117,12,20,0,0,0,0,0,0
46,120,3,3,0,0,0,0,0,0
46,122,0,3,3,0,0,0,0,0
46,123,18,22,3,7,0,0,0,0
46,124,262,409,51,32,3,0,0,0
46,125,312,398,43,43,0,0,0,0
46,126,36,35,3,6,0,0,0,0
47,8,0,3,0,0,0,0,0,0
47,9,0,9,0,0,0,0,0,0
47,13,0,3,0,0,0,0,0,0
47,15,7,23,0,3,0,0,0,0
47,17,14,11,0,0,0,0,0,0
47,18,9,21,3,0,0,0,0,0
47,34,38,81,0,13,0,0,0,0
47,35,166,245,29,13,0,0,0,0
47,36,294,313,70,51,0,0,0,0
47,37,73,106,3,6,0,0,0,0
47,39,7,7,0,0,0,0,0,0
47,47,10,22,6,0,0,0,0,0
47,48,19,32,11,6,0,0,0,0
47,50,105,135,21,12,0,0,0,0
47,51,165,297,38,30,3,0,0,0
47,52,3,0,0,0,0,0,0,0
47,53,8,11,0,3,0,0,0,0
47,54,72,66,10,24,0,0,0,0
47,55,197,206,32,28,0,0,0,0
47,56,43,65,3,7,0,0,0,0
47,57,50,72,5,12,0,0,0,0
47,60,133,206,14,20,0,0,0,0
47,61,5,9,0,0,0,0,0,0
47,64,0,4,0,3,0,0,0,0
47,65,0,3,0,0,0,0,0,0
47,66,90,95,19,6,0,0,0,0
47,68,3,4,0,0,0,0,0,0
47,73,3,4,0,0,0,0,0,0
47,76,5,6,0,0,0,0,0,0
47,77,3,3,0,0,0,0,0,0
47,78,69,125,19,15,3,0,0,0
47,79,166,197,25,22,0,0,0,0
47,80,67,90,13,9,0,0,0,0
47,81,28,68,3,0,0,0,0,0
47,82,7,22,3,0,0,0,0,0
47,83,3,6,0,0,0,0,0,0
47,85,35,25,4,9,0,0,0,0
47,86,245,416,107,75,0,0,0,0
47,87,659,835,152,101,0,0,0,0
47,88,264,289,43,61,3,0,0,0
47,89,78,113,21,17,0,0,0,0
47,90,158,207,28,28,0,0,0,0
47,93,87,149,22,18,0,0,0,0
47,94,304,482,80,46,0,0,0,0
47,95,152,202,40,20,0,0,0,0
47,96,56,107,12,6,0,0,0,0
47,97,3,0,0,3,0,0,0,0
47,98,253,328,34,36,0,0,0,0
47,99,116,170,14,6,0,0,0,0
47,104,80,98,9,15,0,0,0,0
47,105,92,140,15,10,0,0,0,0
47,107,4,29,0,0,0,0,0,0
47,108,138,181,18,17,0,0,0,0
47,109,0,3,0,0,0,0,0,0
47,113,6,12,0,0,0,0,0,0
47,114,27,35,9,3,0,0,0,0
47,115,36,48,6,3,0,0,0,0
47,116,14,25,3,3,0,0,0,0
47,123,0,4,0,0,0,0,0,0
47,124,6,12,0,0,0,0,0,0
47,125,43,48,3,6,0,0,0,0
47,127,90,144,17,17,0,0,0,0
48,7,3,0,0,0,0,0,0,0
48,8,44,39,0,6,0,0,0,0
48,9,6,13,0,3,0,0,0,0
48,11,31,52,6,6,0,0,0,0
48,15,0,3,0,0,0,0,0,0
48,16,26,34,0,0,0,0,0,0
48,17,29,47,6,0,0,0,0,0
48,18,58,90,9,0,0,0,0,0
48,19,4,8,0,0,0,0,0,0
48,33,8,15,0,0,0,0,0,0
48,34,86,125,9,4,0,0,0,0
48,35,58,94,6,9,0,0,0,0
48,36,119,175,9,11,0,0,0,0
48,37,137,193,22,29,0,0,0,0
48,38,5,19,7,3,0,0,0,0
48,44,6,12,0,3,0,0,0,0
48,47,3,4,0,0,0,0,0,0
48,49,3,3,0,0,0,0,0,0
48,50,77,121,15,15,0,0,0,0
48,51,67,82,13,11,0,0,0,0
48,52,11,14,3,0,0,0,0,0
48,53,8,7,0,0,0,0,0,0
48,54,12,17,0,0,0,0,0,0
48,55,17,11,6,3,0,0,0,0
48,57,13,8,0,0,0,0,0,0
48,58,56,63,6,8,0,0,0,0
48,59,6,3,0,0,0,0,0,0
48,60,94,147,20,6,0,0,0,0
48,61,3,8,0,0,0,0,0,0
48,65,21,14,6,6,0,0,0,0
48,67,0,4,0,0,0,0,0,0
48,70,0,3,0,0,0,0,0,0
48,73,0,3,0,0,0,0,0,0
48,78,4,6,0,0,0,0,0,0
48,79,116,155,22,24,0,0,0,0
48,80,52,69,18,17,0,0,0,0
48,81,136,264,35,27,0,0,0,0
48,82,263,432,69,31,0,0,0,0
48,83,54,95,9,7,0,0,0,0
48,84,19,25,4,10,0,0,0,0
48,85,7,11,0,0,0,0,0,0
48,86,102,138,12,27,0,0,0,0
48,87,558,650,113,146,0,0,0,0
48,88,375,435,51,103,0,0,0,0
48,91,0,3,0,0,0,0,0,0
48,92,139,199,25,15,0,0,0,0
48,93,396,569,93,56,0,0,0,0
48,94,499,697,95,103,3,0,0,0
48,95,471,573,91,75,6,0,0,0
48,96,256,332,47,38,0,0,0,0
48,97,18,25,0,0,0,0,0,0
48,98,22,31,0,0,0,0,0,0
48,99,3,3,0,0,0,0,0,0
48,104,154,207,31,45,0,0,0,0
48,105,50,62,9,4,0,0,0,0
48,106,0,3,0,0,0,0,0,0
48,107,11,19,0,0,0,0,0,0
48,108,55,74,12,9,0,0,0,0
48,109,12,16,0,0,0,0,0,0
48,112,11,17,0,0,0,0,0,0
48,113,33,50,3,3,0,0,0,0
48,114,3,0,0,0,0,0,0,0
48,116,46,67,14,6,0,0,0,0
48,117,12,11,3,4,0,0,0,0
48,118,4,6,0,0,0,0,0,0
48,119,17,26,3,3,0,0,0,0
48,121,0,3,0,0,0,0,0,0
48,123,33,51,6,6,0,0,0,0
48,124,41,76,6,9,0,0,0,0
48,126,0,6,3,0,0,0,0,0
48,127,49,30,3,9,0,0,0,0
49,7,36,55,16,9,0,0,0,0
49,8,53,77,36,10,0,0,0,0
49,9,22,46,3,0,0,0,0,0
49,10,39,64,12,9,0,0,0,0
49,11,72,104,6,19,0,0,0,0
49,16,13,24,0,3,0,0,0,0
49,17,71,88,9,14,0,0,0,0
49,18,84,116,0,15,0,0,0,0
49,19,41,52,9,7,0,0,0,0
49,33,0,3,0,0,0,0,0,0
49,34,48,72,0,9,0,0,0,0
49,35,88,147,12,6,0,0,0,0
49,36,110,168,15,18,0,0,0,0
49,37,104,151,23,17,0,0,0,0
49,38,65,81,6,7,0,0,0,0
49,39,3,0,0,3,0,0,0,0
49,43,36,55,0,6,0,0,0,0
49,44,59,91,6,15,0,0,0,0
49,49,7,8,0,0,0,0,0,0
49,50,64,114,15,18,0,0,0,0
49,51,53,69,6,7,0,0,0,0
49,53,7,12,0,0,0,0,0,0
49,56,8,17,0,3,0,0,0,0
49,57,103,151,21,19,0,0,0,0
49,58,5,23,0,3,0,0,0,0
49,60,7,18,0,0,0,0,0,0
49,64,14,13,0,6,0,0,0,0
49,66,74,90,14,17,0,0,0,0
49,70,3,6,0,0,0,0,0,0
49,76,6,6,0,6,0,0,0,0
49,77,0,3,0,0,0,0,0,0
49,79,45,60,6,9,0,0,0,0
49,80,43,34,3,18,0,0,0,0
49,81,140,221,49,23,0,0,0,0
49,82,66,106,28,16,0,0,0,0
49,83,357,509,82,69,0,0,0,0
49,84,476,515,97,114,0,0,0,0
49,85,356,348,100,86,0,0,0,0
49,86,3,3,0,0,0,0,0,0
49,87,106,104,11,21,0,0,0,0
49,88,11,20,0,6,0,0,0,0
49,91,119,164,16,12,0,0,0,0
49,92,372,579,58,38,0,0,0,0
49,93,425,553,84,61,0,0,0,0
49,94,395,446,105,75,0,0,0,0
49,95,431,585,74,72,0,0,0,0
49,96,394,535,43,38,0,0,0,0
49,97,0,3,0,0,0,0,0,0
49,99,0,4,0,0,0,0,0,0
49,101,46,83,3,3,0,0,0,0
49,102,32,56,3,0,3,0,0,0
49,104,34,40,6,7,0,0,0,0
49,105,10,20,0,0,0,0,0,0
49,113,88,153,19,12,0,0,0,0
49,114,16,27,3,3,0,0,0,0
49,115,33,48,3,12,0,0,0,0
49,116,14,25,10,0,0,0,0,0
49,118,58,82,6,7,0,0,0,0
49,119,193,284,33,27,0,0,0,0
49,120,6,10,3,0,0,0,0,0
49,121,38,63,11,5,0,0,0,0
49,122,62,70,14,9,0,0,0,0
49,123,135,194,24,14,0,0,0,0
49,124,147,191,30,12,0,0,0,0
49,125,27,37,0,12,0,0,0,0
49,126,27,35,0,9,0,0,0,0
49,127,3,3,0,0,0,0,0,0
50,3,0,3,0,3,0,0,0,0
50,5,15,18,3,0,0,0,0,0
50,6,36,66,6,7,0,0,0,0
50,7,20,31,8,3,0,0,0,0
50,8,99,117,19,9,0,0,0,0
50,9,113,143,27,6,0,0,0,0
50,10,21,48,0,3,0,0,0,0
50,11,17,37,3,3,0,0,0,0
50,12,3,3,0,0,0,0,0,0
50,17,25,44,3,3,0,0,0,0
50,18,69,106,12,9,0,0,0,0
50,19,77,113,3,25,3,0,0,0
50,20,15,23,5,0,0,0,0,0
50,21,3,3,0,0,0,0,0,0
50,33,15,21,3,3,0,0,0,0
50,34,115,143,3,16,0,0,0,0
50,35,161,251,25,15,0,0,0,0
50,36,166,249,24,23,0,0,0,0
50,37,18,16,0,0,0,0,0,0
50,38,27,39,3,9,0,0,0,0
50,43,14,26,4,3,0,0,0,0
50,44,165,225,35,24,0,0,0,0
50,45,69,120,12,15,0,0,0,0
50,46,4,4,0,0,0,0,0,0
50,50,6,7,3,0,0,0,0,0
50,52,5,6,0,0,0,0,0,0
50,53,3,6,0,0,0,0,0,0
50,54,28,18,7,6,0,0,0,0
50,55,99,109,15,17,0,0,0,0
50,56,26,40,11,6,0,0,0,0
50,57,24,38,9,0,0,0,0,0
50,58,35,83,3,3,0,0,0,0
50,59,11,14,3,0,0,0,0,0
50,60,23,54,3,3,0,0,0,0
50,61,9,19,0,0,0,0,0,0
50,62,7,13,0,0,0,0,0,0
50,63,31,37,6,8,0,0,0,0
50,64,7,5,0,0,0,0,0,0
50,65,3,3,0,0,0,0,0,0
50,66,262,394,73,62,0,0,0,0
50,67,88,165,24,11,0,0,0,0
50,73,4,4,0,0,0,0,0,0
50,76,3,8,0,0,0,0,0,0
50,77,3,3,0,0,0,0,0,0
50,82,78,93,6,6,0,0,0,0
50,83,417,544,115,75,3,0,0,0
50,84,363,498,81,58,0,0,0,0
50,85,329,360,46,50,0,0,0,0
50,86,27,30,0,6,0,0,0,0
50,91,27,45,4,0,0,0,0,0
50,92,61,106,18,9,0,0,0,0
50,93,42,65,0,0,0,0,0,0
50,94,86,153,12,9,0,0,0,0
50,95,468,456,38,41,0,0,0,0
50,96,457,650,61,78,0,0,0,0
50,98,6,7,3,0,0,0,0,0
50,99,172,271,23,17,0,0,0,0
50,100,127,211,23,22,0,0,0,0
50,101,23,34,3,0,0,0,0,0
50,102,19,36,3,0,0,0,0,0
50,105,4,12,0,3,0,0,0,0
50,110,9,8,0,0,0,0,0,0
50,111,63,92,12,17,0,0,0,0
50,112,44,86,10,11,0,0,0,0
50,113,39,63,6,0,0,0,0,0
50,114,106,150,6,10,0,0,0,0
50,115,3,0,0,3,0,0,0,0
50,116,27,19,3,4,0,0,0,0
50,118,70,75,15,13,0,0,0,0
50,119,29,49,3,0,0,0,0,0
50,121,28,52,7,6,0,0,0,0
50,122,16,30,0,6,0,0,0,0
50,125,7,18,3,0,0,0,0,0
51,5,9,17,6,0,0,0,0,0
51,6,33,37,12,0,0,0,0,0
51,7,10,31,0,3,0,0,0,0
51,8,30,22,6,3,0,0,0,0
51,9,17,11,0,0,0,0,0,0
51,10,0,3,0,0,0,0,0,0
51,11,3,3,0,0,0,0,0,0
51,12,3,6,0,0,0,0,0,0
51,16,0,3,0,0,0,0,0,0
51,17,3,4,3,0,0,0,0,0
51,18,9,16,0,0,0,0,0,0
51,19,81,96,12,14,0,0,0,0
51,20,43,83,3,9,0,0,0,0
51,21,7,16,0,3,0,0,0,0
51,33,6,3,0,0,0,0,0,0
51,34,39,54,0,3,0,0,0,0
51,35,46,50,6,7,0,0,0,0
51,36,4,4,3,0,0,0,0,0
51,44,184,237,15,21,0,0,0,0
51,45,65,119,12,9,0,0,0,0
51,46,6,14,0,0,0,0,0,0
51,47,37,68,6,3,0,0,0,0
51,49,3,6,0,0,0,0,0,0
51,50,103,131,10,15,0,0,0,0
51,51,153,223,25,29,0,0,0,0
51,52,127,212,9,17,0,0,0,0
51,53,0,3,0,0,0,0,0,0
51,54,178,340,28,44,0,0,0,0
51,55,465,584,70,66,0,0,0,0
51,56,263,380,57,56,0,0,0,0
51,57,0,8,0,0,0,0,0,0
51,58,0,3,0,0,0,0,0,0
51,59,107,140,36,34,0,0,0,0
51,60,201,284,29,50,0,0,0,0
51,61,54,88,9,11,0,0,0,0
51,62,36,48,3,6,0,0,0,0
51,63,259,350,63,52,0,0,0,0
51,64,686,681,124,155,0,0,0,0
51,65,143,231,28,34,0,0,0,0
51,66,84,82,5,11,3,0,0,0
51,67,446,594,94,69,0,0,0,0
51,68,168,222,43,58,0,0,0,0
51,74,4,4,0,3,0,0,0,0
51,76,0,6,0,0,0,0,0,0
51,78,44,97,6,3,0,0,0,0
51,81,4,12,5,0,0,0,0,0
51,82,123,245,37,29,0,0,0,0
51,83,333,386,131,106,3,0,0,0
51,84,306,393,41,42,0,0,0,0
51,85,397,545,68,107,0,0,0,0
51,86,211,290,85,40,0,0,0,0
51,87,16,14,3,3,0,0,0,0
51,89,17,21,3,3,0,0,0,0
51,90,117,153,25,12,0,0,0,0
51,95,144,136,3,20,0,0,0,0
51,96,131,166,12,19,0,0,0,0
51,97,311,387,54,54,0,0,0,0
51,98,211,250,26,19,0,0,0,0
51,99,65,117,13,9,0,0,0,0
51,100,28,41,0,0,0,0,0,0
51,104,23,21,3,0,0,0,0,0
51,105,18,45,0,0,0,0,0,0
51,111,32,50,3,7,0,0,0,3
51,112,18,28,6,6,0,0,0,0
51,113,8,11,0,0,0,0,0,0
51,114,109,149,31,8,0,0,0,0
51,115,40,58,6,0,0,0,0,0
51,117,0,7,0,0,0,0,0,0
51,118,90,124,9,3,0,0,0,0
51,120,57,90,9,6,0,0,0,0
52,10,0,3,0,0,0,0,0,0
52,15,13,12,0,4,0,0,0,0
52,16,26,71,9,6,0,0,0,0
52,17,57,87,10,9,0,0,0,0
52,18,31,27,3,0,0,0,0,0
52,19,10,11,3,0,0,0,0,0
52,20,5,0,0,0,0,0,0,0
52,21,6,6,0,0,0,0,0,0
52,22,3,7,0,0,0,0,0,0
52,44,13,20,0,0,0,0,0,0
52,45,0,6,0,0,0,0,0,0
52,46,3,3,0,0,0,0,0,0
52,47,16,36,3,3,0,0,0,0
52,48,7,9,3,3,0,0,0,0
52,49,6,6,0,0,0,0,0,0
52,50,76,105,79,18,0,0,0,0
52,51,5,13,0,0,0,0,0,0
52,52,3,3,0,0,0,0,0,0
52,54,84,103,6,12,0,0,0,0
52,55,297,374,67,58,3,0,0,0
52,56,144,273,30,30,0,0,0,0
52,57,10,39,6,4,0,0,0,0
52,59,146,193,39,40,0,0,0,0
52,60,420,558,116,94,0,0,0,0
52,61,539,642,99,120,0,0,0,0
52,62,437,732,192,98,0,0,0,0
52,63,415,550,89,75,3,0,0,0
52,64,257,298,32,41,0,0,0,0
52,65,0,11,0,0,0,0,0,0
52,66,192,222,29,39,0,0,0,0
52,67,284,306,48,77,0,0,0,0
52,68,59,43,3,10,0,0,0,0
52,69,8,10,0,3,0,0,0,0
52,71,0,3,0,0,0,0,0,0
52,73,7,7,0,3,0,0,0,0
52,74,3,4,0,0,0,0,0,0
52,78,192,299,49,29,0,0,0,0
52,79,11,18,0,0,0,0,0,0
52,81,21,33,4,0,0,0,0,0
52,82,175,283,32,21,3,0,0,0
52,83,91,163,19,11,0,0,0,0
52,84,364,436,28,39,0,0,0,0
52,85,471,584,80,89,0,0,0,0
52,86,469,564,51,79,0,0,0,0
52,87,150,228,27,43,0,0,0,0
52,89,0,11,0,0,0,0,0,0
52,90,19,22,3,3,0,0,0,0
52,94,3,3,0,0,0,0,0,0
52,96,112,114,3,6,0,0,0,0
52,97,388,538,67,41,0,0,0,0
52,98,446,532,143,73,0,0,0,0
52,99,543,616,57,33,0,0,0,0
52,101,38,57,3,3,0,0,0,0
52,120,6,4,0,0,0,0,0,0
52,125,0,3,0,0,0,0,0,0
52,127,8,9,3,10,0,0,0,0
53,12,0,3,0,0,0,0,0,0
53,14,8,16,0,0,0,0,0,0
53,15,89,91,80,27,0,0,0,0
53,16,137,145,32,45,0,0,0,0
53,17,10,10,0,6,0,0,0,0
53,18,0,9,0,0,0,0,0,0
53,19,3,6,0,0,0,0,0,0
53,20,0,3,0,0,0,0,0,0
53,32,7,3,0,0,0,0,0,0
53,44,3,6,0,0,0,0,0,0
53,48,3,0,0,0,0,0,0,0
53,52,3,0,0,0,0,0,0,0
53,54,10,12,3,0,0,0,0,0
53,55,119,133,20,28,0,0,0,0
53,56,66,101,9,17,0,0,0,0
53,58,3,3,0,3,0,0,0,0
53,59,110,140,11,20,0,0,0,0
53,60,245,370,53,41,0,0,0,0
53,61,306,299,45,78,0,0,0,0
53,62,335,432,50,66,0,0,0,0
53,63,388,516,62,63,0,0,0,0
53,64,510,470,105,112,0,0,0,0
53,65,511,517,100,156,0,0,0,0
53,66,742,671,84,106,0,0,0,0
53,67,283,282,56,53,0,0,0,0
53,68,97,106,14,23,0,0,0,0
53,69,3,4,0,0,0,0,0,0
53,75,0,3,0,0,0,0,0,0
53,78,23,32,0,3,0,0,0,0
53,80,45,62,0,0,0,0,0,0
53,81,15,17,0,3,0,0,0,0
53,83,258,306,33,31,3,0,0,0
53,84,308,412,29,41,0,0,0,0
53,85,98,160,12,17,0,0,0,0
53,86,148,169,27,31,0,0,0,0
53,87,7,6,0,0,0,0,0,0
53,96,3,6,0,0,0,0,0,0
53,97,95,209,29,14,0,0,0,0
53,98,455,603,91,82,0,0,0,0
53,99,117,222,61,29,0,0,0,0
53,101,108,153,18,6,0,0,0,0
53,102,0,3,0,0,0,0,0,0
53,110,0,3,0,0,0,0,0,0
53,113,46,53,0,0,0,0,0,0
53,114,124,170,21,36,0,0,0,0
53,125,3,3,0,0,0,0,0,0
53,127,154,202,13,32,0,0,0,0
54,11,14,14,0,3,0,0,0,0
54,12,41,61,6,7,0,0,0,0
54,13,43,64,20,9,0,0,0,0
54,14,19,31,3,12,0,0,0,0
54,15,9,20,0,3,0,0,0,0
54,16,24,38,6,6,0,0,0,0
54,17,12,14,0,0,0,0,0,0
54,18,26,30,0,7,0,0,0,0
54,20,0,3,0,0,0,0,0,0
54,23,3,11,0,0,0,0,0,0
54,24,55,57,4,6,0,0,0,0
54,25,3,10,0,0,0,0,0,0
54,53,11,21,0,3,0,0,0,0
54,54,6,9,0,0,0,0,0,0
54,56,115,126,26,17,0,0,0,0
54,61,3,8,0,0,0,0,0,0
54,62,208,209,22,43,0,0,0,0
54,63,803,691,124,208,0,0,0,0
54,64,266,231,63,66,0,0,0,0
54,65,304,334,48,54,0,0,0,0
54,66,490,453,62,59,0,0,0,0
54,67,242,337,47,43,0,0,0,0
54,68,27,43,3,6,0,0,0,0
54,69,19,19,3,12,0,0,0,0
54,74,3,3,0,0,0,0,0,0
54,75,31,49,7,6,0,0,0,0
54,76,3,3,0,0,0,0,0,0
54,79,33,22,52,15,0,0,0,0
54,80,258,349,49,41,0,0,0,0
54,81,131,192,12,17,0,0,0,0
54,83,72,87,11,13,0,0,0,0
54,84,94,104,22,13,0,0,0,0
54,86,0,6,3,0,0,0,0,0
54,91,91,156,18,13,0,0,0,0
54,92,127,180,32,37,0,0,0,0
54,98,7,6,0,0,0,0,0,0
54,105,35,59,3,3,0,0,0,0
54,106,67,99,11,3,0,0,0,0
54,107,13,16,0,0,0,0,0,0
54,111,3,3,0,0,0,0,0,0
54,113,59,63,3,3,0,0,0,0
54,114,211,239,34,47,0,0,0,0
54,121,0,3,0,0,0,0,0,0
54,122,170,270,44,22,0,0,0,0
54,123,303,515,75,39,3,0,0,0
54,124,23,36,6,0,0,0,0,0
54,127,3,0,0,0,0,0,0,0
55,9,6,17,0,0,0,0,0,0
55,10,38,102,12,7,0,0,0,0
55,11,109,143,16,11,0,0,0,0
55,12,86,136,13,3,0,0,0,0
55,13,46,22,0,3,0,0,0,0
55,16,13,20,0,3,0,0,0,0
55,17,43,54,3,0,0,0,0,0
55,18,10,15,0,0,0,0,0,0
55,20,27,22,0,0,0,0,0,0
55,22,84,85,15,18,0,0,0,0
55,23,122,191,9,15,0,0,0,0
55,24,90,127,3,12,0,0,0,0
55,25,85,84,9,11,0,0,0,0
55,26,0,6,0,0,0,0,0,0
55,50,0,0,0,3,0,0,0,0
55,53,0,3,0,0,0,0,0,0
55,56,131,216,35,23,0,0,0,0
55,57,42,43,4,0,0,0,0,0
55,59,0,3,0,0,0,0,0,0
55,60,7,21,4,0,0,0,0,0
55,61,6,8,6,0,0,0,0,0
55,62,4,9,0,0,0,0,0,0
55,63,222,248,40,61,0,0,0,0
55,64,110,186,29,24,0,0,0,0
55,65,252,330,56,71,0,0,0,0
55,66,287,466,70,81,0,0,0,0
55,67,34,48,10,0,0,0,0,0
55,68,4,3,0,0,0,0,0,0
55,69,95,155,16,25,0,0,0,0
55,70,102,164,18,16,0,0,0,0
55,71,11,18,6,5,0,0,0,0
55,72,33,43,9,4,0,0,0,0
55,73,0,3,0,0,0,0,0,0
55,74,19,19,4,0,0,0,0,0
55,75,240,326,50,45,0,0,0,0
55,76,3,10,0,0,0,0,0,0
55,77,3,3,0,0,0,0,0,0
55,78,25,24,7,0,0,0,0,0
55,79,110,206,15,29,0,0,0,0
55,80,104,127,11,10,3,0,0,0
55,81,0,3,0,0,0,0,0,0
55,91,73,92,18,19,0,0,0,0
55,92,313,389,69,79,0,0,0,0
55,93,164,222,29,21,0,0,0,0
55,105,76,122,13,11,0,0,0,0
55,106,122,227,74,21,0,0,0,0
55,114,32,48,6,3,0,0,0,0
55,116,3,4,0,0,0,0,0,0
55,121,81,65,0,8,0,0,0,0
55,122,164,226,26,24,0,0,0,0
55,123,331,426,62,68,0,0,0,0
55,124,82,118,19,9,0,0,0,0
55,125,106,202,20,19,0,0,0,0
55,126,16,49,0,0,0,0,0,0
56,9,70,94,9,12,0,0,0,0
56,10,55,90,3,3,0,0,0,0
56,11,46,67,8,6,0,0,0,0
56,15,0,3,0,0,0,0,0,0
56,17,10,10,0,3,0,0,0,0
56,18,25,37,0,0,0,0,0,0
56,19,144,187,45,38,0,0,0,0
56,20,98,143,21,25,0,0,0,0
56,21,29,40,3,6,0,0,0,0
56,22,141,162,18,20,0,0,0,0
56,23,102,111,12,12,0,0,0,0
56,24,105,107,6,10,0,0,0,0
56,25,18,33,6,0,0,0,0,0
56,27,6,11,0,0,0,0,0,0
56,50,3,6,0,0,0,0,0,0
56,51,63,86,13,12,0,0,0,0
56,52,9,14,3,0,0,0,0,0
56,57,0,7,0,3,0,0,0,0
56,58,0,3,0,0,0,0,0,0
56,59,20,16,0,0,0,0,0,0
56,60,6,15,3,3,0,0,0,0
56,63,123,145,20,22,0,0,0,0
56,64,399,446,54,59,0,0,0,0
56,65,240,329,49,37,0,0,0,0
56,66,155,304,56,22,0,0,0,0
56,67,112,193,26,20,0,0,0,0
56,68,44,84,6,6,0,0,0,0
56,69,277,410,52,44,0,0,0,0
56,70,143,197,16,30,0,0,0,0
56,71,267,269,48,48,0,0,0,0
56,72,36,23,0,4,0,0,0,0
56,73,7,11,0,0,0,0,0,0
56,74,15,19,3,5,0,0,0,0
56,75,275,276,36,45,0,0,0,0
56,76,190,222,34,36,0,0,0,0
56,77,12,21,3,0,0,0,0,0
56,78,137,178,21,17,0,0,0,0
56,79,215,249,80,46,0,0,0,0
56,87,13,17,3,0,0,0,0,0
56,89,62,111,14,17,0,0,0,0
56,90,3,18,0,0,0,0,0,0
56,91,3,3,0,0,0,0,0,0
56,92,169,194,12,22,3,0,0,0
56,93,54,98,16,12,0,0,0,0
56,106,15,27,0,3,0,0,0,0
56,115,3,6,0,0,0,0,0,0
56,116,0,10,0,0,0,0,0,0
56,117,68,96,15,11,0,0,0,0
56,118,54,63,14,8,0,0,0,0
56,122,0,6,0,0,0,0,0,0
56,123,93,124,24,21,0,0,0,0
56,124,267,350,26,53,0,0,0,0
56,125,565,697,55,100,0,0,0,0
56,126,288,364,60,53,0,0,0,0
56,127,232,220,133,83,0,0,0,0
57,8,6,11,0,0,0,0,0,0
57,9,7,28,3,0,0,0,0,0
57,10,10,13,0,3,0,0,0,0
57,18,103,140,6,9,0,0,0,0
57,19,158,158,24,36,0,0,0,0
57,20,39,75,6,3,0,0,0,0
57,21,0,3,0,0,0,0,0,0
57,22,47,54,10,0,0,0,0,0
57,23,43,45,3,3,0,0,0,0
57,27,3,3,0,3,0,0,0,0
57,32,3,13,3,0,0,0,0,0
57,33,12,14,0,0,0,0,0,0
57,34,51,81,13,6,0,0,0,0
57,35,22,68,3,0,0,0,0,0
57,36,0,3,0,0,0,0,0,0
57,50,3,3,0,0,0,0,0,0
57,51,95,148,16,15,0,0,0,0
57,52,273,369,76,46,0,0,0,0
57,53,35,52,9,16,0,0,0,0
57,58,7,6,0,0,0,0,0,0
57,59,38,48,9,3,0,0,0,0
57,60,18,18,0,3,0,0,0,0
57,61,3,6,0,0,0,0,0,0
57,63,3,3,0,0,0,0,0,0
57,64,26,48,6,3,0,0,0,0
57,65,131,217,3,9,0,0,0,0
57,66,63,125,15,10,0,0,0,0
57,67,16,26,5,4,0,0,0,0
57,70,3,0,0,0,0,0,0,0
57,71,225,224,40,26,0,0,0,0
57,72,260,369,70,57,0,0,0,0
57,73,235,230,31,42,0,0,0,0
57,74,276,293,54,75,0,0,0,0
57,75,198,180,13,35,3,0,0,0
57,76,0,8,0,0,0,0,0,0
57,78,0,3,0,0,0,0,0,0
57,79,0,4,0,0,0,0,0,0
57,87,9,10,0,0,0,0,0,0
57,88,14,21,0,0,0,0,0,0
57,89,188,285,38,22,0,0,0,0
57,90,7,27,3,0,0,0,0,0
57,98,8,3,3,4,0,0,0,0
57,99,0,4,0,3,0,0,0,0
57,102,3,3,0,0,0,0,0,0
57,103,3,4,0,0,0,0,0,0
57,115,44,52,9,7,0,0,0,0
57,116,323,420,55,36,0,0,0,0
57,117,112,100,19,13,0,0,0,0
57,118,3,6,0,0,0,0,0,0
57,124,15,15,3,4,0,0,0,0
57,125,337,326,54,81,0,0,0,0
57,126,319,457,141,75,0,0,0,0
57,127,338,365,60,60,0,0,0,0
58,13,5,3,0,3,0,0,0,0
58,14,8,9,0,0,0,0,0,0
58,18,29,51,0,0,0,0,0,0
58,19,8,7,0,0,0,0,0,0
58,30,18,19,0,5,0,0,0,0
58,31,45,59,11,7,0,0,0,0
58,32,84,168,6,6,0,0,0,0
58,33,170,224,0,14,0,0,0,0
58,34,31,50,0,3,0,0,0,0
58,35,27,31,3,3,0,0,0,0
58,36,6,16,0,0,0,0,0,0
58,51,61,99,15,3,0,0,0,0
58,52,119,159,31,34,0,0,0,0
58,53,43,71,9,14,0,0,0,0
58,54,5,0,0,0,0,0,0,0
58,57,41,83,12,15,0,0,0,0
58,58,80,93,18,4,0,0,0,0
58,59,3,6,0,0,0,0,0,0
58,60,3,9,0,0,0,0,0,0
58,61,16,27,0,0,0,0,0,0
58,65,8,17,0,0,0,0,0,0
58,66,0,6,0,0,0,0,0,0
58,67,3,3,0,0,0,0,0,0
58,70,0,6,0,0,0,0,0,0
58,71,153,305,38,27,0,0,0,0
58,72,159,216,19,3,0,0,0,0
58,73,589,500,279,155,0,0,0,0
58,74,331,393,167,74,0,0,0,0
58,75,353,380,67,52,0,0,0,0
58,76,13,21,3,0,0,0,0,0
58,77,7,8,0,0,0,0,0,0
58,89,10,25,0,4,0,0,0,0
58,93,19,16,0,0,0,0,0,0
58,98,64,116,14,16,0,0,0,0
58,99,56,99,11,13,0,0,0,0
58,102,59,112,17,3,0,0,0,0
58,103,109,134,21,17,0,0,0,0
58,115,178,230,29,33,0,0,0,0
58,116,205,279,111,38,0,0,0,0
58,117,15,29,0,3,0,0,0,0
58,118,3,9,0,7,0,0,0,0
58,122,5,6,0,3,0,0,0,0
58,123,5,20,3,0,0,0,0,0
58,124,112,211,20,16,0,0,0,0
58,125,7,13,0,0,0,0,0,0
58,126,69,163,18,12,0,0,0,0
58,127,9,11,0,3,0,0,0,0
59,13,37,41,9,6,0,0,0,0
59,14,106,120,31,17,3,0,0,0
59,15,17,36,3,0,0,0,0,0
59,19,0,3,0,0,0,0,0,0
59,23,0,3,0,0,0,0,0,0
59,30,82,91,18,12,0,0,0,0
59,31,3,6,0,0,0,0,0,0
59,32,114,162,18,12,0,0,0,0
59,33,180,234,15,16,0,0,0,0
59,34,3,0,0,0,0,0,0,0
59,37,3,6,0,0,0,0,0,0
59,50,6,12,0,0,0,0,0,0
59,53,3,0,0,0,0,0,0,0
59,54,3,17,0,0,0,0,0,0
59,55,42,82,3,6,0,0,0,0
59,56,195,248,39,44,0,0,0,0
59,57,76,135,27,24,0,0,0,0
59,58,119,191,12,6,3,0,0,0
59,59,9,8,3,3,0,0,0,0
59,60,6,8,0,0,0,0,0,0
59,61,102,146,13,13,0,0,0,0
59,62,270,403,41,35,0,0,0,0
59,66,3,0,0,0,0,0,0,0
59,68,0,3,0,0,0,0,0,0
59,71,39,73,21,10,0,0,0,0
59,72,339,396,71,80,3,0,0,0
59,73,534,624,179,150,0,0,0,0
59,74,571,465,161,172,0,0,0,0
59,75,593,624,115,142,0,0,0,0
59,76,66,127,13,9,0,0,0,0
59,78,102,100,6,11,0,0,0,0
59,93,108,190,23,29,0,0,0,0
59,94,67,111,19,7,0,0,0,0
59,98,130,148,12,15,0,0,0,0
59,99,83,124,14,16,0,0,0,0
59,102,76,88,9,8,0,0,0,0
59,103,80,138,14,10,0,0,0,0
59,106,3,6,0,0,0,0,0,0
59,109,3,7,0,0,0,0,0,0
59,114,49,87,6,8,0,0,0,0
59,115,152,219,41,25,0,0,0,0
59,116,0,3,0,0,0,0,0,0
59,119,0,3,0,0,0,0,0,0
59,121,3,3,0,0,0,0,0,0
59,123,36,87,9,7,0,0,0,0
59,124,95,151,9,19,0,0,0,0
59,125,249,324,36,26,0,0,0,0
59,126,212,218,19,20,0,0,0,0
60,8,4,3,0,0,0,0,0,0
60,13,15,28,0,0,0,0,0,0
60,14,15,24,0,0,0,0,0,0
60,15,37,59,10,0,0,0,0,0
60,23,3,8,0,0,0,0,0,0
60,24,12,11,0,0,0,0,0,0
60,25,3,8,0,0,0,0,0,0
60,27,27,37,4,3,0,0,0,0
60,28,11,22,3,0,0,0,0,0
60,29,0,7,0,0,0,0,0,0
60,30,0,8,3,0,0,0,0,0
60,31,3,3,0,0,0,0,0,0
60,32,122,158,19,15,0,0,0,0
60,33,30,28,0,3,0,0,0,0
60,56,48,76,9,16,0,0,0,0
60,57,5,13,0,0,0,0,0,0
60,58,0,3,0,0,0,0,0,0
60,59,127,175,17,30,0,0,0,0
60,60,258,317,48,71,3,0,0,0
60,61,237,349,55,50,0,0,0,0
60,62,80,110,11,9,0,0,0,0
60,63,31,26,3,0,0,0,0,0
60,66,7,10,0,0,0,0,0,0
60,67,0,3,0,0,0,0,0,0
60,68,9,14,0,0,0,0,0,0
60,69,3,0,0,0,0,0,0,0
60,71,216,326,26,29,0,0,0,0
60,72,267,329,73,54,0,0,0,0
60,73,303,349,82,97,0,0,0,0
60,74,648,640,162,188,0,0,0,0
60,75,543,537,83,146,3,0,0,0
60,76,49,116,10,16,0,0,0,0
60,77,91,140,30,9,0,0,0,0
60,78,400,659,96,77,0,0,0,0
60,79,92,167,26,17,0,0,0,0
60,86,8,10,3,0,0,0,0,0
60,87,16,28,0,4,0,0,0,0
60,88,57,122,12,14,0,0,0,0
60,89,132,138,10,16,0,0,0,0
60,93,23,30,13,10,0,0,0,0
60,94,3,4,0,0,0,0,0,0
60,96,3,4,0,0,0,0,0,0
60,105,70,124,13,18,0,0,0,0
60,106,100,153,20,16,0,0,0,0
60,107,0,3,0,0,0,0,0,0
60,109,3,7,0,0,0,0,0,0
60,110,32,33,3,9,0,0,0,0
60,111,0,8,0,0,0,0,0,0
60,114,36,46,6,3,0,0,0,0
60,115,0,3,0,0,0,0,0,0
60,121,3,7,0,0,0,0,0,0
60,124,28,47,3,0,0,0,0,0
60,125,189,208,25,29,0,0,0,0
60,126,89,129,23,6,0,0,0,0
61,15,4,3,0,0,0,0,0,0
61,16,6,16,0,0,0,0,0,0
61,17,4,15,3,0,0,0,0,0
61,20,58,79,16,3,0,0,0,0
61,21,43,68,3,3,0,0,0,0
61,25,62,94,6,13,0,0,0,0
61,26,139,175,24,16,0,0,0,0
61,27,118,219,15,9,0,0,0,0
61,28,31,62,6,0,0,0,0,0
61,40,9,5,0,0,0,0,0,0
61,49,0,3,0,0,0,0,0,0
61,55,6,4,0,0,0,0,0,0
61,57,0,3,0,0,0,0,0,0
61,59,35,52,6,10,0,0,0,0
61,60,90,163,19,27,0,0,0,0
61,61,276,366,59,58,0,0,0,0
61,63,0,3,0,0,0,0,0,0
61,64,0,3,0,0,0,0,0,0
61,65,51,65,9,13,0,0,0,0
61,66,28,60,3,3,0,0,0,0
61,67,10,27,6,0,0,0,0,0
61,68,107,169,31,22,0,0,0,0
61,69,14,33,5,3,0,0,0,0
61,70,423,562,72,55,0,0,0,0
61,71,427,575,76,68,0,0,0,0
61,72,409,445,83,104,3,0,0,0
61,73,235,308,57,40,0,0,0,0
61,74,603,632,95,140,0,0,0,0
61,75,486,542,89,98,3,0,0,0
61,76,23,42,3,0,0,0,0,0
61,77,241,321,30,38,0,0,0,0
61,78,624,695,106,146,0,0,0,0
61,79,160,231,48,31,0,0,0,0
61,86,3,6,0,0,0,0,0,0
61,88,0,14,0,0,0,0,0,0
61,89,228,264,19,35,0,0,0,0
61,90,191,230,19,20,0,0,0,0
61,105,6,16,4,0,0,0,0,0
61,106,18,32,3,3,0,0,0,0
61,108,212,243,30,37,0,0,0,0
61,109,101,159,25,22,0,0,0,0
61,110,233,370,55,50,0,0,0,0
61,111,6,14,0,0,0,0,0,0
61,113,3,3,0,0,0,0,0,0
61,123,3,3,0,0,0,0,0,0
61,125,45,68,9,11,0,0,0,0
61,126,10,22,0,6,0,0,0,0
62,8,3,0,0,0,0,0,0,0
62,16,9,6,0,0,0,0,0,0
62,20,68,84,0,6,0,0,0,0
62,21,53,76,12,9,0,0,0,0
62,26,171,183,55,31,0,0,0,0
62,27,229,260,83,27,0,0,0,0
62,28,70,99,11,29,0,0,0,0
62,29,0,6,0,0,0,0,0,0
62,41,3,3,0,0,0,0,0,0
62,60,13,25,3,3,0,0,0,0
62,61,127,150,17,23,0,0,0,0
62,62,8,7,0,0,0,0,0,0
62,65,36,70,9,3,0,0,0,0
62,66,173,255,38,28,3,0,0,0
62,67,33,32,9,7,0,0,0,0
62,68,222,317,22,26,0,0,0,0
62,69,156,243,40,24,0,0,0,0
62,70,196,229,28,36,0,0,0,0
62,71,163,256,46,22,0,0,0,0
62,72,148,190,29,25,0,0,0,0
62,73,9,15,0,3,0,0,0,0
62,74,482,589,155,129,3,0,0,0
62,75,72,183,20,21,0,0,0,0
62,76,8,6,3,3,0,0,0,0
62,77,129,176,15,17,0,0,0,0
62,78,510,648,99,132,0,0,0,0
62,79,162,337,44,21,0,0,0,0
62,80,0,3,0,0,0,0,0,0
62,89,114,142,10,11,0,0,0,0
62,90,314,412,25,37,0,0,0,0
62,91,266,324,75,57,0,0,0,0
62,92,0,3,0,0,0,0,0,0
62,96,0,3,0,0,0,0,0,0
62,106,73,84,3,12,0,0,0,0
62,107,82,113,10,16,0,0,0,0
62,108,207,189,12,32,0,0,0,0
62,109,321,217,52,65,0,0,0,0
62,110,270,309,50,62,0,0,0,0
62,111,17,23,0,0,0,0,0,0
62,112,3,3,0,0,0,0,0,0
62,116,3,6,5,3,0,0,0,0
62,117,118,193,10,9,0,0,0,0
62,118,41,79,9,6,0,0,0,0
62,119,0,3,0,0,0,0,0,0
62,121,3,6,0,3,0,0,0,0
62,122,10,14,0,0,0,0,0,0
62,123,3,6,0,0,0,0,0,0
62,127,78,172,15,9,0,0,0,0
63,19,37,54,0,9,0,0,0,0
63,20,121,148,9,18,0,0,0,0
63,21,15,16,0,0,0,0,0,0
63,24,3,4,0,0,0,0,0,0
63,26,112,153,6,6,0,0,0,0
63,27,46,65,27,14,0,0,0,0
63,28,28,46,0,3,0,0,0,0
63,29,34,32,4,0,0,0,0,0
63,30,4,3,0,0,0,0,0,0
63,31,12,9,0,3,0,0,0,0
63,32,10,10,0,0,0,0,0,0
63,33,3,6,0,0,0,0,0,0
63,42,6,9,0,0,0,0,0,0
63,58,0,3,0,0,0,0,0,0
63,61,6,10,0,0,0,0,0,0
63,63,9,21,0,0,0,0,0,0
63,64,23,18,3,6,0,0,0,0
63,65,4,9,0,0,0,0,0,0
63,66,54,62,6,12,0,0,0,0
63,67,51,66,7,3,0,0,0,0
63,68,137,217,32,24,0,0,0,0
63,71,20,36,8,0,0,0,0,0
63,72,247,339,48,50,0,0,0,0
63,73,9,17,0,0,0,0,0,0
63,74,218,247,18,27,0,0,0,0
63,75,143,138,13,22,0,0,0,0
63,77,17,15,0,0,0,0,0,0
63,78,53,56,3,8,0,0,0,0
63,79,3,9,0,0,0,0,0,0
63,83,8,21,0,0,0,0,0,0
63,84,8,12,3,0,0,0,0,0
63,89,6,11,0,0,0,0,0,0
63,90,224,223,12,24,0,0,0,0
63,91,398,471,73,111,0,0,0,0
63,92,255,368,56,55,0,0,0,0
63,105,16,26,0,3,0,0,0,0
63,106,48,73,14,6,0,0,0,0
63,107,50,77,10,3,0,0,0,0
63,108,6,6,0,0,0,0,0,0
63,109,25,25,10,5,0,0,0,0
63,110,75,87,11,20,0,0,0,0
63,111,9,7,0,0,0,0,0,0
63,114,105,137,19,24,0,0,0,0
63,115,63,104,23,12,0,0,0,0
63,116,0,3,0,0,0,0,0,0
63,117,6,3,0,0,0,0,0,0
63,118,22,45,6,3,0,0,0,0
63,121,118,158,9,13,0,0,0,0
63,122,75,132,25,17,0,0,0,0
63,123,3,3,0,0,0,0,0,0
63,125,3,6,0,0,0,0,0,0
63,126,0,3,0,0,0,0,0,0
63,127,257,353,54,39,0,0,0,0
64,16,3,15,0,4,0,0,0,0
64,19,59,79,13,4,0,0,0,0
64,22,18,26,0,3,0,0,0,0
64,23,77,118,6,9,0,0,0,0
64,24,24,25,0,3,0,0,0,0
64,26,33,72,0,0,0,0,0,0
64,27,25,33,0,0,0,0,0,0
64,28,0,3,0,0,0,0,0,0
64,29,3,6,0,0,0,0,0,0
64,30,7,9,0,0,0,0,0,0
64,31,70,80,6,9,0,0,0,0
64,32,108,153,12,0,0,0,0,0
64,33,80,88,9,12,0,0,0,0
64,34,7,11,0,0,0,0,0,0
64,43,3,3,0,0,0,0,0,0
64,44,0,4,0,0,0,0,0,0
64,62,40,66,6,3,0,0,0,0
64,63,206,339,43,51,0,0,0,0
64,64,278,351,101,64,0,0,0,0
64,65,21,38,4,3,0,0,0,0
64,68,3,7,0,0,0,0,0,0
64,69,11,8,3,0,0,0,0,0
64,70,3,10,0,0,0,0,0,0
64,71,60,121,12,12,0,0,0,0
64,72,178,274,36,21,0,0,0,0
64,74,59,115,15,7,0,0,0,0
64,75,12,19,5,5,0,0,0,0
64,77,0,3,0,0,0,0,0,0
64,79,3,4,0,0,0,0,0,0
64,80,0,3,0,0,0,0,0,0
64,82,128,193,36,10,0,0,0,0
64,83,144,203,17,15,0,0,0,0
64,84,0,3,0,0,0,0,0,0
64,90,51,123,15,4,0,0,0,0
64,91,576,672,111,140,3,0,0,0
64,92,134,249,86,40,0,0,0,0
64,99,32,40,4,14,0,0,0,0
64,100,14,15,0,0,0,0,0,0
64,101,0,3,0,0,0,0,0,0
64,104,15,28,3,3,0,0,0,0
64,105,103,163,0,25,0,0,0,0
64,110,3,13,0,0,0,0,0,0
64,111,6,9,0,0,0,0,0,0
64,113,3,4,0,0,0,0,0,0
64,114,95,185,30,11,0,0,0,0
64,115,118,190,20,13,3,0,0,0
64,116,10,21,3,0,0,0,0,0
64,121,400,502,70,58,0,0,0,0
64,122,275,318,64,35,0,0,0,0
64,123,126,247,16,20,0,0,0,0
64,124,16,14,0,6,0,0,0,0
64,127,67,126,18,6,0,0,0,0
65,16,3,7,3,0,0,0,0,0
65,17,21,44,3,9,0,0,0,0
65,22,10,12,3,0,0,0,0,0
65,23,23,22,0,3,0,0,0,0
65,26,20,31,0,0,0,0,0,0
65,27,67,92,15,7,0,0,0,0
65,29,3,3,0,0,0,0,0,0
65,30,23,49,0,0,0,0,0,0
65,31,0,3,0,0,0,0,0,0
65,32,92,89,6,10,0,0,0,0
65,33,53,64,0,7,0,0,0,0
65,34,0,6,0,0,0,0,0,0
65,41,3,4,0,0,0,0,0,0
65,45,3,8,0,0,0,0,0,0
65,62,0,10,0,0,0,0,0,0
65,63,152,286,28,34,0,0,0,0
65,64,79,100,17,15,0,0,0,0
65,65,3,6,0,0,0,0,0,0
65,66,0,3,0,0,0,0,0,0
65,70,0,3,0,0,0,0,0,0
65,71,7,6,0,0,0,0,0,0
65,74,6,6,0,0,0,0,0,0
65,75,44,65,4,0,0,0,0,0
65,76,7,6,0,3,0,0,0,0
65,79,3,3,0,0,0,0,0,0
65,80,3,14,0,0,0,0,0,0
65,91,100,131,21,11,0,0,0,0
65,92,19,50,13,3,0,0,0,0
65,95,42,57,11,0,0,0,0,0
65,96,3,3,0,0,0,0,0,0
65,99,7,6,0,3,0,0,0,0
65,100,80,125,6,7,0,0,0,0
65,102,25,33,3,6,0,0,0,0
65,107,0,4,0,0,0,0,0,0
65,111,3,3,0,0,0,0,0,0
65,112,25,61,0,3,0,0,0,0
65,113,106,165,37,13,0,0,0,0
65,116,0,3,0,0,0,0,0,0
65,121,113,139,12,12,0,0,0,0
65,122,114,228,39,25,3,0,0,0
65,123,14,39,4,4,0,0,0,0
65,125,0,3,0,0,0,0,0,0
65,126,7,7,0,0,0,0,0,0
65,127,6,9,0,0,0,0,0,0
66,17,6,20,3,0,0,0,0,0
66,18,6,0,0,0,0,0,0,0
66,23,3,3,0,0,0,0,0,0
66,26,120,138,12,7,0,0,0,0
66,27,78,117,17,0,0,0,0,0
66,30,41,60,6,3,0,0,0,0
66,36,7,3,0,0,0,0,0,0
66,41,6,9,0,0,0,0,0,0
66,43,7,9,0,3,0,0,0,0
66,44,6,10,0,0,0,0,0,0
66,45,0,3,0,0,0,0,0,0
66,61,0,3,0,0,0,0,0,0
66,65,45,68,3,8,0,0,0,0
66,66,143,191,9,39,0,0,0,0
66,68,7,6,0,0,0,0,0,0
66,72,0,3,0,0,0,0,0,0
66,73,36,49,7,11,0,0,0,0
66,74,54,87,6,12,0,0,0,0
66,75,220,342,50,45,0,0,0,0
66,76,174,183,21,39,0,0,0,0
66,77,0,9,0,0,0,0,0,0
66,92,0,0,0,3,0,0,0,0
66,95,28,44,3,0,0,0,0,0
66,101,99,125,18,21,0,0,0,0
66,102,117,193,28,28,0,0,0,0
66,103,3,3,0,0,0,0,0,0
66,110,3,7,0,0,0,0,0,0
66,111,6,9,0,0,0,0,0,0
66,113,0,3,0,0,0,0,0,0
66,122,0,3,0,0,0,0,0,0
66,125,55,87,15,3,0,0,0,0
66,126,182,286,29,38,3,0,0,0
66,127,111,127,15,10,0,0,0,0
67,23,0,0,3,0,0,0,0,0
67,25,14,23,3,3,0,0,0,0
67,26,127,171,18,15,0,0,0,0
67,27,27,29,0,0,0,0,0,0
67,29,5,6,0,0,0,0,0,0
67,30,120,138,13,9,0,0,0,0
67,31,67,87,3,9,0,0,0,0
67,32,45,73,6,6,0,0,0,0
67,40,3,4,0,0,0,0,0,0
67,60,7,30,0,0,0,0,0,0
67,61,0,11,0,3,0,0,0,0
67,62,51,99,6,6,0,0,0,0
67,63,92,124,25,22,0,0,0,0
67,64,0,10,0,0,0,0,0,0
67,65,26,21,3,3,0,0,0,0
67,66,104,171,38,12,0,0,0,0
67,72,3,0,0,0,0,0,0,0
67,73,31,39,8,11,0,0,0,0
67,74,301,433,68,68,0,0,0,0
67,75,177,260,32,25,0,0,0,0
67,76,431,487,88,133,0,0,0,0
67,77,15,8,0,0,0,0,0,0
67,93,0,7,0,0,0,0,0,0
67,97,0,4,0,0,0,0,0,0
67,98,73,84,3,6,0,0,0,0
67,99,67,68,0,3,0,0,0,0
67,101,68,58,0,6,0,0,0,0
67,102,73,126,22,18,0,0,0,0
67,105,22,29,3,6,0,0,0,0
67,106,38,89,15,9,0,0,0,0
67,109,0,3,0,0,0,0,0,0
67,110,3,3,3,0,0,0,0,0
67,111,88,133,10,6,0,0,0,0
67,112,48,58,6,9,0,0,0,0
67,123,4,7,0,3,0,0,0,0
67,125,27,74,12,3,0,0,0,0
67,126,38,74,3,10,0,0,0,0
67,127,69,100,6,4,0,0,0,0
68,23,3,3,0,0,0,0,0,0
68,25,3,0,0,0,0,0,0,0
68,26,32,47,3,12,0,0,0,0
68,30,3,9,0,0,0,0,0,0
68,31,58,64,6,6,0,0,0,0
68,32,68,95,10,9,0,0,0,0
68,33,3,3,0,0,0,0,0,0
68,40,3,10,0,0,0,0,0,0
68,61,45,81,18,8,0,0,0,0
68,62,31,39,3,4,0,0,0,0
68,66,3,0,8,3,0,0,0,0
68,68,4,10,3,0,0,0,0,0
68,69,7,5,0,0,0,0,0,0
68,70,0,6,0,0,0,0,0,0
68,74,142,132,23,17,0,0,0,0
68,75,149,237,27,19,0,0,0,0
68,76,51,106,24,11,0,0,0,0
68,77,17,12,3,5,0,0,0,0
68,96,12,16,3,6,0,0,0,0
68,97,146,212,26,32,0,0,0,0
68,98,200,314,43,40,0,0,0,0
68,99,5,9,6,4,0,0,0,0
68,101,87,89,6,14,0,0,0,0
68,102,3,4,0,0,0,0,0,0
68,105,87,182,17,3,0,0,0,0
68,106,207,342,22,30,0,0,0,0
68,107,12,12,0,0,0,0,0,0
68,109,3,9,0,0,0,0,0,0
68,111,47,88,8,6,0,0,0,0
68,112,46,74,6,3,0,0,0,0
68,114,3,3,0,0,0,0,0,0
68,120,3,3,0,0,0,0,0,0
68,121,65,96,5,13,0,0,0,0
68,122,4,10,0,0,0,0,0,0
68,125,3,4,0,0,0,0,0,0
69,16,4,13,0,0,0,0,0,0
69,18,3,3,0,0,0,0,0,0
69,20,30,40,6,0,0,0,0,0
69,21,34,45,6,6,0,0,0,0
69,23,6,8,0,0,0,0,0,0
69,24,0,3,0,0,0,0,0,0
69,26,0,3,0,0,0,0,0,0
69,27,0,3,0,0,0,0,0,0
69,30,26,58,7,0,0,0,0,0
69,31,95,130,15,10,0,0,0,0
69,32,63,91,16,0,0,0,0,0
69,34,3,3,0,0,0,0,0,0
69,41,4,9,0,0,0,0,0,0
69,43,53,60,3,0,0,0,0,0
69,44,12,12,0,0,0,0,0,0
69,67,20,9,0,0,0,0,0,0
69,68,93,134,9,9,0,0,0,0
69,69,165,283,31,29,0,0,0,0
69,70,11,15,0,3,0,0,0,0
69,74,40,86,14,10,0,0,0,0
69,75,75,109,14,15,0,0,0,0
69,92,100,136,12,21,0,0,0,0
69,93,16,37,3,3,0,0,0,0
69,96,28,39,3,6,0,0,0,0
69,97,30,57,10,6,0,0,0,0
69,98,199,418,56,22,0,0,0,0
69,99,36,50,0,4,0,0,0,0
69,105,8,22,0,0,0,0,0,0
69,106,58,87,6,0,0,0,0,0
69,107,0,4,0,0,0,0,0,0
69,114,102,192,41,19,0,0,0,0
69,121,234,345,49,35,0,0,0,0
69,122,56,85,15,16,0,0,0,0
69,126,108,152,15,20,0,0,0,0
69,127,22,46,4,0,0,0,0,0
70,15,6,9,0,0,0,0,0,0
70,17,28,38,3,6,0,0,0,0
70,21,24,24,0,0,0,0,0,0
70,22,32,73,3,3,0,0,0,0
70,26,3,3,0,0,0,0,0,0
70,27,0,3,0,0,0,0,0,0
70,30,58,50,9,12,0,0,0,0
70,31,84,145,15,3,0,0,0,0
70,32,18,26,0,0,0,0,0,0
70,40,15,23,0,3,0,0,0,0
70,41,21,0,0,0,0,0,0,0
70,42,0,3,0,0,0,0,0,0
70,43,71,98,15,3,0,0,0,0
70,44,99,168,12,7,0,0,0,0
70,45,14,14,0,3,0,0,0,0
70,68,9,6,0,3,0,0,0,0
70,69,46,101,12,6,0,0,0,0
70,70,5,8,0,0,0,0,0,0
70,73,10,3,0,3,0,0,0,0
70,74,6,3,0,0,0,0,0,0
70,76,3,4,0,0,0,0,0,0
70,77,18,22,9,6,0,0,0,0
70,78,111,148,20,24,0,0,0,0
70,92,74,82,9,11,0,0,0,0
70,93,59,97,16,16,0,0,0,0
70,94,3,3,0,0,0,0,0,0
70,95,3,3,0,0,0,0,0,0
70,97,16,24,0,0,0,0,0,0
70,98,204,250,20,7,0,0,0,0
70,99,0,3,0,0,0,0,0,0
70,102,24,52,4,3,0,0,0,0
70,103,140,185,21,21,0,0,0,0
70,107,32,45,6,3,0,0,0,0
70,108,91,157,16,13,0,0,0,0
70,114,4,9,0,0,0,0,0,0
70,117,3,3,0,0,0,0,0,0
70,120,12,16,0,0,0,0,0,0
70,121,313,363,81,54,0,0,0,0
70,122,126,184,25,20,0,0,0,0
70,126,0,7,0,0,0,0,0,0
71,17,0,6,3,7,0,0,0,0
71,18,6,23,3,6,0,0,0,0
71,21,9,13,0,6,0,0,0,0
71,22,7,13,0,0,0,0,0,0
71,23,3,3,0,0,0,0,0,0
71,28,0,3,0,0,0,0,0,0
71,31,36,46,6,0,0,0,0,0
71,32,69,108,0,9,0,0,0,0
71,40,0,6,0,0,0,0,0,0
71,41,3,6,0,0,0,0,0,0
71,43,48,81,3,6,0,0,0,0
71,44,115,145,19,7,0,0,0,0
71,45,48,86,9,3,0,0,0,0
71,46,3,9,0,0,0,0,0,0
71,47,0,3,0,0,0,0,0,0
71,70,27,26,0,6,0,0,0,0
71,72,31,74,15,6,0,0,0,0
71,73,96,182,40,10,0,0,0,0
71,74,62,85,0,7,0,0,0,0
71,76,5,4,0,0,0,0,0,0
71,77,0,3,0,0,0,0,0,0
71,78,81,128,28,13,0,0,0,0
71,80,96,161,10,14,0,0,0,0
71,93,7,5,0,0,0,0,0,0
71,94,11,12,0,0,0,0,0,0
71,98,3,0,0,0,0,0,0,0
71,99,0,3,0,0,0,0,0,0
71,100,7,12,3,0,0,0,0,0
71,102,96,161,24,6,0,0,0,0
71,103,123,139,9,17,0,0,0,0
71,107,43,71,13,6,0,0,0,0
71,108,93,158,22,16,3,0,0,0
71,121,126,117,3,12,3,0,0,0
71,122,60,80,44,24,0,0,0,0
71,123,3,3,0,0,0,0,0,0
72,18,11,18,6,0,0,0,0,0
72,20,0,3,0,0,0,0,0,0
72,22,12,3,0,0,0,0,0,0
72,27,3,3,0,0,0,0,0,0
72,32,40,69,3,0,0,0,0,0
72,33,10,9,0,0,0,0,0,0
72,43,50,60,6,6,0,0,0,0
72,44,41,60,0,4,0,0,0,0
72,47,14,7,3,0,0,0,0,0
72,48,3,6,0,0,0,0,0,0
72,49,3,3,3,0,0,0,0,0
72,71,0,3,0,0,0,0,0,0
72,72,61,79,6,9,0,0,0,0
72,73,286,429,48,59,3,0,0,0
72,74,225,387,42,34,0,0,0,0
72,78,216,257,27,41,0,0,0,0
72,79,42,99,14,6,0,0,0,0
72,80,175,286,65,24,3,0,0,0
72,81,18,31,9,3,0,0,0,0
72,90,28,40,0,0,0,0,0,0
72,91,203,315,44,57,0,0,0,0
72,92,7,12,0,0,0,0,0,0
72,95,198,269,41,43,0,0,0,0
72,96,11,14,0,3,0,0,0,0
72,97,6,16,0,3,0,0,0,0
72,98,141,178,10,14,0,0,0,0
72,101,7,6,0,0,0,0,0,0
72,102,18,34,0,0,0,0,0,0
72,107,3,3,0,0,0,0,0,0
72,113,14,19,4,0,0,0,0,0
72,114,0,9,0,0,0,0,0,0
72,120,3,6,0,0,0,0,0,0
72,126,0,7,0,0,0,0,0,0
72,127,52,82,12,9,0,0,0,0
73,20,22,36,6,6,0,0,0,0
73,21,110,151,15,27,0,0,0,0
73,22,15,25,0,6,0,0,0,0
73,26,3,8,0,0,0,0,0,0
73,27,75,100,3,6,0,0,0,0
73,28,83,98,12,11,0,0,0,0
73,29,15,40,3,3,3,0,0,0
73,30,9,30,0,0,3,0,0,0
73,31,3,18,0,0,0,0,0,0
73,32,0,3,0,0,0,0,0,0
73,37,9,7,0,0,0,0,0,0
73,43,31,62,0,0,0,0,0,0
73,44,63,78,67,18,0,0,0,0
73,46,3,9,0,0,0,0,0,0
73,47,9,7,0,0,0,0,0,0
73,49,61,79,13,12,0,0,0,0
73,52,3,5,0,0,0,0,0,0
73,71,4,0,0,0,0,0,0,0
73,72,116,128,9,19,0,0,0,0
73,73,329,412,107,72,0,0,0,0
73,74,139,248,60,37,0,0,0,0
73,75,0,6,0,0,0,0,0,0
73,78,261,338,32,31,0,0,0,0
73,79,374,505,72,85,0,0,0,0
73,80,184,195,27,35,0,0,0,0
73,90,15,27,4,0,0,0,0,0
73,91,262,398,63,43,0,0,0,0
73,92,17,27,0,3,0,0,0,0
73,93,4,8,0,0,0,0,0,0
73,94,130,176,25,27,0,0,0,0
73,95,343,425,95,66,0,0,0,0
73,96,549,416,92,127,0,0,0,0
73,97,362,416,78,89,0,0,0,0
73,98,172,268,60,60,0,0,0,0
73,99,102,200,26,20,0,0,0,0
73,109,23,37,0,0,0,0,0,0
73,110,7,22,3,3,0,0,0,0
73,113,10,13,0,6,0,0,0,0
73,114,79,142,22,10,0,0,0,0
73,120,45,60,13,6,0,0,0,0
73,121,8,18,0,0,0,0,0,0
73,122,30,39,0,3,0,0,0,0
73,127,148,205,63,50,0,0,0,0
74,6,18,33,6,0,0,0,0,0
74,7,14,13,3,0,0,0,0,0
74,9,0,6,0,0,0,0,0,0
74,21,49,60,9,0,0,0,0,0
74,22,18,32,0,0,0,0,0,0
74,26,25,26,3,7,0,0,0,0
74,27,51,98,12,9,3,0,0,0
74,28,62,101,6,9,3,0,0,0
74,29,8,12,0,0,0,0,0,0
74,30,40,58,0,6,0,0,0,0
74,31,65,81,12,19,3,0,0,0
74,32,17,46,9,5,0,0,0,0
74,43,51,68,3,6,0,0,0,0
74,44,48,54,6,3,0,0,0,0
74,46,3,3,0,0,0,0,0,0
74,49,111,163,19,12,0,0,0,0
74,50,10,15,0,3,0,0,0,0
74,53,8,14,0,0,0,0,0,0
74,71,33,68,12,6,0,0,0,0
74,72,286,412,23,59,0,0,0,0
74,73,297,360,34,41,0,0,0,0
74,74,47,69,7,9,0,0,0,0
74,75,3,3,0,0,0,0,0,0
74,76,203,328,23,20,0,0,0,0
74,77,21,39,9,9,0,0,0,0
74,78,116,178,6,9,0,0,0,0
74,79,179,278,39,30,0,0,0,0
74,80,0,0,0,3,0,0,0,0
74,91,16,38,7,9,0,0,0,0
74,93,3,18,0,0,0,0,0,0
74,94,215,361,48,55,3,0,0,0
74,95,459,619,199,143,3,0,0,0
74,96,383,355,67,72,0,0,0,0
74,97,239,159,53,68,0,0,0,0
74,98,428,515,139,128,0,0,0,0
74,99,493,436,36,52,0,0,0,0
74,109,25,35,0,0,0,0,0,0
74,121,136,186,26,17,0,0,0,0
74,122,68,62,3,12,0,0,0,0
74,126,3,3,0,0,0,0,0,0
74,127,238,347,64,30,0,0,0,0
75,6,33,51,4,0,0,0,0,0
75,7,92,96,14,7,0,0,0,0
75,11,22,18,6,0,0,0,0,0
75,12,5,6,0,0,0,0,0,0
75,30,15,20,3,0,0,0,0,0
75,31,22,36,6,6,0,0,0,0
75,32,3,10,0,0,0,0,0,0
75,34,0,3,0,0,0,0,0,0
75,44,42,49,7,3,0,0,0,0
75,45,23,25,0,3,0,0,0,0
75,49,15,17,3,3,0,0,0,0
75,50,44,54,0,9,0,0,0,0
75,54,7,21,0,0,0,0,0,0
75,55,20,42,6,0,0,0,0,0
75,70,36,55,0,3,0,0,0,0
75,71,184,345,23,20,0,0,0,0
75,72,133,180,24,23,0,0,0,0
75,73,9,6,0,0,0,0,0,0
75,74,5,0,0,0,0,0,0,0
75,76,12,20,4,0,0,0,0,0
75,77,7,6,0,0,0,0,0,0
75,78,22,40,3,5,0,0,0,0
75,79,178,206,42,27,0,0,0,0
75,80,54,78,13,10,0,0,0,0
75,94,0,3,0,3,0,0,0,0
75,95,44,31,10,6,0,0,0,0
75,96,108,200,16,23,0,0,0,0
75,97,389,381,59,67,0,0,0,0
75,98,260,399,36,48,0,0,0,0
75,99,3,18,3,4,0,0,0,0
75,100,6,14,3,0,0,0,0,0
75,110,105,143,21,9,0,0,0,0
75,111,0,3,0,0,0,0,0,0
75,113,0,3,0,0,0,0,0,0
75,115,3,9,0,0,0,0,0,0
75,120,4,9,0,0,0,0,0,0
75,121,107,186,16,13,0,0,0,0
75,122,66,88,4,6,0,0,0,0
75,127,16,21,8,3,0,0,0,0
76,6,56,100,8,9,0,0,0,0
76,7,6,9,0,0,0,0,0,0
76,11,0,8,0,0,0,0,0,0
76,12,110,149,14,9,0,0,0,0
76,13,8,19,5,0,0,0,0,0
76,32,3,0,0,0,0,0,0,0
76,38,3,3,0,0,0,0,0,0
76,39,75,82,6,7,0,0,0,0
76,40,11,32,0,3,0,0,0,0
76,51,20,33,3,3,0,0,0,0
76,52,103,108,12,11,3,0,0,0
76,53,3,6,0,0,0,0,0,0
76,54,57,99,15,9,0,0,0,0
76,55,38,66,6,6,0,0,0,0
76,68,33,61,6,3,0,0,0,0
76,69,30,41,0,6,0,0,0,0
76,71,3,20,0,0,0,0,0,0
76,72,0,4,0,0,0,0,0,0
76,88,0,3,0,0,0,0,0,0
76,93,7,12,0,3,0,0,0,0
76,94,14,25,0,0,0,0,0,0
76,95,34,52,0,6,0,0,0,0
76,96,445,429,39,50,0,0,0,0
76,97,256,299,45,57,0,0,0,0
76,98,400,420,34,46,0,0,0,0
76,99,171,106,9,15,0,0,0,0
76,100,3,0,0,0,0,0,0,0
76,104,17,25,0,3,0,0,0,0
76,105,100,113,6,9,0,0,0,0
76,110,70,113,23,9,0,0,0,0
76,111,24,41,5,3,0,0,0,0
76,114,6,3,0,0,0,0,0,0
76,115,30,24,10,3,0,0,0,0
76,117,3,4,3,0,0,0,0,0
76,118,4,3,3,0,0,0,0,0
76,120,0,3,0,0,0,0,0,0
77,6,32,55,0,3,0,0,0,0
77,7,46,64,9,3,0,0,0,0
77,8,0,4,0,0,0,0,0,0
77,9,25,45,9,0,0,0,0,0
77,10,55,51,6,0,0,0,0,0
77,11,11,17,3,0,0,0,0,0
77,12,127,173,18,12,0,0,0,0
77,13,86,114,19,3,0,0,0,0
77,37,32,57,3,6,0,0,0,0
77,38,89,138,15,3,0,0,0,0
77,39,27,40,0,3,0,0,0,0
77,40,31,41,9,0,0,0,0,0
77,50,3,10,0,0,0,0,0,0
77,51,0,6,0,0,0,0,0,0
77,52,36,75,6,6,0,0,0,0
77,53,50,76,12,9,0,0,0,0
77,54,13,16,0,0,0,0,0,0
77,55,35,60,7,0,0,0,0,0
77,68,118,193,17,18,0,0,0,0
77,69,143,255,39,25,0,0,0,0
77,70,11,16,0,0,0,0,0,0
77,72,38,97,17,12,0,0,0,0
77,73,57,104,10,12,0,0,0,0
77,83,3,7,0,0,0,0,0,0
77,90,3,3,0,0,0,0,0,0
77,93,15,22,6,3,0,0,0,0
77,94,9,9,0,6,0,0,0,0
77,95,31,30,0,0,0,0,0,0
77,96,99,83,0,6,0,0,0,0
77,97,10,9,0,0,0,0,0,0
77,98,226,321,34,39,0,0,0,0
77,99,21,29,3,3,0,0,0,0
77,104,44,43,0,3,0,0,0,0
77,105,160,240,24,36,0,0,0,0
77,118,6,4,0,0,0,0,0,0
77,123,3,3,0,0,0,0,0,0
78,1,3,0,0,0,0,0,0,0
78,7,3,10,0,3,0,0,0,0
78,10,3,3,0,0,0,0,0,0
78,12,6,3,0,0,0,0,0,0
78,13,13,13,3,0,0,0,0,0
78,35,3,3,0,0,0,0,0,0
78,36,3,12,0,0,0,0,0,0
78,37,92,156,16,12,0,0,0,0
78,38,169,194,38,15,0,0,0,0
78,39,99,120,9,6,0,0,0,0
78,40,27,51,9,6,0,0,0,0
78,41,40,48,3,3,0,0,0,0
78,42,0,6,0,0,0,0,0,0
78,43,5,7,0,0,0,0,0,0
78,46,12,20,0,0,0,0,0,0
78,47,70,75,10,12,0,0,0,0
78,48,8,12,3,0,0,0,0,0
78,55,0,3,0,0,0,0,0,0
78,64,3,6,0,0,0,0,0,0
78,65,4,3,0,0,0,0,0,0
78,67,3,6,0,0,0,0,0,0
78,68,149,251,31,28,3,0,0,0
78,69,203,394,52,43,0,0,0,0
78,70,56,110,3,10,0,0,0,0
78,71,65,138,9,9,0,0,0,0
78,72,3,3,0,0,0,0,0,0
78,73,52,101,15,6,0,0,0,0
78,83,39,74,12,3,0,0,0,0
78,84,9,3,0,0,0,0,0,0
78,86,47,82,10,18,0,0,0,0
78,87,70,82,6,9,0,0,0,0
78,88,3,0,0,3,0,0,0,0
78,89,60,78,17,9,0,0,0,0
78,90,3,0,0,0,0,0,0,0
78,91,17,24,3,0,0,0,0,0
78,92,3,3,0,0,0,0,0,0
78,95,3,4,0,0,0,0,0,0
78,97,3,7,0,0,0,0,0,0
78,98,14,22,0,6,0,0,0,0
78,100,0,3,0,0,0,0,0,0
78,103,39,52,15,8,0,0,0,0
78,104,101,145,20,16,0,0,0,0
78,111,0,6,0,0,0,0,0,0
78,115,34,47,6,13,0,0,0,0
78,116,15,26,3,0,0,0,0,0
78,125,0,7,0,0,0,0,0,0
79,0,107,167,7,15,0,0,0,0
79,1,51,65,10,6,0,0,0,0
79,3,0,3,0,0,0,0,0,0
79,4,0,6,0,0,0,0,0,0
79,12,0,3,0,3,0,0,0,0
79,25,0,3,0,0,0,0,0,0
79,34,0,3,0,0,0,0,0,0
79,36,24,23,0,3,0,0,0,0
79,37,119,177,22,9,0,0,0,0
79,38,58,73,9,12,0,0,0,0
79,39,79,116,12,3,0,0,0,0
79,46,50,73,3,0,0,0,0,0
79,47,80,118,13,10,0,0,0,0
79,56,9,23,6,0,0,0,0,0
79,57,30,58,0,0,0,0,0,0
79,58,50,77,9,14,0,0,0,0
79,64,0,3,0,0,0,0,0,0
79,68,42,96,19,10,0,0,0,0
79,69,190,290,19,19,0,0,0,0
79,70,20,29,6,3,0,0,0,0
79,73,3,3,0,0,0,0,0,0
79,82,29,30,6,3,0,0,0,0
79,83,29,49,3,11,0,0,0,0
79,85,3,16,3,0,0,0,0,0
79,86,84,108,16,9,0,0,0,0
79,87,47,78,3,4,0,0,0,0
79,89,33,45,3,0,0,0,0,0
79,96,32,48,3,3,0,0,0,0
79,97,39,67,3,10,0,0,0,0
79,103,7,9,3,0,0,0,0,0
79,107,8,18,0,0,0,0,0,0
79,111,143,194,86,39,0,0,0,0
79,115,32,48,19,7,0,0,0,0
79,116,7,15,6,0,0,0,0,0
79,117,0,3,0,0,0,0,0,0
79,118,8,6,0,0,0,0,0,0
79,120,6,12,0,0,0,0,0,0
79,127,3,8,0,0,0,0,0,0
80,0,187,225,44,49,0,0,0,0
80,1,48,80,6,7,0,0,0,0
80,37,14,27,0,0,0,0,0,0
80,39,33,43,6,4,0,0,0,0
80,40,39,72,6,0,0,0,0,0
80,41,12,10,0,0,0,0,0,0
80,45,37,67,3,0,0,0,0,0
80,46,4,8,0,0,0,0,0,0
80,47,3,4,0,0,0,0,0,0
80,55,7,3,0,0,0,0,0,0
80,56,11,17,3,0,0,0,0,0
80,57,191,282,30,25,0,0,0,0
80,58,173,262,33,22,0,0,0,0
80,59,3,9,0,0,0,0,0,0
80,63,9,17,0,3,0,0,0,0
80,64,0,8,0,3,0,0,0,0
80,65,3,3,0,0,0,0,0,0
80,67,3,9,0,0,0,0,0,0
80,68,0,3,0,0,0,0,0,0
80,70,0,3,0,0,0,0,0,0
80,71,3,0,0,3,0,0,0,0
80,73,3,6,0,0,0,0,0,0
80,74,67,95,11,13,0,0,0,0
80,75,33,49,0,7,0,0,0,0
80,81,3,0,0,0,0,0,0,0
80,82,7,6,0,0,0,0,0,0
80,88,40,63,10,3,0,0,0,0
80,89,200,278,29,43,0,0,0,0
80,96,101,152,26,35,0,0,0,0
80,97,86,136,12,33,0,0,0,0
80,100,0,4,0,3,0,0,0,0
80,103,3,3,0,0,0,0,0,0
80,111,67,87,15,24,0,0,0,0
80,112,3,8,0,0,0,0,0,0
80,123,0,3,0,0,0,0,0,0
80,124,3,6,0,0,0,0,0,0
80,127,3,3,3,0,0,0,0,0
81,0,45,50,9,4,0,0,0,0
81,6,67,108,10,13,0,0,0,0
81,7,10,7,0,0,0,0,0,0
81,9,28,35,0,0,0,0,0,0
81,10,23,50,0,0,0,0,0,0
81,37,3,14,0,0,0,0,0,0
81,39,3,3,0,0,0,0,0,0
81,44,8,21,3,0,0,0,0,0
81,45,177,227,15,15,0,0,0,0
81,46,11,19,0,3,0,0,0,0
81,54,6,10,0,3,0,0,0,0
81,55,15,25,3,4,0,0,0,0
81,56,32,52,6,0,0,0,0,0
81,57,39,55,6,3,0,0,0,0
81,58,63,112,9,18,0,0,0,0
81,59,13,13,3,4,0,0,0,0
81,63,7,26,3,8,0,0,0,0
81,67,110,204,22,24,0,0,0,0
81,68,53,83,13,15,0,0,0,0
81,70,9,15,0,0,0,0,0,0
81,71,56,78,0,6,0,0,0,0
81,72,8,11,0,0,0,0,0,0
81,73,0,3,0,0,0,0,0,0
81,74,169,261,29,38,0,0,0,0
81,75,294,335,69,87,0,0,0,0
81,78,4,8,0,0,0,0,0,0
81,79,201,250,24,52,3,0,0,0
81,80,37,51,7,3,0,0,0,0
81,85,6,19,0,0,0,0,0,0
81,86,7,8,0,0,0,0,0,0
81,87,4,6,0,0,0,0,0,0
81,88,10,30,3,3,0,0,0,0
81,89,5,9,0,3,0,0,0,0
81,90,25,44,0,12,0,0,0,0
81,95,62,54,11,20,0,0,0,0
81,96,145,274,39,31,0,0,0,0
81,97,108,129,3,9,0,0,0,0
81,99,0,8,0,0,0,0,0,0
81,100,0,3,0,0,0,0,0,0
81,102,40,61,3,4,0,0,0,0
81,103,9,16,6,3,0,0,0,0
81,105,8,18,0,0,0,0,0,0
81,108,20,37,3,0,0,0,0,0
81,109,7,11,0,3,0,0,0,0
81,111,0,4,0,0,0,0,0,0
81,123,36,59,3,3,0,0,0,0
81,124,176,261,41,34,0,0,0,0
81,125,29,46,13,0,0,0,0,0
82,0,35,52,10,3,0,0,0,0
82,6,65,102,6,16,0,0,0,0
82,7,13,28,3,0,0,0,0,0
82,8,0,6,0,0,0,0,0,0
82,9,47,66,6,6,0,0,0,0
82,10,3,3,0,0,0,0,0,0
82,15,33,69,6,3,0,0,0,0
82,16,81,92,6,0,0,0,0,0
82,17,0,3,0,0,0,0,0,0
82,36,3,5,0,0,0,0,0,0
82,45,50,67,7,12,0,0,0,0
82,46,50,71,9,3,0,0,0,0
82,48,3,3,0,0,0,0,0,0
82,49,39,57,6,4,0,0,0,0
82,50,51,84,16,16,0,0,0,0
82,51,55,78,3,6,0,0,0,0
82,53,32,55,7,6,0,0,0,0
82,54,6,6,0,0,0,0,0,0
82,55,95,126,10,9,0,0,0,0
82,56,111,194,24,24,0,0,0,0
82,57,8,7,0,0,0,0,0,0
82,65,6,14,0,4,0,0,0,0
82,66,10,12,0,0,0,0,0,0
82,67,38,55,3,12,0,0,0,0
82,68,204,307,30,38,0,0,0,0
82,69,204,363,32,30,0,0,0,0
82,70,9,6,3,0,0,0,0,0
82,73,6,6,0,0,0,0,0,0
82,74,88,139,12,17,0,0,0,0
82,75,71,109,10,12,0,0,0,0
82,78,132,158,14,36,0,0,0,0
82,79,260,365,46,51,0,0,0,0
82,80,292,395,40,59,0,0,0,0
82,85,4,18,0,3,0,0,0,0
82,86,193,264,22,31,0,0,0,0
82,87,8,9,0,0,0,0,0,0
82,88,3,3,0,0,0,0,0,0
82,89,10,28,3,3,0,0,0,0
82,90,35,54,9,3,0,0,0,0
82,94,3,0,0,0,0,0,0,0
82,95,3,10,0,0,0,0,0,0
82,96,3,17,0,0,0,0,0,0
82,101,17,18,0,3,0,0,0,0
82,102,225,324,38,36,0,0,0,0
82,103,45,76,5,6,0,0,0,0
82,108,19,44,3,3,0,0,0,0
82,109,8,14,3,3,0,0,0,0
82,123,47,68,6,6,0,0,0,0
82,124,126,170,31,18,0,0,0,0
82,125,100,132,12,18,0,0,0,0
83,0,19,20,6,7,0,0,0,0
83,1,47,55,6,3,0,0,0,0
83,2,3,7,0,0,0,0,0,0
83,3,4,11,0,0,0,0,0,0
83,6,13,32,0,3,0,0,0,0
83,7,19,15,0,0,0,0,0,0
83,14,57,58,7,6,0,0,0,0
83,15,38,60,0,0,0,0,0,0
83,16,3,7,0,0,0,0,0,0
83,17,7,10,4,0,0,0,0,0
83,31,4,3,0,0,0,0,0,0
83,32,0,6,0,0,0,0,0,0
83,44,3,3,0,0,0,0,0,0
83,45,3,4,0,0,0,0,0,0
83,47,3,3,0,0,0,0,0,0
83,49,8,9,0,0,0,0,0,0
83,50,112,215,38,19,0,0,0,0
83,51,91,123,12,14,0,0,0,0
83,53,27,51,6,7,0,0,0,0
83,54,20,18,0,0,3,0,0,0
83,55,3,0,0,0,0,0,0,0
83,57,80,110,13,13,0,0,0,0
83,58,0,4,0,3,0,0,0,0
83,60,3,12,0,0,0,0,0,0
83,62,3,6,0,0,0,0,0,0
83,63,72,181,20,22,0,0,0,0
83,64,3,4,0,0,0,0,0,0
83,65,3,4,0,0,0,0,0,0
83,66,132,283,33,19,0,0,0,0
83,67,3,6,0,0,0,0,0,0
83,68,67,105,9,6,0,0,0,0
83,69,241,281,30,51,0,0,0,0
83,71,7,6,0,0,0,0,0,0
83,72,7,22,3,0,0,0,0,0
83,75,35,56,0,11,0,0,0,0
83,76,40,99,3,6,0,0,0,0
83,77,6,15,0,0,0,0,0,0
83,78,0,3,0,0,0,0,0,0
83,79,131,213,15,19,0,0,0,0
83,80,55,102,16,9,0,0,0,0
83,83,0,3,0,0,0,0,0,0
83,85,26,46,6,6,0,0,0,0
83,86,11,19,0,3,0,0,0,0
83,94,0,3,0,0,0,0,0,0
83,100,3,3,0,0,0,0,0,0
83,102,50,77,9,3,0,0,0,0
83,103,81,100,6,21,0,0,0,0
83,112,16,14,0,3,0,0,0,0
83,114,53,57,7,11,0,0,0,0
83,115,95,164,26,16,3,0,0,0
83,124,0,3,0,3,0,0,0,0
84,0,40,43,3,3,0,0,0,0
84,1,73,141,22,10,0,0,0,0
84,2,3,6,0,0,0,0,0,0
84,3,82,132,6,7,0,0,0,0
84,4,112,136,13,12,0,0,0,0
84,5,46,71,11,6,0,0,0,0
84,6,3,6,0,0,0,0,0,0
84,7,22,39,12,6,0,0,0,0
84,8,0,6,0,0,0,0,0,0
84,9,0,3,0,0,0,0,0,0
84,10,27,40,10,6,0,0,0,0
84,13,3,3,3,0,0,0,0,0
84,14,26,37,4,3,0,0,0,0
84,15,41,58,0,3,0,0,0,0
84,31,16,34,0,3,0,0,0,0
84,32,73,113,8,10,0,0,0,0
84,33,65,119,12,12,0,0,0,0
84,44,9,15,0,3,0,0,0,0
84,45,39,64,7,6,0,0,0,0
84,46,0,3,0,0,0,0,0,0
84,50,49,59,6,14,0,0,0,0
84,51,43,56,9,6,0,0,0,0
84,53,12,21,0,3,0,0,0,0
84,58,0,3,0,0,0,0,0,0
84,61,3,0,0,0,0,0,0,0
84,62,85,163,16,12,3,0,0,0
84,63,167,269,27,27,0,0,0,0
84,64,0,3,0,0,0,0,0,0
84,65,8,33,0,0,0,0,0,0
84,66,228,332,31,53,0,0,0,0
84,67,317,484,66,65,0,0,0,0
84,68,25,34,7,4,0,0,0,0
84,69,0,20,3,0,0,0,0,0
84,72,271,370,44,50,0,0,0,0
84,73,168,171,21,19,0,0,0,0
84,74,7,7,0,3,0,0,0,0
84,75,232,357,34,42,0,0,0,0
84,76,243,333,41,40,0,0,0,0
84,81,15,10,0,3,0,0,0,0
84,82,12,19,3,0,0,0,0,0
84,83,107,168,20,23,0,0,0,0
84,84,0,3,0,0,0,0,0,0
84,87,0,3,0,0,0,0,0,0
84,103,241,352,32,39,0,0,0,0
84,104,106,147,19,12,0,0,0,0
84,109,9,7,0,0,0,0,0,0
84,110,77,103,16,7,0,0,0,0
84,113,3,11,3,0,0,0,0,0
84,114,208,314,45,45,0,0,0,0
84,115,180,258,42,32,0,0,0,0
85,0,25,36,3,3,0,0,0,0
85,3,24,27,6,0,0,0,0,0
85,4,0,6,0,0,0,0,0,0
85,5,24,67,13,6,0,0,0,0
85,6,0,9,0,0,0,0,0,0
85,7,185,208,41,43,0,0,0,0
85,8,73,69,65,15,0,0,0,0
85,9,71,103,9,9,0,0,0,0
85,10,60,64,5,3,0,0,0,0
85,13,3,3,0,0,0,0,0,0
85,15,0,6,0,0,0,0,0,0
85,31,25,44,4,0,3,0,0,0
85,32,109,192,25,17,3,0,0,0
85,33,77,106,38,29,0,0,0,0
85,45,0,6,0,0,0,0,0,0
85,51,36,58,3,11,0,0,0,0
85,52,89,141,9,16,0,0,0,0
85,53,206,319,27,47,0,0,0,0
85,54,60,91,3,11,0,0,0,0
85,55,12,24,0,0,0,0,0,0
85,56,18,36,0,5,0,0,0,0
85,61,19,28,3,3,0,0,0,0
85,62,25,46,0,6,0,0,0,0
85,63,172,306,25,19,0,0,0,0
85,64,12,19,3,0,0,0,0,0
85,67,210,300,32,35,0,0,0,0
85,68,303,452,69,73,0,0,0,0
85,71,73,123,10,11,0,0,0,0
85,72,331,434,50,60,0,0,0,0
85,73,48,101,6,6,0,0,0,0
85,74,3,9,0,3,0,0,0,0
85,75,69,75,10,14,0,0,0,0
85,76,20,18,3,6,0,0,0,0
85,79,3,7,0,0,0,0,0,0
85,80,254,307,38,36,0,0,0,0
85,81,159,198,17,28,3,0,0,0
85,86,37,36,3,7,0,0,0,0
85,90,78,143,18,7,0,0,0,0
85,91,115,152,22,18,0,0,0,0
85,92,15,23,3,3,0,0,0,0
85,103,38,35,7,3,0,0,0,0
85,104,15,24,3,3,0,0,0,0
85,109,24,40,3,3,0,0,0,0
85,110,167,157,41,41,0,0,0,0
85,111,9,18,0,0,0,0,0,0
85,113,3,3,0,0,0,0,0,0
85,114,181,288,6,15,0,0,0,0
85,115,82,135,12,19,0,0,0,0
85,116,16,24,7,10,0,0,0,0
85,124,4,6,0,0,0,0,0,0
85,126,20,15,3,0,0,0,0,0
85,127,9,7,0,0,0,0,0,0
86,7,59,83,10,6,3,0,0,0
86,8,250,166,24,59,0,0,0,0
86,9,56,84,15,17,0,0,0,0
86,10,7,18,0,0,0,0,0,0
86,26,3,0,0,0,0,0,0,0
86,30,3,6,0,0,3,0,0,0
86,32,51,81,26,10,0,0,0,0
86,33,3,10,0,0,0,0,0,0
86,40,0,3,0,0,0,0,0,0
86,41,0,3,0,0,0,0,0,0
86,42,3,3,0,0,0,0,0,0
86,43,10,13,3,0,0,0,0,0
86,44,3,6,3,0,0,0,0,0
86,46,0,3,0,0,0,0,0,0
86,47,14,28,0,0,0,0,0,0
86,48,3,8,0,0,0,0,0,0
86,50,36,59,6,3,0,0,0,0
86,51,3,3,0,0,0,0,0,0
86,52,14,26,0,4,0,0,0,0
86,53,69,113,16,13,0,0,0,0
86,54,43,65,3,4,0,0,0,0
86,55,59,68,14,11,0,0,0,0
86,56,3,6,0,0,0,0,0,0
86,57,3,10,0,0,0,0,0,0
86,58,36,63,3,3,0,0,0,0
86,59,3,6,3,0,0,0,0,0
86,60,122,202,25,23,0,0,0,0
86,61,3,6,0,0,0,0,0,0
86,63,10,19,3,0,0,0,0,0
86,64,3,10,0,0,0,0,0,0
86,67,235,237,105,38,0,0,0,0
86,68,318,453,61,81,0,0,0,0
86,69,47,65,3,6,0,0,0,0
86,70,8,17,0,0,0,0,0,0
86,71,11,10,0,3,0,0,0,0
86,72,38,77,8,7,0,0,0,0
86,73,11,21,3,0,0,0,0,0
86,74,8,21,3,3,0,0,0,0
86,75,84,107,12,23,0,0,0,0
86,76,19,36,0,3,0,0,0,0
86,77,6,18,0,0,0,0,0,0
86,78,0,6,0,0,0,0,0,0
86,79,0,14,0,3,0,0,0,0
86,80,316,305,103,57,0,0,0,0
86,81,232,306,27,31,0,0,0,0
86,87,3,3,0,0,0,0,0,0
86,88,7,3,0,0,0,0,0,0
86,89,17,23,0,0,0,0,0,0
86,90,65,97,12,8,0,0,0,0
86,91,120,173,20,17,0,0,0,0
86,92,16,20,4,6,0,0,0,0
86,110,0,6,0,0,0,0,0,0
86,116,4,0,0,0,0,0,0,0
86,124,87,117,12,16,0,0,0,0
86,125,40,56,3,3,0,0,0,0
87,2,7,27,3,9,0,0,0,0
87,4,12,18,0,6,0,0,0,0
87,5,3,12,0,3,0,0,0,0
87,8,7,6,0,0,0,0,0,0
87,9,121,157,24,9,0,0,0,0
87,10,68,122,9,7,0,0,0,0
87,11,20,43,3,4,0,0,0,0
87,12,3,9,3,0,0,0,0,0
87,18,31,72,15,6,0,0,0,0
87,19,124,168,25,17,0,0,0,0
87,30,0,4,0,0,0,0,0,0
87,31,22,19,6,0,0,0,0,0
87,32,77,107,21,9,0,0,0,0
87,33,3,3,3,0,0,0,0,0
87,34,3,16,0,3,0,0,0,0
87,37,13,31,0,0,0,0,0,0
87,38,3,7,0,0,0,0,0,0
87,39,23,43,6,3,0,0,0,0
87,40,75,102,6,13,0,0,0,0
87,41,0,9,0,0,0,0,0,0
87,42,4,23,3,13,0,0,0,0
87,43,44,47,9,12,0,0,0,0
87,44,23,50,9,6,0,0,0,0
87,45,62,78,12,6,0,0,0,0
87,46,20,24,0,0,0,0,0,0
87,47,151,234,30,37,0,0,0,0
87,48,91,140,21,23,0,0,0,0
87,49,12,25,0,0,3,0,0,0
87,50,107,193,22,17,0,0,0,0
87,51,13,17,6,3,0,0,0,0
87,52,3,3,0,0,0,0,0,0
87,53,0,7,0,3,0,0,0,0
87,55,39,89,3,4,0,0,0,0
87,57,6,7,0,3,0,0,0,0
87,58,82,116,6,12,0,0,0,0
87,59,28,54,6,3,0,0,0,0
87,60,3,7,0,0,0,0,0,0
87,63,49,105,6,0,0,0,0,0
87,64,43,100,16,12,0,0,0,0
87,65,163,213,33,29,0,0,0,0
87,66,374,383,50,93,0,0,0,0
87,67,348,401,60,98,6,0,0,0
87,68,176,197,39,40,3,0,0,0
87,69,3,15,3,0,0,0,0,0
87,70,0,3,0,0,0,0,0,0
87,72,37,52,0,9,0,0,0,0
87,73,405,492,59,87,3,0,0,0
87,74,642,595,107,116,3,0,0,0
87,75,225,340,54,54,0,0,0,0
87,76,17,15,3,0,0,0,0,0
87,77,3,10,0,0,0,0,0,0
87,79,0,0,0,3,0,0,0,0
87,80,124,200,25,11,0,0,0,0
87,81,123,155,13,25,0,0,0,0
87,82,3,4,0,0,0,0,0,0
87,87,179,211,3,16,0,0,0,0
87,88,164,226,38,35,0,0,0,0
87,104,0,3,0,0,0,0,0,0
87,105,3,3,0,0,0,0,0,0
87,106,7,10,0,3,0,0,0,0
87,115,44,69,7,3,0,0,0,0
87,116,76,115,20,6,0,0,0,0
87,117,0,13,0,0,0,0,0,0
87,120,6,13,0,0,0,0,0,0
87,121,38,44,0,3,0,0,0,0
87,122,0,3,0,0,0,0,0,0
87,124,11,13,0,0,0,0,0,0
87,125,16,16,0,0,0,0,0,0
88,2,32,43,3,0,0,0,0,0
88,4,10,11,0,0,0,0,0,0
88,5,3,4,0,0,0,0,0,0
88,9,47,3,0,0,0,0,0,0
88,10,38,58,7,6,0,0,0,0
88,11,74,83,13,18,0,0,0,0
88,12,149,217,31,36,0,0,0,0
88,13,34,72,6,6,0,0,0,0
88,15,3,9,0,0,0,0,0,0
88,16,0,0,0,3,0,0,0,0
88,17,25,42,3,6,0,0,0,0
88,18,191,268,31,29,0,0,0,0
88,19,157,204,46,52,0,0,0,0
88,28,12,0,0,0,0,0,0,0
88,30,0,3,0,0,0,0,0,0
88,31,70,101,27,19,3,0,0,0
88,32,5,4,0,0,0,0,0,0
88,35,7,11,0,0,0,0,0,0
88,37,75,120,14,12,0,0,0,0
88,38,18,29,0,3,0,0,0,0
88,39,41,72,11,16,3,0,0,0
88,40,81,94,18,29,0,0,0,0
88,41,3,3,0,0,0,0,0,0
88,42,14,7,3,0,0,0,0,0
88,44,76,96,44,20,0,0,0,0
88,45,96,176,16,23,0,0,0,0
88,46,90,105,3,11,0,0,0,0
88,47,0,6,0,0,0,0,0,0
88,50,7,7,0,0,0,0,0,0
88,51,3,3,0,0,0,0,0,0
88,52,23,56,3,3,0,0,0,0
88,53,96,132,16,25,0,0,0,0
88,54,87,167,18,19,0,0,0,0
88,55,17,28,0,0,0,0,0,0
88,56,3,4,0,0,0,0,0,0
88,58,3,10,0,3,0,0,0,0
88,59,6,6,0,0,0,0,0,0
88,60,52,84,13,9,0,0,0,0
88,61,157,222,36,33,0,0,0,0
88,62,301,358,27,48,0,0,0,0
88,63,118,152,15,15,0,0,0,0
88,64,310,334,38,56,3,0,0,0
88,65,127,226,27,20,0,0,0,0
88,66,168,263,29,35,0,0,0,0
88,67,285,315,34,59,0,0,0,0
88,68,349,381,47,73,0,0,0,0
88,69,293,263,38,93,0,0,0,0
88,70,94,98,19,18,0,0,0,0
88,71,45,46,3,11,0,0,0,0
88,72,405,378,21,45,0,0,0,0
88,73,529,609,101,135,0,0,0,0
88,74,513,718,118,153,0,0,0,0
88,75,104,93,20,30,3,0,0,0
88,76,0,3,0,0,0,0,0,0
88,80,6,9,0,0,0,0,0,0
88,83,37,68,7,9,0,0,0,0
88,84,158,198,14,15,0,0,0,0
88,85,187,264,27,25,0,0,0,0
88,86,156,260,30,27,0,0,0,0
88,87,292,369,56,46,0,0,0,0
88,88,185,316,39,43,0,0,0,0
88,105,95,133,28,20,3,0,0,0
88,106,41,57,7,11,0,0,0,0
88,120,76,76,6,9,0,0,0,0
88,121,162,233,34,22,3,0,0,0
88,122,11,16,0,3,0,0,0,0
89,0,3,0,0,0,0,0,0,0
89,2,0,4,0,0,0,0,0,0
89,6,67,39,13,6,0,0,0,0
89,7,21,18,3,0,0,0,0,0
89,12,3,6,0,3,0,0,0,0
89,13,0,3,0,0,0,0,0,0
89,14,21,26,6,9,0,0,0,0
89,15,104,114,13,18,0,0,0,0
89,16,61,105,21,6,0,0,0,0
89,17,15,27,7,0,0,0,0,0
89,18,118,133,45,22,0,0,0,0
89,19,41,42,8,8,0,0,0,0
89,21,9,20,0,0,0,0,0,0
89,22,48,85,21,9,0,0,0,0
89,27,0,4,0,0,0,0,0,0
89,30,25,44,9,0,0,0,0,0
89,31,31,101,15,6,0,0,0,0
89,35,63,89,9,0,0,0,0,0
89,37,3,10,0,0,0,0,0,0
89,38,3,0,0,0,0,0,0,0
89,39,3,3,0,0,0,0,0,0
89,40,7,14,0,0,0,0,0,0
89,42,3,3,0,0,0,0,0,0
89,43,58,108,12,27,0,0,0,0
89,44,221,289,81,71,0,0,0,0
89,45,149,264,27,26,0,0,0,0
89,46,64,61,6,3,0,0,0,0
89,52,138,191,24,19,0,0,0,0
89,53,65,136,17,17,3,0,0,0
89,54,233,377,45,51,0,0,0,0
89,55,193,270,39,42,0,0,0,0
89,56,59,45,7,13,0,0,0,0
89,57,64,75,30,20,0,0,0,0
89,58,29,31,3,6,0,0,0,0
89,59,3,3,0,0,0,0,0,0
89,60,209,295,38,33,0,0,0,0
89,61,340,472,53,71,0,0,0,0
89,62,238,390,47,55,0,0,0,0
89,63,24,25,0,10,0,0,0,0
89,65,3,13,3,0,0,0,0,0
89,66,7,20,0,0,0,0,0,0
89,67,131,127,80,43,0,0,0,0
89,68,576,532,89,184,0,0,0,0
89,69,733,544,86,186,0,0,0,0
89,70,117,97,3,15,0,0,0,0
89,71,1013,794,88,190,0,0,0,0
89,72,379,411,60,90,0,0,0,0
89,73,290,364,44,54,0,0,0,0
89,74,169,230,15,40,0,0,0,0
89,76,3,9,0,0,0,0,0,0
89,83,197,268,54,35,0,0,0,0
89,84,197,308,37,38,0,0,0,0
89,85,131,144,103,35,0,0,0,0
89,86,39,41,6,7,0,0,0,0
89,87,44,76,12,5,0,0,0,0
89,88,41,86,6,9,0,0,0,0
89,103,102,135,22,15,0,0,0,0
89,104,160,236,46,27,0,0,0,0
89,105,202,293,37,31,0,0,0,0
89,110,20,30,6,9,0,0,0,0
89,111,34,40,6,6,0,0,0,0
89,125,3,11,0,0,0,0,0,0
90,0,0,3,0,0,0,0,0,0
90,3,3,3,0,0,0,0,0,0
90,6,12,25,0,6,0,0,0,0
90,7,67,85,9,9,0,0,0,0
90,10,15,20,0,0,0,0,0,0
90,14,25,31,6,6,0,0,0,0
90,15,47,76,14,13,0,0,0,0
90,16,86,118,18,19,0,0,0,0
90,17,126,120,41,32,0,0,0,0
90,18,182,184,53,41,0,0,0,0
90,19,12,9,66,3,0,0,0,0
90,22,3,7,0,0,0,0,0,0
90,30,13,11,3,3,0,0,0,0
90,31,11,14,0,0,0,0,0,0
90,32,3,3,0,5,0,0,0,0
90,35,25,49,3,9,3,0,0,0
90,36,6,5,0,0,0,0,0,0
90,44,144,215,6,28,0,0,0,0
90,45,24,35,6,10,3,0,0,0
90,48,3,4,0,0,0,0,0,0
90,49,48,84,9,12,0,0,0,0
90,53,16,16,0,3,0,0,0,0
90,55,83,77,12,19,3,0,0,0
90,56,194,257,51,48,0,0,0,0
90,57,312,407,74,89,0,0,0,0
90,58,234,323,111,54,0,0,0,0
90,59,37,46,9,13,0,0,0,0
90,60,52,123,19,15,0,0,0,0
90,61,84,107,17,14,0,0,0,0
90,62,42,92,15,3,0,0,0,0
90,63,0,7,0,0,0,0,0,0
90,64,20,29,0,3,0,0,0,0
90,65,33,45,0,8,0,0,0,0
90,66,58,74,13,11,0,0,0,0
90,67,282,293,105,96,3,0,0,0
90,68,539,647,126,166,0,0,0,0
90,69,1000,712,211,325,3,0,0,0
90,70,542,587,67,137,0,0,0,0
90,71,261,254,30,55,3,0,0,0
90,72,281,30,5,40,0,0,0,0
90,73,99,18,0,23,0,0,0,0
90,76,128,113,3,12,0,0,0,0
90,77,96,155,14,21,0,0,0,0
90,78,0,6,0,3,0,0,0,0
90,83,117,134,9,13,0,0,0,0
90,84,76,111,13,16,0,0,0,0
90,85,18,21,0,0,0,0,0,0
90,103,18,26,6,3,0,0,0,0
90,104,15,14,0,0,0,0,0,0
90,105,3,0,0,0,0,0,0,0
90,119,0,3,0,0,0,0,0,0
91,0,93,114,13,17,0,0,0,0
91,1,3,10,0,0,0,0,0,0
91,2,7,7,0,3,0,0,0,0
91,3,14,21,3,0,0,0,0,0
91,7,3,4,0,0,0,0,0,0
91,9,4,10,0,0,0,0,0,0
91,10,13,15,3,0,0,0,0,0
91,17,52,60,3,6,0,0,0,0
91,32,3,3,0,0,0,0,0,0
91,44,0,3,0,0,0,0,0,0
91,48,3,4,0,0,0,0,0,0
91,49,113,168,3,24,0,0,0,0
91,50,37,57,3,7,0,0,0,0
91,54,0,3,0,0,0,0,0,0
91,55,150,249,12,30,3,0,0,0
91,56,307,454,54,76,0,0,0,0
91,57,118,166,23,21,0,0,0,0
91,58,59,114,12,3,0,0,0,0
91,59,20,31,3,9,0,0,0,0
91,60,187,235,99,49,0,0,0,0
91,61,173,234,129,63,0,0,0,0
91,62,237,293,45,49,0,0,0,0
91,63,35,31,6,3,0,0,0,0
91,64,5,8,0,3,0,0,0,0
91,65,65,111,86,25,0,0,0,0
91,66,340,444,73,58,3,0,0,0
91,67,707,579,64,144,0,0,0,0
91,68,1059,1037,150,265,3,0,0,0
91,69,730,638,132,159,6,0,0,0
91,70,736,588,102,154,0,0,0,0
91,71,661,723,128,166,0,0,0,0
91,72,190,292,43,28,0,0,0,0
91,73,59,105,23,18,0,0,0,0
91,76,208,251,37,38,0,0,0,0
91,77,399,619,74,53,3,0,0,0
91,78,95,178,28,19,0,0,0,0
91,81,19,22,0,0,0,0,0,0
91,82,72,72,7,0,0,0,0,0
91,103,8,15,4,0,0,0,0,0
91,104,3,3,0,0,0,0,0,0
91,120,12,12,3,4,0,0,0,0
92,0,120,139,22,15,0,0,0,0
92,1,22,37,0,0,0,0,0,0
92,2,6,14,0,0,0,0,0,0
92,3,24,33,7,6,0,0,0,0
92,6,10,15,0,3,0,0,0,0
92,7,50,56,9,6,0,0,0,0
92,17,83,150,9,12,0,0,0,0
92,18,0,6,0,0,0,0,0,0
92,38,3,0,0,0,0,0,0,0
92,53,15,16,0,3,0,0,0,0
92,54,40,52,0,10,0,0,0,0
92,55,29,29,0,3,0,0,0,0
92,56,35,41,6,6,0,0,0,0
92,59,22,32,0,3,0,0,0,0
92,60,144,173,3,6,0,0,0,0
92,61,3,16,6,0,0,0,0,0
92,65,50,196,33,9,0,0,0,0
92,66,314,504,63,78,0,0,0,0
92,67,748,712,49,89,6,0,0,0
92,68,280,471,75,52,0,0,0,0
92,69,919,919,115,258,3,0,0,0
92,70,989,908,161,271,6,0,0,0
92,71,560,663,96,175,0,0,0,0
92,72,194,226,24,52,0,0,0,0
92,73,0,3,0,3,0,0,0,0
92,76,9,22,3,0,0,0,0,0
92,77,205,300,37,34,0,0,0,0
92,78,4,14,0,0,0,0,0,0
92,81,136,180,18,21,0,0,0,0
92,82,329,520,40,54,0,0,0,0
92,112,25,43,9,13,0,0,0,0
92,113,67,97,12,15,0,0,0,0
92,114,208,329,41,39,0,0,0,0
92,115,105,154,25,19,0,0,0,0
93,2,3,4,0,0,0,0,0,0
93,6,5,16,3,0,0,0,0,0
93,7,72,125,12,6,0,0,0,0
93,8,3,5,0,0,0,0,0,0
93,13,3,3,0,0,0,0,0,0
93,17,20,23,0,7,0,0,0,0
93,34,3,5,0,0,0,0,0,0
93,40,3,4,0,0,0,0,0,0
93,41,36,50,6,6,0,0,0,0
93,42,6,6,0,0,0,0,0,0
93,51,65,107,10,8,0,0,0,0
93,52,3,10,0,0,0,0,0,0
93,53,170,248,61,38,0,0,0,0
93,54,183,245,21,16,0,0,0,0
93,63,3,9,0,3,0,0,0,0
93,66,461,571,38,86,0,0,0,0
93,67,436,568,64,62,0,0,0,0
93,68,484,600,79,91,0,0,0,0
93,69,587,518,55,88,0,0,0,0
93,70,587,543,63,108,0,0,0,0
93,71,69,93,20,18,0,0,0,0
93,72,20,38,3,4,0,0,0,0
93,73,7,15,3,0,0,0,0,0
93,77,6,20,3,3,0,0,0,0
93,80,17,21,6,6,0,0,0,0
93,81,154,271,37,19,0,0,0,0
93,82,21,43,3,3,0,0,0,0
93,103,41,49,7,7,0,0,0,0
93,104,42,43,6,12,0,0,0,0
93,112,62,93,16,9,0,0,0,0
93,113,22,39,13,6,0,0,0,0
93,114,189,256,70,37,0,0,0,0
93,115,77,129,21,9,3,0,0,0
94,4,0,3,0,0,0,0,0,0
94,7,11,15,0,0,0,0,0,0
94,8,74,95,13,6,3,0,0,0
94,17,3,3,0,3,0,0,0,0
94,41,97,151,34,10,0,0,0,0
94,42,40,81,12,3,0,0,0,0
94,47,96,143,28,18,0,0,0,0
94,48,16,17,3,3,0,0,0,0
94,51,45,91,12,6,0,0,0,0
94,52,140,215,37,31,0,0,0,0
94,53,70,129,10,14,0,0,0,0
94,54,14,16,3,3,0,0,0,0
94,60,3,6,0,0,0,0,0,0
94,67,0,3,0,0,0,0,0,0
94,68,4,4,0,0,0,0,0,0
94,70,72,93,0,0,0,0,0,0
94,71,70,75,12,10,0,0,0,0
94,72,14,11,0,0,0,0,0,0
94,75,0,4,0,0,0,0,0,0
94,78,3,6,0,0,0,0,0,0
94,102,14,13,0,6,0,0,0,0
94,103,149,188,29,35,3,0,0,0
94,104,72,118,13,12,0,0,0,0
94,115,11,12,0,0,0,0,0,0
94,127,3,0,0,0,0,0,0,0
95,0,38,47,3,3,0,0,0,0
95,1,6,17,6,6,0,0,0,0
95,3,0,4,0,0,0,0,0,0
95,4,71,120,16,9,0,0,0,0
95,5,11,20,0,3,0,0,0,0
95,7,3,6,0,0,0,0,0,0
95,8,0,7,0,0,0,0,0,0
95,10,9,13,3,0,0,0,0,0
95,12,4,4,0,0,0,0,0,0
95,13,6,19,9,6,0,0,0,0
95,14,23,16,3,6,0,0,0,0
95,27,43,58,9,17,0,0,0,0
95,41,24,35,0,3,0,0,0,0
95,42,9,11,0,0,0,0,0,0
95,44,9,6,3,0,0,0,0,0
95,47,31,52,3,3,0,0,0,0
95,51,3,3,0,0,0,0,0,0
95,57,19,36,3,0,0,0,0,0
95,58,191,265,44,22,0,0,0,0
95,59,410,484,44,59,3,0,0,0
95,60,35,45,3,4,0,0,0,0
95,61,0,9,3,3,0,0,0,0
95,63,3,3,0,0,0,0,0,0
95,68,0,3,0,0,0,0,0,0
95,69,8,3,0,6,0,0,0,0
95,71,20,47,6,9,0,0,0,0
95,72,5,18,3,3,0,0,0,0
95,73,110,178,13,13,0,0,0,0
95,74,336,584,77,77,3,0,0,0
95,75,22,90,21,4,0,0,0,0
95,76,28,36,3,9,0,0,0,0
95,78,3,3,0,0,0,0,0,0
95,79,0,3,0,0,0,0,0,0
95,102,6,8,0,3,0,0,0,0
95,103,55,88,6,15,0,0,0,0
95,110,51,98,11,12,0,0,0,0
96,2,6,6,0,0,0,0,0,0
96,4,14,9,0,6,0,0,0,0
96,5,24,31,5,3,0,0,0,0
96,7,29,35,9,3,0,0,0,0
96,8,34,59,3,9,0,0,0,0
96,9,37,56,7,13,0,0,0,0
96,10,143,229,23,29,0,0,0,0
96,11,236,314,6,27,0,0,0,0
96,12,0,3,0,0,0,0,0,0
96,13,4,0,0,0,0,0,0,0
96,25,0,3,0,0,0,0,0,0
96,27,14,16,0,0,0,0,0,0
96,28,89,97,12,18,0,0,0,0
96,44,6,10,0,0,0,0,0,0
96,57,41,92,0,9,0,0,0,0
96,58,193,298,44,27,0,0,0,0
96,59,12,8,0,4,0,0,0,0
96,72,19,34,3,3,0,0,0,0
96,73,194,252,22,42,0,0,0,0
96,74,422,457,58,84,0,0,0,0
96,75,323,484,141,68,0,0,0,0
96,76,46,92,14,13,0,0,0,0
96,77,66,72,4,4,0,0,0,0
96,79,0,3,0,0,0,0,0,0
96,104,0,3,0,0,0,0,0,0
96,108,32,53,0,0,0,0,0,0
96,109,156,233,30,21,0,0,0,0
96,110,4,3,0,3,0,0,0,0
96,112,90,145,12,18,0,0,0,0
97,5,4,9,0,0,0,0,0,0
97,6,5,27,0,0,0,0,0,0
97,7,127,173,17,27,0,0,0,0
97,8,6,3,3,0,0,0,0,0
97,9,103,116,14,21,0,0,0,0
97,10,188,247,81,29,0,0,0,0
97,11,113,153,45,31,0,0,0,0
97,25,23,38,0,3,0,0,0,0
97,26,4,6,0,0,0,0,0,0
97,28,28,46,3,9,0,0,0,0
97,29,39,33,3,9,0,0,0,0
97,33,17,20,6,4,0,0,0,0
97,34,111,184,18,16,0,0,0,0
97,35,117,132,18,17,0,0,0,0
97,36,16,20,0,0,0,0,0,0
97,67,50,96,9,9,0,0,0,0
97,72,39,35,0,5,0,0,0,0
97,73,419,466,49,90,0,0,0,0
97,74,299,397,36,41,0,0,0,0
97,75,89,135,6,12,0,0,0,0
97,76,0,6,0,0,0,0,0,0
97,82,0,3,0,3,0,0,0,0
97,101,22,30,3,5,0,0,0,0
97,104,14,18,0,0,0,0,0,0
97,108,11,29,0,3,0,0,0,0
97,109,156,166,13,11,0,0,0,0
97,110,6,6,0,0,0,0,0,0
97,112,6,7,0,0,0,0,0,0
97,115,15,27,6,4,0,0,0,0
97,116,9,7,0,0,0,0,0,0
98,0,4,0,0,0,0,0,0,0
98,1,24,27,9,13,0,0,0,0
98,2,46,33,3,0,0,0,0,0
98,5,0,3,0,0,0,0,0,0
98,6,13,22,3,3,0,0,0,0
98,7,114,172,22,15,0,0,0,0
98,9,8,3,0,0,0,0,0,0
98,10,306,302,28,48,0,0,0,0
98,11,132,188,15,20,0,0,0,0
98,12,14,19,0,3,0,0,0,0
98,16,4,3,0,0,0,0,0,0
98,17,50,74,7,12,0,0,0,0
98,18,5,7,0,0,0,0,0,0
98,34,26,44,3,3,0,0,0,0
98,35,37,56,3,3,0,0,0,0
98,36,29,58,3,0,0,0,0,0
98,40,0,3,0,0,0,0,0,0
98,41,0,3,0,0,0,0,0,0
98,64,3,3,0,0,0,0,0,0
98,65,3,0,0,0,0,0,0,0
98,66,20,15,86,11,0,0,0,0
98,67,181,260,41,35,0,0,0,0
98,68,34,70,11,7,0,0,0,0
98,71,3,3,0,0,0,0,0,0
98,73,69,76,3,3,0,0,0,0
98,74,6,8,0,0,0,0,0,0
98,83,12,10,3,0,0,0,0,0
98,101,62,68,8,13,0,0,0,0
98,104,3,4,0,0,0,0,0,0
98,109,0,3,3,0,0,0,0,0
99,1,3,3,0,0,0,0,0,0
99,2,3,6,0,0,0,0,0,0
99,10,213,252,33,38,0,0,0,0
99,11,325,297,72,58,0,0,0,0
99,12,3,3,0,0,0,0,0,0
99,14,3,3,0,0,0,0,0,0
99,17,14,35,0,3,0,0,0,0
99,18,4,3,0,0,0,0,0,0
99,19,12,30,3,0,0,0,0,0
99,20,0,3,0,0,0,0,0,0
99,22,0,6,0,0,0,0,0,0
99,23,49,79,0,0,0,0,0,0
99,39,17,40,3,6,0,0,0,0
99,41,0,6,3,0,0,0,0,0
99,43,62,75,12,16,0,0,0,0
99,52,9,15,0,0,0,0,0,0
99,53,156,223,9,26,0,0,0,0
99,54,3,18,3,0,0,0,0,0
99,60,12,15,0,0,0,0,0,0
99,62,6,11,0,0,0,0,0,0
99,64,135,195,22,22,0,0,0,0
99,65,25,37,7,0,0,0,0,0
99,70,128,157,9,13,0,0,0,0
99,71,74,156,19,12,0,0,0,0
99,72,3,7,0,3,0,0,0,0
99,82,20,38,3,3,0,0,0,0
99,83,123,153,33,34,0,0,0,0
99,84,9,14,3,5,0,0,0,0
99,99,16,19,0,3,0,0,0,0
99,100,48,56,6,6,0,0,0,0
99,101,0,3,0,0,0,0,0,0
99,103,10,3,0,0,0,0,0,0
99,104,63,75,9,11,0,0,0,0
99,105,72,74,7,14,0,0,0,0
99,109,7,4,0,0,0,0,0,0
99,113,31,49,7,0,0,0,0,0
99,114,83,60,6,4,0,0,0,0
100,3,43,27,0,9,0,0,0,0
100,4,68,79,13,12,0,0,0,0
100,6,7,3,0,0,0,0,0,0
100,7,0,4,0,0,0,0,0,0
100,10,0,3,0,0,0,0,0,0
100,11,86,108,6,9,0,0,0,0
100,13,0,3,0,0,0,0,0,0
100,14,0,12,0,0,0,0,0,0
100,16,13,14,0,3,0,0,0,0
100,19,6,14,3,0,0,0,0,0
100,21,102,105,17,14,0,0,0,0
100,22,42,34,3,9,0,0,0,0
100,23,73,82,12,6,0,0,0,0
100,39,90,163,6,18,0,0,0,0
100,40,22,48,3,0,0,0,0,0
100,42,0,3,0,0,0,0,0,0
100,46,3,3,0,0,0,0,0,0
100,51,38,55,0,0,0,0,0,0
100,52,23,32,0,3,0,0,0,0
100,53,81,103,3,12,0,0,0,0
100,59,72,117,14,16,0,0,0,0
100,60,114,156,22,12,3,0,0,0
100,63,4,3,0,0,0,0,0,0
100,64,22,26,3,0,0,0,0,0
100,70,79,113,14,18,0,0,0,0
100,71,136,200,38,36,0,0,0,0
100,81,0,3,0,0,0,0,0,0
100,83,7,20,0,0,0,0,0,0
100,99,142,190,21,24,0,0,0,0
100,100,233,267,48,35,0,0,0,0
100,101,3,3,0,0,0,0,0,0
100,103,3,8,0,0,0,0,0,0
100,104,135,227,31,16,0,0,0,0
100,105,134,138,72,32,0,0,0,0
100,106,3,7,0,0,0,0,0,0
100,112,8,31,5,4,0,0,0,0
100,113,147,267,44,22,0,0,0,0
100,114,214,310,28,32,0,0,0,0
101,1,5,3,0,0,0,0,0,0
101,3,8,16,0,0,0,0,0,0
101,4,6,17,3,0,0,0,0,0
101,8,5,4,0,0,0,0,0,0
101,9,74,131,13,9,0,0,0,0
101,10,50,41,0,6,0,0,0,0
101,11,3,3,0,0,0,0,0,0
101,12,0,3,0,0,0,0,0,0
101,13,0,4,0,0,0,0,0,0
101,15,37,41,3,5,0,0,0,0
101,16,37,45,3,6,0,0,0,0
101,19,0,3,0,0,0,0,0,0
101,20,3,3,0,0,0,0,0,0
101,21,4,3,0,0,0,0,0,0
101,22,4,7,0,0,0,0,0,0
101,23,0,3,0,0,0,0,0,0
101,39,50,32,3,3,0,0,0,0
101,40,37,44,3,3,0,0,0,0
101,41,0,3,0,0,0,0,0,0
101,42,137,179,38,18,0,0,0,0
101,43,3,0,0,3,0,0,0,0
101,45,37,53,10,7,0,0,0,0
101,46,96,154,10,6,0,0,0,0
101,48,47,31,3,0,0,0,0,0
101,49,46,58,3,0,0,0,0,0
101,50,3,0,0,0,0,0,0,0
101,51,8,16,0,0,0,0,0,0
101,52,20,33,3,0,0,0,0,0
101,56,0,4,0,0,0,0,0,0
101,59,51,69,3,3,0,0,0,0
101,60,28,47,4,0,0,0,0,0
101,67,7,6,0,0,0,0,0,0
101,78,0,6,3,3,0,0,0,0
101,97,4,0,3,0,0,0,0,0
101,98,90,142,22,23,0,0,0,0
101,99,248,361,50,61,3,0,0,0
101,100,441,500,42,83,3,0,0,0
101,105,56,80,9,16,0,0,0,0
101,109,4,8,0,0,0,0,0,0
101,110,21,43,0,7,0,0,0,0
101,112,163,215,7,22,6,0,0,0
101,113,283,433,75,38,0,0,0,0
101,114,394,502,118,87,0,0,0,0
101,115,42,43,6,6,0,0,0,0
102,0,3,4,0,0,0,0,0,0
102,1,3,6,3,0,0,0,0,0
102,4,0,3,0,0,0,0,0,0
102,5,3,3,0,0,0,0,0,0
102,6,0,3,0,0,0,0,0,0
102,8,7,6,0,0,0,0,0,0
102,9,119,180,42,11,0,0,0,0
102,10,54,75,10,11,0,0,0,0
102,13,4,6,0,0,0,0,0,0
102,14,68,105,18,15,0,0,0,0
102,15,60,100,7,6,0,0,0,0
102,19,23,24,0,0,0,0,0,0
102,20,77,119,6,3,0,0,0,0
102,21,3,4,0,0,0,0,0,0
102,25,0,3,0,0,0,0,0,0
102,40,0,4,3,0,0,0,0,0
102,42,125,178,16,16,0,0,0,0
102,43,6,9,0,0,0,0,0,0
102,48,57,74,12,6,0,0,0,0
102,49,84,117,7,3,0,0,0,0
102,55,3,3,0,0,0,0,0,0
102,63,3,6,0,0,0,0,0,0
102,66,76,122,13,16,0,0,0,0
102,67,128,216,15,17,3,0,0,0
102,71,5,7,0,0,0,0,0,0
102,81,3,3,0,0,0,0,0,0
102,97,17,39,9,3,0,0,0,0
102,98,301,405,61,74,0,0,0,0
102,99,127,238,40,41,0,0,0,0
102,100,274,418,20,43,0,0,0,0
102,108,10,10,0,0,0,0,0,0
102,110,0,10,0,0,0,0,0,0
102,111,40,67,6,13,0,0,0,0
102,112,160,269,18,19,0,0,0,0
102,113,292,490,112,50,3,0,0,0
102,114,271,366,55,60,0,0,0,0
102,115,27,37,5,4,0,0,0,0
103,3,3,0,0,0,0,0,0,0
103,9,6,14,0,0,0,0,0,0
103,11,22,44,0,5,0,0,0,0
103,12,18,35,10,4,0,0,0,0
103,13,0,6,0,0,0,0,0,0
103,14,36,53,3,10,0,0,0,0
103,15,0,0,0,3,0,0,0,0
103,16,3,8,0,0,0,0,0,0
103,20,66,62,6,3,0,0,0,0
103,24,68,111,3,7,0,0,0,0
103,25,3,3,0,0,0,0,0,0
103,30,24,30,11,0,0,0,0,0
103,31,25,39,6,3,0,0,0,0
103,34,71,0,0,0,0,0,0,0
103,35,6,8,3,3,0,0,0,0
103,37,44,65,3,9,0,0,0,0
103,38,6,10,0,0,0,0,0,0
103,42,0,6,0,3,0,0,0,0
103,48,3,3,0,0,0,0,0,0
103,65,3,3,0,0,0,0,0,0
103,66,9,32,0,0,0,0,0,0
103,67,3,6,0,0,0,0,0,0
103,70,14,24,0,0,0,0,0,0
103,71,7,7,3,6,0,0,0,0
103,72,3,3,0,0,0,0,0,0
103,76,7,6,4,0,0,0,0,0
103,77,16,39,3,3,0,0,0,0
103,80,191,245,9,23,0,0,0,0
103,81,95,182,22,6,0,0,0,0
103,82,3,0,0,0,0,0,0,0
103,96,5,20,3,0,0,0,0,0
103,97,109,88,13,26,4,0,0,0
103,98,494,490,149,115,0,0,0,0
103,99,247,365,51,53,3,0,0,0
103,100,232,282,20,26,0,0,0,0
103,101,13,21,0,3,0,0,0,0
103,107,15,17,0,3,0,0,0,0
103,108,488,551,115,117,0,0,0,0
103,109,198,269,32,37,0,0,0,0
103,110,87,185,21,9,0,0,0,0
103,111,221,333,41,21,0,0,0,0
103,112,156,243,23,23,0,0,0,0
103,113,209,356,37,28,0,0,0,0
103,114,113,239,42,16,0,0,0,0
103,115,42,40,6,7,0,0,0,0
103,126,12,22,3,3,0,0,0,0
103,127,45,37,3,3,0,0,0,0
104,6,3,8,0,0,0,0,0,0
104,12,13,19,0,0,0,0,0,0
104,16,103,143,45,31,0,0,0,0
104,17,22,34,0,8,0,0,0,0
104,20,25,43,0,3,0,0,0,0
104,21,30,49,6,3,0,0,0,0
104,23,7,18,0,0,0,0,0,0
104,24,82,109,11,9,0,0,0,0
104,25,3,7,3,0,0,0,0,0
104,31,22,28,28,21,0,0,0,0
104,35,85,111,12,9,0,0,0,0
104,36,120,181,21,26,0,0,0,0
104,54,126,154,3,6,0,0,0,0
104,61,0,3,0,0,0,0,0,0
104,64,6,9,3,0,0,0,0,0
104,65,3,3,0,0,0,0,0,0
104,70,150,265,26,15,0,0,0,0
104,71,45,71,6,0,0,0,0,0
104,76,187,284,39,40,0,0,0,0
104,77,213,316,49,40,0,0,0,0
104,80,159,274,14,29,0,0,0,0
104,81,136,202,65,20,0,0,0,0
104,82,151,207,22,36,3,0,0,0
104,96,277,337,72,66,0,0,0,0
104,97,26,32,3,6,0,0,0,0
104,98,218,227,55,54,0,0,0,0
104,99,488,515,110,100,0,0,0,0
104,100,144,162,10,13,0,0,0,0
104,102,3,4,0,0,0,0,0,0
104,106,99,136,22,18,0,0,0,0
104,107,193,298,39,31,0,0,0,0
104,108,487,647,81,110,0,0,0,0
104,109,86,123,26,19,0,0,0,0
104,110,371,388,39,85,0,0,0,0
104,111,353,421,45,60,0,0,0,0
104,112,39,56,74,14,0,0,0,0
104,126,54,71,14,4,0,0,0,0
104,127,462,633,68,60,0,0,0,0
105,4,0,3,0,0,0,0,0,0
105,5,0,8,0,0,0,0,0,0
105,19,37,42,9,9,0,0,0,0
105,20,13,21,0,0,0,0,0,0
105,23,8,11,3,0,0,0,0,0
105,24,0,3,0,0,0,0,0,0
105,27,3,7,0,0,0,0,0,0
105,31,3,3,0,0,0,0,0,0
105,36,87,120,9,11,0,0,0,0
105,37,0,3,0,0,0,0,0,0
105,43,11,9,0,3,0,0,0,0
105,53,153,149,52,44,0,0,0,0
105,54,212,314,42,33,0,0,0,0
105,55,26,38,0,6,0,0,0,0
105,56,42,57,3,0,0,0,0,0
105,60,30,49,3,12,0,0,0,0
105,61,153,247,22,18,0,0,0,0
105,68,32,0,0,0,0,0,0,0
105,70,74,85,6,15,0,0,0,0
105,71,53,95,10,15,0,0,0,0
105,76,23,27,0,3,0,0,0,0
105,80,125,202,19,23,0,0,0,0
105,81,209,280,34,39,0,0,0,0
105,82,177,260,31,35,0,0,0,0
105,83,0,3,0,0,0,0,0,0
105,86,0,3,0,0,0,0,0,0
105,95,66,98,6,15,0,0,0,0
105,96,341,433,34,74,0,0,0,0
105,97,0,7,0,0,0,0,0,0
105,98,118,118,13,39,0,0,0,0
105,99,138,151,10,32,0,0,0,0
105,100,6,9,0,3,0,0,0,0
105,106,13,21,3,7,0,0,0,0
105,107,60,126,18,6,0,0,0,0
105,108,112,127,16,14,0,0,0,0
105,109,86,127,17,15,0,0,0,0
105,110,57,39,13,12,0,0,0,0
105,111,116,119,16,37,0,0,0,0
105,112,218,296,49,45,0,0,0,0
105,113,95,150,22,20,0,0,0,0
105,115,3,0,0,0,0,0,0,0
105,121,3,16,0,0,0,0,0,0
105,122,231,354,32,38,0,0,0,0
105,123,53,120,19,16,0,0,0,0
105,126,3,14,0,3,0,0,0,0
105,127,96,143,21,9,0,0,0,0
106,0,19,29,3,0,0,0,0,0
106,13,50,50,7,4,0,0,0,0
106,14,14,11,0,0,0,0,0,0
106,19,28,62,8,9,0,0,0,0
106,20,53,62,8,11,0,0,0,0
106,21,3,6,0,0,0,0,0,0
106,23,64,83,15,14,0,0,0,0
106,24,24,28,0,0,0,0,0,0
106,27,0,3,0,0,0,0,0,0
106,29,4,4,0,0,0,0,0,0
106,31,97,130,10,12,0,0,0,0
106,32,3,6,0,3,0,0,0,0
106,36,8,14,3,0,0,0,0,0
106,43,72,112,12,3,0,0,0,0
106,46,0,3,0,0,0,0,0,0
106,49,0,0,3,0,0,0,0,0
106,53,45,70,10,12,0,0,0,0
106,54,194,192,20,28,0,0,0,0
106,55,108,107,9,9,0,0,0,0
106,56,0,0,0,3,0,0,0,0
106,60,109,167,29,10,0,0,0,0
106,61,74,129,6,12,0,0,0,0
106,80,104,146,15,12,0,0,0,0
106,81,6,9,0,0,0,0,0,0
106,86,118,179,31,23,0,0,0,3
106,87,116,139,18,18,0,0,0,0
106,89,4,3,0,3,0,0,0,0
106,94,148,231,25,19,0,0,0,0
106,95,379,557,80,56,0,0,0,0
106,96,317,431,61,76,0,0,0,0
106,97,8,8,0,3,0,0,0,0
106,100,14,14,0,0,0,0,0,0
106,101,8,13,0,0,0,0,0,0
106,106,48,87,17,3,0,0,0,0
106,107,42,88,12,20,0,0,0,0
106,111,128,163,26,20,0,0,0,0
106,112,227,276,36,52,0,0,0,0
106,113,168,196,16,32,0,0,0,0
106,121,12,14,0,0,0,0,0,0
106,122,347,530,93,58,0,0,0,0
106,123,65,154,22,10,0,0,0,0
107,0,84,127,6,12,0,0,0,0
107,5,3,3,0,3,0,0,0,0
107,6,0,6,0,0,0,0,0,0
107,7,0,3,0,0,0,0,0,0
107,12,3,3,0,0,0,0,0,0
107,13,100,89,9,11,0,0,0,0
107,14,0,6,0,0,0,0,0,0
107,15,0,0,0,0,3,0,0,0
107,18,10,20,3,3,0,0,0,0
107,19,159,250,25,30,0,0,0,0
107,20,64,45,6,8,0,0,0,0
107,21,71,52,12,14,0,0,0,0
107,28,75,102,21,6,0,0,0,0
107,29,141,165,14,24,0,0,0,0
107,31,16,25,0,3,0,0,0,0
107,39,15,23,3,3,0,0,0,0
107,40,26,55,6,3,0,0,0,0
107,43,0,3,0,0,0,0,0,0
107,44,3,3,0,3,0,0,0,0
107,45,33,62,8,0,0,0,0,0
107,46,65,93,15,20,0,0,0,0
107,54,7,6,0,0,0,0,0,0
107,55,15,30,0,0,0,0,0,0
107,71,3,6,0,0,0,0,0,0
107,72,9,7,0,0,0,0,0,0
107,74,3,3,0,0,0,0,0,0
107,75,8,10,0,0,0,0,0,0
107,84,0,3,0,0,0,0,0,0
107,85,33,41,8,4,0,0,0,0
107,86,169,252,35,43,3,0,0,0
107,87,46,80,15,10,0,0,0,0
107,89,13,3,0,3,0,0,0,0
107,95,45,88,9,20,0,0,0,0
107,96,86,119,9,13,0,0,0,0
107,98,6,9,0,0,0,0,0,0
107,99,4,4,3,0,0,0,0,0
107,101,0,3,0,0,0,0,0,0
107,105,39,54,10,0,0,0,0,0
107,106,383,454,79,63,0,0,0,0
107,107,58,118,10,7,0,0,0,0
107,121,72,107,12,11,0,0,0,0
107,122,20,25,0,3,0,0,0,0
107,127,98,130,21,24,0,0,0,0
108,0,8,16,0,6,0,0,0,0
108,5,0,6,0,0,0,0,0,0
108,6,4,3,0,0,0,0,0,0
108,12,4,3,0,0,0,0,0,0
108,14,19,15,0,6,0,0,0,0
108,16,0,3,0,0,0,0,0,0
108,19,72,102,14,12,0,0,0,0
108,20,6,8,3,0,0,0,0,0
108,21,125,142,18,28,0,0,0,0
108,22,3,16,0,0,0,0,0,0
108,30,0,3,0,0,0,0,0,0
108,35,3,4,0,0,0,0,0,0
108,40,46,82,9,0,0,0,0,0
108,44,0,0,0,3,0,0,0,0
108,45,4,3,0,0,0,0,0,0
108,46,156,203,24,25,0,0,0,0
108,47,0,3,0,0,0,0,0,0
108,70,8,9,0,0,0,0,0,0
108,72,3,0,0,0,0,0,0,0
108,85,30,24,0,3,0,0,0,0
108,86,28,17,6,8,0,0,0,0
108,89,9,9,0,0,0,0,0,0
108,97,7,14,0,0,0,0,0,0
108,98,176,240,32,42,0,0,0,0
108,103,3,3,0,0,0,0,0,0
108,104,40,64,13,6,0,0,0,0
108,105,12,44,7,0,0,0,0,0
108,106,84,119,13,16,0,0,0,0
108,120,54,118,11,14,0,0,0,0
108,121,271,445,64,44,0,0,0,0
108,122,99,113,7,19,0,0,0,0
108,127,166,249,43,17,3,0,0,0
109,0,7,3,3,0,0,0,0,0
109,4,3,3,0,0,0,0,0,0
109,10,10,22,4,3,3,0,0,0
109,11,0,3,0,0,0,0,0,0
109,12,0,3,0,0,0,0,0,0
109,14,71,130,13,16,0,0,0,0
109,15,6,10,0,0,0,0,0,0
109,21,16,13,3,0,0,0,0,0
109,22,29,16,0,0,0,0,0,0
109,24,17,9,0,3,0,0,0,0
109,25,15,11,3,0,0,0,0,0
109,26,8,3,0,0,0,0,0,0
109,27,0,3,0,0,0,0,0,0
109,28,0,3,0,0,0,0,0,0
109,30,0,3,0,0,0,0,0,0
109,33,3,6,0,0,0,0,0,0
109,36,4,4,0,0,0,0,0,0
109,37,0,8,0,0,0,0,0,0
109,45,3,9,0,0,0,0,0,0
109,46,136,147,12,39,0,0,0,0
109,47,3,6,0,0,0,0,0,0
109,61,4,6,0,0,0,0,0,0
109,65,29,44,3,5,0,0,0,0
109,66,52,39,7,3,0,0,0,0
109,77,0,3,0,0,0,0,0,0
109,79,3,3,0,0,0,0,0,0
109,84,0,6,0,0,0,0,0,0
109,88,0,5,0,0,0,0,0,0
109,98,38,66,8,13,3,0,0,0
109,102,0,6,0,0,0,0,0,0
109,103,59,96,10,13,0,0,0,0
109,104,194,247,25,32,0,0,0,0
109,105,21,38,5,3,0,0,0,0
109,118,3,4,0,0,0,0,0,0
109,119,0,3,0,0,0,0,0,0
109,120,78,138,13,14,0,0,0,0
109,121,50,104,16,16,0,0,0,0
109,122,34,51,3,6,0,0,0,0
110,2,17,26,3,0,3,0,0,0
110,3,9,34,0,0,0,0,0,0
110,9,35,58,9,9,0,0,0,0
110,10,19,23,0,3,0,0,0,0
110,11,8,17,0,3,0,0,0,0
110,12,22,33,9,3,0,0,0,0
110,14,6,10,0,0,0,0,0,0
110,16,5,6,0,0,0,0,0,0
110,20,3,9,0,0,0,0,0,0
110,21,66,110,18,12,0,0,0,0
110,22,31,38,17,8,0,0,0,0
110,24,15,17,3,6,0,0,0,0
110,25,125,169,29,39,0,0,0,0
110,26,6,10,0,0,0,0,0,0
110,27,3,7,0,0,0,0,0,0
110,32,61,81,8,10,0,0,0,0
110,33,41,61,3,3,0,0,0,0
110,34,0,3,0,3,0,0,0,0
110,37,3,4,0,0,0,0,0,0
110,38,46,73,6,9,0,0,0,0
110,42,3,3,0,0,0,0,0,0
110,46,171,222,38,39,0,0,0,0
110,47,34,35,0,4,0,0,0,0
110,61,69,83,12,9,0,0,0,0
110,70,6,8,0,0,0,0,0,0
110,79,78,128,12,19,0,0,0,0
110,92,3,3,0,0,0,0,0,0
110,95,20,23,6,6,0,0,0,0
110,101,20,25,6,0,0,0,0,0
110,102,143,220,13,30,0,0,0,0
110,103,43,75,0,8,0,0,0,0
110,104,24,55,6,6,0,0,0,0
110,105,3,4,0,0,0,0,0,0
110,106,0,3,0,0,0,0,0,0
111,1,0,3,0,0,0,0,0,0
111,2,38,61,3,3,0,0,0,0
111,3,124,167,21,10,3,0,0,0
111,4,14,32,3,0,0,0,0,0
111,8,26,30,6,3,0,0,0,0
111,9,180,224,25,34,6,0,0,0
111,10,33,38,0,6,0,0,0,0
111,12,13,17,0,0,0,0,0,0
111,16,124,177,15,16,0,0,0,0
111,17,10,28,0,3,0,0,0,0
111,20,208,257,58,40,0,0,0,0
111,21,297,392,146,63,3,0,0,0
111,22,93,139,53,26,0,0,0,0
111,24,85,151,25,19,0,0,0,0
111,25,269,382,80,55,0,0,0,0
111,26,176,184,22,44,0,0,0,0
111,27,0,3,3,0,0,0,0,0
111,32,153,190,34,22,0,0,0,0
111,33,159,242,27,18,0,0,0,0
111,34,35,50,3,3,0,0,0,0
111,36,51,86,14,10,0,0,0,0
111,37,77,98,0,3,0,0,0,0
111,41,155,161,80,40,0,0,0,0
111,42,296,244,35,38,3,0,0,0
111,44,0,11,0,0,0,0,0,0
111,58,13,10,0,6,0,0,0,0
111,59,91,120,15,19,0,0,0,0
111,61,74,111,9,10,0,0,0,0
111,62,0,6,0,0,0,0,0,0
111,63,0,4,0,3,0,0,0,0
111,64,25,42,3,3,0,0,0,0
111,65,24,38,5,0,0,0,0,0
111,67,0,3,0,0,0,0,0,0
111,68,84,118,3,5,0,0,0,0
111,69,55,73,3,9,0,0,0,0
111,70,4,11,0,0,0,0,0,0
111,74,22,38,7,4,0,0,0,0
111,75,3,4,0,0,0,0,0,0
111,77,5,3,0,0,0,0,0,0
111,78,0,3,0,0,0,0,0,0
111,79,194,260,28,37,0,0,0,0
111,80,159,155,14,33,0,0,0,0
111,84,0,3,0,0,0,0,0,0
111,91,0,15,0,0,0,0,0,0
111,92,3,3,0,0,0,0,0,0
111,93,13,18,3,0,0,0,0,0
111,95,7,9,0,0,0,0,0,0
111,98,65,107,11,9,0,0,0,0
111,99,53,74,12,10,0,0,0,0
111,100,11,14,0,6,0,0,0,0
111,101,239,304,44,55,0,0,0,0
111,102,106,151,28,18,0,0,0,0
111,103,6,6,0,0,0,0,0,0
112,2,18,28,3,0,0,0,0,0
112,3,42,48,3,5,0,0,0,0
112,4,17,18,0,3,0,0,0,0
112,9,3,3,0,0,0,0,0,0
112,10,15,19,0,0,0,0,0,0
112,11,16,40,6,0,0,0,0,0
112,12,76,109,19,3,0,0,0,0
112,13,56,70,3,16,0,0,0,0
112,14,0,3,3,0,0,0,0,0
112,15,23,30,0,3,0,0,0,0
112,20,497,484,58,96,0,0,0,0
112,21,400,415,97,71,0,0,0,0
112,22,174,254,23,21,3,0,0,0
112,23,81,94,3,11,0,0,0,0
112,24,3,4,0,0,0,0,0,0
112,25,270,356,26,33,0,0,0,0
112,26,356,480,64,69,0,0,0,0
112,27,51,50,3,15,0,0,0,0
112,29,29,44,6,3,0,0,0,0
112,32,46,79,6,12,0,0,0,0
112,33,32,53,3,6,0,0,0,0
112,34,5,9,0,0,0,0,0,0
112,36,217,277,43,32,0,0,0,0
112,37,114,134,17,7,0,0,0,0
112,39,7,17,7,3,0,0,0,0
112,42,91,123,20,14,0,0,0,0
112,43,369,360,152,71,0,0,0,0
112,44,228,231,25,48,0,0,0,0
112,45,0,8,0,0,0,0,0,0
112,57,3,8,0,0,0,0,0,0
112,58,0,3,0,0,0,0,0,0
112,59,109,163,18,12,0,0,0,0
112,60,3,4,0,0,0,0,0,0
112,64,8,32,4,3,0,0,0,0
112,65,8,16,0,0,0,0,0,0
112,66,35,40,4,12,0,0,0,0
112,67,100,158,15,3,0,0,0,0
112,68,325,439,26,35,0,0,0,0
112,69,588,588,127,114,0,0,0,0
112,70,89,121,19,9,0,0,0,0
112,71,3,3,0,0,0,0,0,0
112,78,66,43,6,14,0,0,0,0
112,79,301,490,46,49,0,0,0,0
112,80,127,180,6,29,0,0,0,0
112,81,8,15,3,0,0,0,0,0
112,84,0,3,0,0,0,0,0,0
112,85,6,7,0,0,0,0,0,0
112,86,0,3,0,0,0,0,0,0
112,92,179,264,30,28,0,0,0,0
112,93,124,213,23,28,0,0,0,0
112,98,231,360,36,36,0,0,0,0
112,99,223,269,29,48,0,0,0,0
112,100,1032,733,57,141,3,0,0,0
112,101,70,130,22,21,0,0,0,0
112,102,114,244,48,24,0,0,0,0
112,103,193,298,54,42,0,0,0,0
112,104,3,4,0,0,0,0,0,0
112,116,6,4,0,0,0,0,0,0
112,118,0,5,0,0,0,0,0,0
112,125,47,79,3,0,0,0,0,0
112,126,6,12,0,0,0,0,0,0
113,10,7,16,0,0,0,0,0,0
113,12,3,9,0,0,0,0,0,0
113,15,101,163,16,13,0,0,0,0
113,16,92,115,9,23,3,0,0,0
113,20,138,116,6,18,0,0,0,0
113,21,84,162,12,9,0,0,0,0
113,22,178,217,3,13,3,0,0,0
113,23,43,42,3,9,0,0,0,0
113,24,12,20,0,3,0,0,0,0
113,25,36,47,0,7,0,0,0,0
113,26,54,76,0,0,0,0,0,0
113,27,32,35,0,13,0,0,0,0
113,28,3,3,0,0,0,0,0,0
113,29,14,25,3,0,0,0,0,0
113,30,0,3,0,0,0,0,0,0
113,36,11,9,0,3,0,0,0,0
113,37,3,5,0,0,0,0,0,0
113,42,93,90,14,12,0,0,0,0
113,43,195,295,25,26,0,0,0,0
113,44,381,459,44,48,0,0,0,0
113,45,336,546,73,55,0,0,0,0
113,46,8,13,0,0,0,0,0,0
113,47,8,12,3,0,0,0,0,0
113,48,101,152,27,9,0,0,0,0
113,56,0,0,0,3,0,0,0,0
113,59,48,59,3,6,0,0,0,0
113,67,11,14,3,3,0,0,0,0
113,68,3,7,0,0,0,0,0,0
113,69,187,252,45,19,0,0,0,0
113,70,3,6,3,0,0,0,0,0
113,79,45,48,0,5,0,0,0,0
113,81,153,194,20,33,0,0,0,0
113,87,11,18,0,3,0,0,0,0
113,92,94,110,12,21,3,0,0,0
113,93,163,245,53,22,0,0,0,0
113,97,3,6,0,0,0,0,0,0
113,98,175,229,31,38,0,0,0,0
113,100,635,797,110,111,3,0,0,0
113,101,222,251,102,57,0,0,0,0
113,102,286,337,67,52,0,0,0,0
113,103,377,475,81,95,3,0,0,0
113,104,46,38,3,4,0,0,0,0
113,113,75,172,20,17,3,0,0,0
113,114,117,205,21,28,0,0,0,0
113,122,0,3,0,0,0,0,0,0
113,123,0,3,0,0,0,0,0,0
113,125,76,105,3,3,0,0,0,0
113,126,169,312,38,30,0,0,0,0
113,127,258,382,64,45,3,0,0,0
114,0,48,74,9,3,0,0,0,0
114,5,0,3,0,0,0,0,0,0
114,15,9,14,0,0,0,0,0,0
114,16,82,48,3,3,0,0,0,0
114,17,16,20,0,3,0,0,0,0
114,18,28,44,6,0,0,0,0,0
114,19,78,100,6,13,0,0,0,0
114,20,96,105,0,6,0,0,0,0
114,21,3,10,3,0,0,0,0,0
114,23,20,31,3,3,0,0,0,0
114,24,103,157,46,27,0,0,0,0
114,25,0,6,3,0,0,0,0,0
114,27,72,127,15,9,0,0,0,0
114,31,3,4,0,0,0,0,0,0
114,32,11,8,3,3,0,0,0,0
114,37,0,4,0,0,0,0,0,0
114,38,3,10,0,0,0,0,0,0
114,39,12,24,0,3,0,0,0,0
114,42,5,6,0,0,0,0,0,0
114,43,53,75,0,8,0,0,0,0
114,44,316,500,37,21,0,0,0,0
114,45,46,82,11,13,0,0,0,0
114,46,9,6,0,0,0,0,0,0
114,47,3,20,3,0,0,0,0,0
114,48,31,38,6,0,0,0,0,0
114,49,3,6,0,0,0,0,0,0
114,51,29,41,0,6,0,0,0,0
114,52,11,12,0,3,0,0,0,0
114,56,4,7,0,0,0,0,0,0
114,57,49,66,11,25,0,0,3,0
114,68,5,12,0,0,0,0,0,0
114,69,110,136,11,26,0,0,0,0
114,70,56,96,13,8,0,0,0,0
114,71,0,3,0,0,0,0,0,0
114,81,78,87,5,9,0,0,0,0
114,82,3,3,0,0,0,0,0,0
114,87,9,6,0,0,0,0,0,0
114,92,51,60,3,6,0,0,0,0
114,93,30,38,3,7,0,0,0,0
114,99,69,116,3,6,0,0,0,0
114,100,619,805,119,150,3,0,0,0
114,101,409,441,146,126,0,0,0,0
114,102,278,319,43,58,0,0,0,0
114,103,177,247,30,51,0,0,0,0
114,113,65,78,3,0,0,0,0,0
114,114,11,6,0,6,0,0,0,0
114,124,3,4,0,0,0,0,0,0
114,126,6,8,3,0,0,0,0,0
114,127,26,45,6,6,0,0,0,0
115,0,8,14,0,0,0,0,0,0
115,7,0,3,0,0,0,0,0,0
115,8,14,19,3,3,0,0,0,0
115,10,4,9,0,0,0,0,0,0
115,11,15,29,0,10,0,0,0,0
115,12,0,3,0,0,0,0,0,0
115,18,76,82,16,27,0,0,0,0
115,19,94,32,10,16,0,0,0,0
115,20,0,3,0,0,0,0,0,0
115,21,3,5,0,3,0,0,0,0
115,23,3,9,0,0,0,0,0,0
115,24,56,94,13,7,0,0,0,0
115,37,136,178,19,13,0,0,0,0
115,38,3,6,0,0,0,0,0,0
115,39,60,78,15,9,0,0,0,0
115,44,6,13,0,0,0,0,0,0
115,47,3,3,0,0,0,0,0,0
115,50,9,3,3,3,0,0,0,0
115,51,88,141,9,20,0,0,0,0
115,52,8,13,3,0,0,0,0,0
115,53,22,32,3,3,0,0,0,0
115,54,75,91,12,6,0,0,0,0
115,56,69,102,9,22,0,0,0,0
115,57,133,187,26,6,0,0,0,0
115,63,11,34,0,0,0,0,0,0
115,64,3,4,0,0,0,0,0,0
115,69,6,19,0,0,0,0,0,0
115,71,3,3,0,0,0,0,0,0
115,77,5,3,0,0,0,0,0,0
115,81,3,8,0,0,0,0,0,0
115,88,0,6,0,0,0,0,0,0
115,89,6,10,0,3,0,0,0,0
115,95,549,527,44,87,0,0,0,0
115,96,214,187,6,28,0,0,0,0
115,99,378,398,108,78,0,0,0,0
115,100,438,619,85,73,0,0,0,0
115,101,294,316,35,41,3,0,0,0
115,102,67,76,7,18,0,0,0,0
115,113,3,4,0,0,0,0,0,0
116,6,51,92,3,10,0,0,0,0
116,7,45,61,12,3,0,0,0,0
116,8,47,57,3,3,0,0,0,0
116,10,3,3,0,0,0,0,0,0
116,11,74,92,13,8,0,0,0,0
116,12,34,65,6,6,0,0,0,0
116,13,0,3,0,0,0,0,0,0
116,22,5,4,0,0,0,0,0,0
116,23,16,24,0,6,0,0,0,0
116,24,22,28,3,6,0,0,0,0
116,25,4,4,0,0,0,0,0,0
116,29,21,37,3,3,0,0,0,0
116,30,0,3,3,0,0,0,0,0
116,38,0,3,0,0,0,0,0,0
116,40,0,3,0,0,0,0,0,0
116,51,3,6,0,0,0,0,0,0
116,53,44,76,9,6,0,0,0,0
116,54,93,135,6,14,0,0,0,0
116,63,66,96,6,3,0,0,0,0
116,64,5,16,0,0,0,0,0,0
116,74,22,0,0,0,0,0,0,0
116,77,0,3,0,0,0,0,0,0
116,78,3,7,0,0,0,0,0,0
116,90,637,626,19,35,0,0,0,0
116,91,242,273,13,19,0,0,0,0
116,95,232,329,47,38,0,0,0,0
116,96,130,171,22,30,0,0,0,0
116,100,104,120,12,11,0,0,0,0
116,101,45,42,7,9,0,0,0,0
116,110,90,57,11,11,0,0,0,0
116,111,64,59,8,11,0,0,0,0
116,119,3,3,0,0,0,0,0,0
117,6,0,6,0,0,0,0,0,0
117,7,39,53,6,6,0,0,0,0
117,8,3,9,0,0,0,0,0,0
117,15,31,34,7,3,0,0,0,0
117,16,56,74,6,3,0,0,0,0
117,24,12,24,6,0,0,0,0,0
117,25,22,59,6,3,0,0,0,0
117,29,187,235,26,36,0,0,0,0
117,30,10,18,0,0,0,0,0,0
117,42,45,50,9,3,0,0,0,0
117,43,133,199,6,22,0,0,0,0
117,44,0,3,0,0,0,0,0,0
117,47,47,76,3,6,0,0,0,0
117,48,12,19,3,3,0,0,0,0
117,49,3,0,0,0,0,0,0,0
117,53,3,3,0,0,0,0,0,0
117,65,4,6,6,0,0,0,0,0
117,66,53,92,14,10,0,0,0,0
117,68,6,6,0,0,0,0,0,0
117,81,75,104,6,16,0,0,0,0
117,82,38,84,5,8,0,0,0,0
117,84,0,4,0,0,0,0,0,0
117,85,18,24,0,3,0,0,0,0
117,86,50,15,0,0,0,0,0,0
117,88,0,4,0,0,0,0,0,0
117,89,349,404,45,72,3,0,0,0
117,90,376,523,64,85,0,0,0,0
117,91,597,786,60,104,0,0,0,0
117,92,416,553,36,79,3,0,0,0
117,93,7,14,0,0,0,0,0,0
117,94,0,3,0,0,0,0,0,0
117,95,33,37,3,6,0,0,0,0
117,96,7,13,0,0,0,0,0,0
117,97,240,277,12,23,0,0,0,0
117,98,247,280,22,49,0,0,0,0
117,99,4,3,0,0,0,0,0,0
117,100,5,10,0,0,0,0,0,0
117,107,103,161,6,13,0,0,0,0
117,108,219,256,37,24,0,0,0,0
117,109,4,6,0,3,0,0,0,0
117,110,34,43,6,3,0,0,0,0
117,111,107,87,9,10,0,0,0,0
117,114,9,7,0,0,0,0,0,0
117,117,9,12,6,0,0,0,0,0
117,118,104,154,24,21,3,0,0,0
117,119,14,9,4,6,0,0,0,0
117,121,6,6,0,0,0,0,0,0
117,122,66,114,17,9,0,0,0,0
117,123,22,34,9,3,0,0,0,0
117,127,0,3,0,0,0,0,0,0
118,0,4,10,0,0,0,0,0,0
118,5,3,3,0,0,0,0,0,0
118,9,0,3,0,0,0,0,0,0
118,15,31,48,4,3,0,0,0,0
118,16,6,11,3,0,0,0,0,0
118,17,14,22,3,0,0,0,0,0
118,18,85,133,12,19,0,0,0,0
118,26,19,21,0,0,0,0,0,0
118,27,33,40,6,6,0,0,0,0
118,28,0,3,0,0,0,0,0,0
118,29,3,3,0,0,0,0,0,0
118,30,185,225,13,30,0,0,0,0
118,31,63,96,3,9,0,0,0,0
118,35,166,204,29,20,0,0,0,0
118,36,23,33,11,3,0,0,0,0
118,38,30,61,6,0,0,0,0,0
118,39,170,235,36,6,0,0,0,0
118,40,37,73,8,3,0,0,0,0
118,42,40,86,6,6,0,0,0,0
118,43,14,32,3,0,0,0,0,0
118,44,16,15,3,0,0,0,0,0
118,46,0,3,3,0,0,0,0,0
118,47,109,109,6,13,0,0,0,0
118,70,146,221,17,17,0,0,0,0
118,71,41,73,12,0,0,0,0,0
118,80,0,3,0,0,0,0,0,0
118,81,3,0,0,0,0,0,0,0
118,82,14,27,3,0,0,0,0,0
118,83,151,252,21,30,3,0,0,0
118,84,0,3,0,0,0,0,0,0
118,85,25,32,0,0,0,0,0,0
118,88,0,3,0,0,0,0,0,0
118,89,259,342,31,63,0,0,0,0
118,90,396,506,61,108,0,0,0,0
118,91,499,595,77,133,0,0,0,0
118,92,633,866,67,115,0,0,0,0
118,93,330,443,26,38,0,0,0,0
118,96,46,115,17,0,0,0,0,0
118,97,617,723,105,136,3,0,0,0
118,98,486,669,75,127,3,0,0,0
118,99,74,93,11,5,0,0,0,0
118,105,15,25,6,7,0,0,0,0
118,106,13,19,3,0,0,0,0,0
118,107,262,268,46,50,0,0,0,0
118,108,405,417,47,70,6,0,0,0
118,109,153,187,31,36,0,0,0,0
118,112,4,6,0,0,0,0,0,0
118,117,7,6,0,3,0,0,0,0
118,118,135,205,37,13,0,0,0,0
118,121,57,129,19,10,0,0,0,0
118,122,10,20,0,0,0,0,0,0
118,123,3,3,0,0,0,0,0,0
118,126,162,221,27,14,0,0,0,0
118,127,52,69,3,0,0,0,0,0
119,0,11,11,0,3,0,0,0,0
119,1,0,6,0,0,0,0,0,0
119,2,27,26,3,3,0,0,0,0
119,9,3,6,0,0,0,0,0,0
119,11,3,7,0,0,0,0,0,0
119,14,4,0,0,0,0,0,0,0
119,18,9,12,0,0,0,0,0,0
119,20,0,0,0,3,0,0,0,0
119,26,3,3,3,0,0,0,0,0
119,27,158,269,37,22,0,0,0,0
119,28,3,14,0,0,0,0,0,0
119,30,37,40,3,6,0,0,0,0
119,31,221,275,35,25,0,0,0,0
119,32,0,6,0,3,0,0,0,0
119,33,3,4,0,0,0,0,0,0
119,35,32,50,0,0,0,0,0,0
119,39,128,152,19,15,0,0,0,0
119,40,22,44,4,3,0,0,0,0
119,44,3,0,3,0,0,0,0,0
119,66,71,109,6,3,0,0,0,0
119,67,111,180,14,14,0,0,0,0
119,70,14,21,3,0,0,0,0,0
119,71,11,14,3,0,0,0,0,0
119,75,4,4,0,0,0,0,0,0
119,79,0,7,0,0,0,0,0,0
119,81,0,3,0,0,0,0,0,0
119,82,339,465,62,66,0,0,0,0
119,83,577,777,84,112,3,0,0,0
119,84,710,767,136,167,0,0,0,0
119,85,21,38,0,3,3,0,0,0
119,89,59,67,5,3,0,0,0,0
119,90,222,312,43,65,0,0,0,0
119,91,810,935,147,192,0,0,0,0
119,92,490,488,17,71,0,0,0,0
119,93,19,22,0,0,0,0,0,0
119,96,287,505,60,51,0,0,0,0
119,97,333,417,180,90,6,0,0,0
119,98,547,597,92,101,0,0,0,0
119,99,153,124,12,27,0,0,0,0
119,104,53,88,20,11,3,0,0,0
119,105,313,412,73,54,0,0,0,0
119,106,335,362,71,59,0,0,0,0
119,107,177,167,58,29,0,0,0,0
119,108,231,412,61,34,0,0,0,0
119,109,160,258,34,29,0,0,0,0
119,110,11,12,0,4,0,0,0,0
119,114,3,8,0,0,0,0,0,0
119,115,35,65,4,0,0,0,0,0
119,117,0,3,0,0,0,0,0,0
119,118,44,84,15,3,0,0,0,0
119,119,3,7,3,0,0,0,0,0
119,126,0,3,0,0,0,0,0,0
119,127,118,144,10,15,0,0,0,0
120,1,6,11,0,0,0,0,0,0
120,2,38,48,0,0,0,0,0,0
120,11,38,60,9,0,0,0,0,0
120,18,0,3,0,3,0,0,0,0
120,21,26,35,3,9,0,0,0,0
120,23,3,5,0,0,0,0,0,0
120,26,3,7,0,0,0,0,0,0
120,27,102,132,13,15,0,0,0,0
120,28,11,18,0,4,0,0,0,0
120,31,12,17,0,0,0,0,0,0
120,36,0,6,0,0,0,0,0,0
120,44,0,3,0,0,0,0,0,0
120,45,30,35,7,3,0,0,0,0
120,54,16,32,6,4,0,0,0,0
120,55,0,4,0,0,0,0,0,0
120,66,0,4,0,0,0,0,0,0
120,67,64,69,7,14,0,0,0,0
120,70,22,42,7,3,0,0,0,0
120,71,217,284,29,33,3,0,0,0
120,81,87,136,4,13,0,0,0,0
120,82,603,743,97,143,0,0,0,0
120,83,268,327,53,71,0,0,0,0
120,84,754,817,105,149,6,0,0,0
120,85,36,48,0,8,0,0,0,0
120,90,3,4,0,0,0,0,0,0
120,91,3,3,0,0,0,0,0,0
120,92,13,25,0,0,0,0,0,0
120,93,3,4,0,0,0,0,0,0
120,96,357,424,38,64,0,0,0,0
120,97,347,618,111,99,0,0,0,0
120,98,476,508,74,74,0,0,0,0
120,99,0,3,0,0,0,0,0,0
120,104,28,41,6,0,0,0,0,0
120,105,158,212,45,36,0,0,0,0
120,106,312,492,124,73,0,0,0,0
120,107,39,78,9,6,0,0,0,0
120,108,139,252,39,20,3,0,0,0
120,109,162,255,36,50,0,0,0,0
120,110,9,6,0,3,0,0,0,0
120,113,87,108,24,9,0,0,0,0
120,114,125,179,28,16,0,0,0,0
120,115,161,231,35,27,0,0,0,0
120,118,4,4,0,0,0,0,0,0
120,119,272,338,66,37,0,0,0,0
120,120,103,134,10,6,0,0,0,0
120,127,14,8,0,3,0,0,0,0
121,0,3,4,0,0,0,0,0,0
121,2,3,3,0,0,0,0,0,0
121,3,0,3,0,0,0,0,0,0
121,10,64,103,6,7,0,0,0,0
121,11,98,141,9,9,0,0,0,0
121,12,4,9,0,0,0,0,0,0
121,14,4,12,0,0,0,0,0,0
121,21,14,24,3,3,0,0,0,0
121,24,50,61,9,0,0,0,0,0
121,27,3,0,0,0,0,0,0,0
121,37,4,8,0,0,0,0,0,0
121,38,85,149,21,12,0,0,0,0
121,39,40,60,3,3,0,0,0,0
121,44,19,12,0,3,0,0,0,0
121,45,46,52,12,12,0,0,0,0
121,46,6,23,0,0,0,0,0,0
121,47,3,4,0,0,0,0,0,0
121,53,3,3,0,0,0,0,0,0
121,54,116,127,15,14,0,0,0,0
121,55,46,52,5,8,0,0,0,0
121,59,3,3,0,0,0,0,0,0
121,70,7,11,0,3,0,0,0,0
121,71,80,119,9,9,0,0,0,0
121,81,29,44,6,17,0,0,0,0
121,82,479,669,90,113,0,0,0,0
121,83,405,471,58,87,4,0,0,0
121,84,288,461,47,56,0,0,0,0
121,85,12,23,0,0,0,0,0,0
121,86,0,3,0,0,0,0,0,0
121,87,3,0,0,0,0,0,0,0
121,92,42,12,0,5,0,0,0,0
121,95,26,20,0,4,0,0,0,0
121,97,411,438,67,84,3,0,0,0
121,98,315,421,40,39,3,0,0,0
121,99,3,3,0,0,0,0,0,0
121,105,222,378,23,22,0,0,0,0
121,106,291,332,69,53,0,0,0,0
121,107,25,44,6,12,0,0,0,0
121,108,4,0,0,0,0,0,0,0
121,113,29,54,12,3,0,0,0,0
121,114,170,168,9,26,0,0,0,0
121,115,15,27,3,3,0,0,0,0
121,117,10,19,3,0,0,0,0,0
121,118,69,121,12,11,0,0,0,0
121,119,244,377,36,32,0,0,0,0
121,120,158,219,49,15,0,0,0,0
121,121,4,9,0,0,0,0,0,0
121,127,3,6,0,0,0,0,0,0
122,0,37,57,6,3,0,0,0,0
122,1,6,9,0,0,0,0,0,0
122,3,26,30,6,0,0,0,0,0
122,4,52,97,3,6,0,0,0,0
122,5,0,3,0,0,0,0,0,0
122,9,3,0,0,0,0,0,0,0
122,10,3,6,0,0,0,0,0,0
122,11,54,79,3,6,0,0,0,0
122,24,42,60,13,12,0,0,0,0
122,25,62,60,3,9,0,0,0,0
122,26,3,4,0,0,0,0,0,0
122,31,0,3,0,0,0,0,0,0
122,38,58,85,6,0,0,0,0,0
122,46,211,248,24,42,0,0,0,0
122,47,3,6,0,0,0,0,0,0
122,51,6,15,3,0,0,0,0,0
122,58,0,3,0,0,0,0,0,0
122,59,13,17,0,3,0,0,0,0
122,60,28,37,6,3,0,0,0,0
122,70,0,3,0,0,0,0,0,0
122,81,13,17,0,0,0,0,0,0
122,82,350,466,40,43,0,0,0,0
122,83,303,436,47,59,0,0,0,0
122,84,116,83,0,12,0,0,0,0
122,90,7,19,0,0,0,0,0,0
122,91,60,75,7,16,0,0,0,0
122,92,176,226,87,44,0,0,0,0
122,93,181,251,32,47,0,0,0,0
122,94,248,390,15,40,0,0,0,0
122,95,3,3,0,0,0,0,0,0
122,96,14,24,4,6,0,0,0,0
122,97,75,95,9,18,0,0,0,0
122,98,24,21,0,3,0,0,0,0
122,99,4,3,0,0,0,0,0,0
122,104,9,6,0,0,0,0,0,0
122,113,8,16,0,0,0,0,0,0
122,114,0,6,3,3,0,0,0,0
122,118,116,200,20,3,0,0,0,0
122,119,163,264,53,25,3,0,0,0
122,120,163,265,41,36,0,0,0,0
122,127,47,100,3,3,0,0,0,0
123,0,27,60,3,0,0,0,0,0
123,1,5,7,3,0,0,0,0,0
123,4,6,15,0,0,0,0,0,0
123,5,6,14,0,0,0,0,0,0
123,10,0,3,0,0,0,0,0,0
123,11,0,6,0,0,0,0,0,0
123,15,0,3,0,0,0,0,0,0
123,16,3,11,0,0,0,0,0,0
123,21,0,6,0,0,0,0,0,0
123,33,4,4,0,3,0,0,0,0
123,34,4,3,0,0,0,0,0,0
123,40,0,3,0,0,0,0,0,0
123,41,4,15,0,0,0,0,0,0
123,45,0,4,0,0,0,0,0,0
123,46,15,24,3,0,0,0,0,0
123,53,4,7,0,0,0,0,0,0
123,58,86,156,32,16,0,0,0,0
123,59,201,297,68,34,0,0,0,0
123,60,219,239,31,26,3,0,0,0
123,61,17,30,4,0,0,0,0,0
123,71,3,3,0,0,0,0,0,0
123,74,3,3,0,0,0,0,0,0
123,77,0,3,0,0,0,0,0,0
123,86,0,3,0,0,0,0,0,0
123,89,83,151,13,18,0,0,0,0
123,90,359,508,54,76,0,0,0,0
123,91,483,603,93,106,6,0,0,0
123,92,620,697,126,151,0,0,0,0
123,93,545,484,64,123,0,0,0,0
123,94,244,225,16,56,0,0,0,0
123,95,9,5,0,0,0,0,0,0
123,97,0,8,0,3,0,0,0,0
123,98,21,25,0,6,0,0,0,0
123,109,73,105,0,6,0,0,0,0
123,110,166,216,35,12,0,0,0,0
123,118,3,7,3,0,0,0,0,0
123,119,88,112,11,19,3,0,0,0
123,120,63,84,11,8,0,0,0,0
123,121,7,7,0,0,0,0,0,0
123,123,6,4,0,0,0,0,0,0
123,127,3,7,3,0,0,0,0,0
124,1,3,3,0,0,0,0,0,0
124,4,21,50,6,0,3,0,0,0
124,5,21,32,6,11,0,0,0,0
124,8,15,22,3,0,0,0,0,0
124,10,4,0,0,0,0,0,0,0
124,11,0,13,0,0,0,0,0,0
124,16,94,177,15,15,0,0,0,0
124,17,5,13,0,3,0,0,0,0
124,21,48,92,9,12,0,0,0,0
124,22,174,234,17,13,0,0,0,0
124,23,65,95,6,9,0,0,0,0
124,24,29,31,3,3,3,0,0,0
124,33,197,250,23,35,0,0,0,0
124,34,128,129,20,13,3,0,0,0
124,36,41,56,13,8,0,0,0,0
124,37,6,6,3,0,0,0,0,0
124,40,4,11,3,0,0,0,0,0
124,41,40,82,9,9,3,0,0,0
124,43,21,32,3,3,0,0,0,0
124,46,3,3,0,0,0,0,0,0
124,52,11,26,3,3,0,0,0,0
124,53,6,7,3,0,0,0,0,0
124,58,6,16,0,0,0,0,0,0
124,59,79,138,14,9,0,0,0,0
124,60,233,314,48,44,0,0,0,0
124,61,0,3,0,0,0,0,0,0
124,67,88,149,13,9,0,0,0,0
124,68,7,23,3,3,0,0,0,0
124,71,3,4,0,0,0,0,0,0
124,72,15,16,3,3,0,0,0,0
124,73,3,6,0,0,0,0,0,0
124,74,7,11,0,0,0,0,0,0
124,75,3,6,0,0,0,0,0,0
124,76,3,3,0,0,0,0,0,0
124,89,241,296,32,53,0,0,0,0
124,90,80,142,11,9,0,0,0,0
124,91,298,454,65,68,0,0,0,0
124,92,258,232,41,47,0,0,0,0
124,93,436,343,49,50,0,0,0,0
124,109,263,267,31,41,0,0,0,0
124,110,54,64,12,10,0,0,0,0
124,118,6,12,0,0,0,0,0,0
124,121,10,18,0,3,0,0,0,0
124,122,185,244,34,38,0,0,0,0
124,123,250,358,54,36,0,0,0,0
124,124,41,66,7,0,0,0,0,0
124,125,33,48,6,6,0,0,0,0
124,126,9,13,0,0,0,0,0,0
125,4,3,13,0,0,0,0,0,0
125,7,16,14,3,12,0,0,0,0
125,8,92,140,9,23,0,0,0,0
125,9,3,10,0,0,0,0,0,0
125,11,3,6,3,0,0,0,0,0
125,12,6,10,0,0,0,0,0,0
125,13,10,13,42,14,0,0,0,0
125,14,32,0,0,0,0,0,0,0
125,16,34,61,6,3,0,0,0,0
125,17,30,40,0,0,0,0,0,0
125,21,6,8,0,0,0,0,0,0
125,22,6,3,0,0,0,0,0,0
125,23,19,16,0,3,0,0,0,0
125,24,152,210,30,18,0,0,0,0
125,25,12,23,6,3,0,0,0,0
125,26,6,4,0,3,0,0,0,0
125,29,4,6,0,0,0,0,0,0
125,33,0,3,0,0,0,0,0,0
125,34,70,61,6,10,0,0,0,0
125,36,45,47,3,6,0,0,0,0
125,37,100,168,22,30,0,0,0,0
125,40,12,22,0,3,0,0,0,0
125,41,173,185,25,31,0,0,0,0
125,42,45,61,0,3,0,0,0,0
125,43,80,121,6,15,3,0,0,0
125,46,88,119,10,24,0,0,0,0
125,47,185,242,30,31,0,0,0,0
125,48,86,117,25,12,0,0,0,0
125,49,3,4,0,0,0,0,0,0
125,52,12,16,0,0,0,0,0,0
125,66,0,0,0,3,0,0,0,0
125,67,40,74,9,8,0,0,0,0
125,68,7,8,3,0,0,0,0,0
125,73,3,3,0,0,0,0,0,0
125,74,3,4,0,0,0,0,0,0
125,76,6,8,0,0,0,0,0,0
125,77,0,3,0,0,0,0,0,0
125,79,3,0,0,0,0,0,0,0
125,80,4,6,0,0,0,0,0,0
125,83,3,3,0,0,0,0,0,0
125,86,3,3,0,0,0,0,0,0
125,91,214,285,26,32,3,0,0,0
125,92,162,236,24,35,6,0,0,0
125,93,248,271,28,28,3,0,0,0
125,94,20,10,0,3,0,0,0,0
125,111,3,3,0,0,0,0,0,0
125,121,30,34,0,6,0,0,0,0
125,122,191,279,25,21,0,0,0,0
125,123,102,152,16,9,0,0,0,0
125,124,132,217,15,15,0,0,0,0
125,125,219,376,30,36,0,0,0,0
125,126,8,16,0,0,0,0,0,0
126,0,21,32,8,4,0,0,0,0
126,4,20,32,0,3,0,0,0,0
126,5,3,11,3,3,0,0,0,0
126,8,6,6,0,0,0,0,0,0
126,10,96,90,9,15,0,0,0,0
126,11,50,100,9,10,0,0,0,0
126,12,109,161,20,20,0,0,0,0
126,13,86,130,3,30,0,0,0,0
126,14,91,113,9,24,0,0,0,0
126,15,78,142,3,12,0,0,0,0
126,17,0,3,0,0,0,0,0,0
126,22,0,3,0,0,0,0,0,0
126,23,0,3,0,0,0,0,0,0
126,24,5,11,3,3,0,0,0,0
126,29,3,3,0,0,0,0,0,0
126,33,22,16,0,3,0,0,0,0
126,34,236,303,41,45,0,0,0,0
126,35,3,0,0,0,0,0,0,0
126,43,3,3,0,0,0,0,0,0
126,47,64,106,6,3,0,0,0,0
126,48,48,63,6,4,0,0,0,0
126,53,80,121,18,9,0,0,0,0
126,56,0,3,0,0,0,0,0,0
126,68,3,3,0,0,0,0,0,0
126,74,59,99,12,15,0,0,0,0
126,75,145,229,33,23,0,0,0,0
126,76,177,232,28,24,0,0,0,0
126,81,87,88,17,32,0,0,0,0
126,82,19,31,6,0,0,0,0,0
126,92,10,34,0,0,0,0,0,0
126,93,49,71,7,13,0,0,0,0
126,106,3,6,0,0,0,0,0,0
126,110,9,8,0,0,0,0,0,0
126,121,0,3,0,0,0,0,0,0
126,122,3,4,0,0,0,0,0,0
126,123,3,3,0,0,0,0,0,0
126,124,10,34,6,3,0,0,0,0
126,125,32,51,14,7,0,0,0,0
126,126,0,3,0,0,0,0,0,0
127,0,18,42,6,0,0,0,0,0
127,2,6,18,0,0,0,0,0,0
127,6,0,4,0,0,0,0,0,0
127,7,38,79,6,7,0,0,0,0
127,8,20,63,3,0,0,0,0,0
127,9,11,18,0,3,0,0,0,0
127,10,7,10,0,0,0,0,0,0
127,11,19,41,6,10,0,0,0,0
127,12,280,285,65,97,0,0,0,0
127,13,164,195,96,68,0,0,0,0
127,14,142,211,38,49,0,0,0,0
127,15,64,103,26,15,0,0,0,0
127,16,14,15,0,0,0,0,0,0
127,17,3,5,0,0,0,0,0,0
127,18,0,3,0,0,0,0,0,0
127,19,3,7,0,0,0,0,0,0
127,30,3,3,0,0,0,0,0,0
127,33,102,108,6,3,0,0,0,0
127,34,102,122,14,13,0,0,0,0
127,52,3,8,0,0,0,0,0,0
127,53,12,26,0,3,0,0,0,0
127,74,189,246,27,23,4,0,0,0
127,75,404,494,71,80,0,0,0,0
127,76,44,55,4,7,0,0,0,0
127,77,11,15,3,6,0,0,0,0
127,81,137,217,37,50,0,0,0,0
127,82,347,428,39,82,0,0,0,0
127,83,3,3,0,3,0,0,0,0
127,103,6,8,3,0,0,0,0,0
127,104,8,8,0,0,0,0,0,0
127,109,66,92,17,12,0,0,0,0
127,110,39,81,8,10,0,0,0,0
127,113,24,33,6,3,0,0,0,0