x,y,1,2,3,4,5,6,7,8,9,10
0,4,0,0,0,0,0,5,0,0,0,0
0,51,3,0,0,0,0,0,0,0,0,0
0,63,0,0,0,0,0,0,3,0,0,0
0,73,0,5,0,0,0,0,3,0,0,0
0,74,7,0,0,0,0,3,3,0,0,0
0,75,5,0,0,0,0,0,0,0,0,0
1,3,0,0,0,0,3,0,0,0,0,0
1,4,0,0,0,0,0,3,3,0,0,0
1,72,3,0,0,0,0,0,3,0,0,0
1,73,6,0,0,0,0,0,0,0,0,0
1,74,6,0,0,0,0,0,0,0,0,0
1,75,5,3,0,0,0,0,0,0,0,0
1,76,6,0,0,0,0,0,0,0,0,0
2,2,0,9,0,0,0,3,0,0,0,0
2,3,0,0,0,3,5,3,0,0,0,0
2,66,0,0,0,0,0,0,3,0,0,0
2,67,4,3,0,0,0,0,0,0,0,0
2,68,5,0,0,0,0,0,0,0,0,0
2,69,11,0,0,0,0,0,0,0,0,0
2,70,0,0,0,0,0,0,0,3,0,0
2,71,0,3,0,0,0,0,0,0,0,0
2,73,3,0,0,0,0,0,0,0,0,0
2,75,0,0,4,0,0,0,0,0,0,0
2,76,7,0,0,0,0,0,0,0,0,0
3,0,0,0,4,0,0,3,4,0,0,0
3,1,0,0,3,3,0,0,3,0,0,0
3,2,0,0,0,0,0,3,0,0,0,0
3,65,0,3,0,0,0,0,0,0,0,0
3,68,5,6,4,0,0,0,0,0,0,0
3,72,0,0,0,0,0,0,3,0,0,0
3,73,0,0,0,0,0,0,3,3,3,0
4,67,3,0,0,0,0,0,0,0,0,0
4,68,0,7,3,0,0,7,0,0,0,0
4,69,8,4,0,0,0,0,0,0,0,0
4,72,3,0,0,0,0,0,0,0,0,0
6,72,0,3,0,0,0,0,0,0,0,0
8,5,0,0,7,0,3,0,0,0,0,0
8,70,0,0,0,0,0,0,0,3,0,0
9,5,0,0,3,0,0,11,3,0,0,0
9,31,0,0,0,0,0,0,7,3,0,0
9,32,6,0,0,0,0,0,0,0,0,0
9,33,5,0,0,0,0,0,0,0,0,0
9,34,5,4,0,0,0,0,0,0,0,0
10,6,5,0,0,0,0,0,0,0,0,0
10,32,3,0,0,0,0,0,0,0,0,0
10,33,4,0,0,0,3,0,0,0,0,0
10,34,3,0,0,0,0,0,0,0,0,0
10,85,5,0,0,0,0,0,0,0,0,0
11,6,7,0,0,0,0,3,0,0,0,0
11,7,3,0,3,0,0,0,0,0,0,0
11,31,4,0,0,0,0,0,0,0,3,0
11,32,9,0,5,0,0,5,0,0,0,0
11,33,3,0,0,0,0,0,0,0,3,0
11,34,5,0,0,0,0,0,0,0,0,0
11,55,0,0,0,3,0,0,0,0,0,0
11,63,3,0,0,0,0,0,0,0,0,0
11,82,0,0,3,0,0,0,0,0,0,0
11,83,3,0,0,0,0,0,0,0,0,0
11,84,4,0,0,0,0,0,0,0,3,0
11,85,3,0,0,0,0,0,0,0,0,0
12,6,0,0,0,0,0,0,3,5,0,0
12,7,6,0,0,0,0,3,8,0,0,0
12,8,0,0,0,0,0,3,0,3,3,0
12,9,0,0,0,0,0,0,0,4,3,0
12,30,4,0,0,0,0,0,0,0,0,0
12,31,4,0,0,0,0,0,0,0,0,0
12,34,6,0,0,0,0,0,0,0,0,0
12,54,3,0,0,0,0,0,0,0,0,0
12,55,3,0,0,0,0,0,0,0,0,0
12,85,7,0,0,0,0,0,0,0,0,0
13,7,0,0,0,0,0,3,0,0,0,0
13,8,4,3,0,0,0,0,4,0,0,0
13,9,0,0,3,0,0,0,0,3,0,0
13,10,0,0,0,0,0,3,0,0,0,0
13,37,0,3,0,0,0,0,0,0,0,0
13,54,4,0,0,0,0,0,0,0,0,0
13,55,3,3,0,0,0,0,0,0,0,0
13,83,13,0,0,0,0,0,0,0,0,0
13,84,0,0,10,0,5,0,0,0,0,0
13,85,0,0,3,0,0,0,0,0,3,0
13,86,0,0,0,0,0,0,3,0,0,0
14,7,0,0,0,0,0,0,0,3,0,0
14,8,0,0,0,0,0,0,6,7,0,0
14,10,0,3,3,0,0,0,0,0,0,0
14,13,7,0,0,0,0,0,0,0,0,0
14,14,0,3,0,0,0,0,0,0,0,0
14,34,0,0,4,0,0,0,0,0,0,0
14,35,3,0,0,0,0,0,0,0,0,0
14,36,14,5,0,0,0,0,3,0,0,0
14,38,0,14,0,0,0,0,5,0,0,0
14,41,0,0,3,0,0,0,0,0,0,0
14,51,0,0,3,0,0,0,0,0,0,0
14,53,0,0,0,0,0,7,0,0,0,0
14,54,3,0,0,0,0,0,0,0,0,0
14,55,3,0,0,0,0,0,0,0,0,0
14,84,0,0,0,0,0,0,0,3,3,0
14,85,3,3,0,0,0,0,0,0,3,0
14,86,5,7,3,0,0,0,3,0,3,0
14,87,0,3,0,0,0,0,0,0,0,0
15,13,0,0,4,0,0,0,0,0,0,0
15,34,3,0,0,0,0,0,0,0,0,0
15,35,0,3,0,0,0,0,0,0,0,0
15,36,7,3,0,0,0,0,0,0,0,0
15,37,3,0,0,0,0,0,0,0,0,0
15,49,3,0,0,0,0,0,0,0,0,0
15,50,9,7,0,0,0,0,0,0,0,0
15,51,4,5,0,0,0,0,0,0,0,0
15,53,0,0,0,0,0,0,3,0,0,0
15,55,0,0,3,0,0,0,0,0,0,0
15,57,0,0,3,0,0,0,0,0,0,0
15,58,0,3,3,0,0,0,0,0,0,0
16,35,6,0,0,0,0,0,0,0,0,0
16,36,7,0,0,0,0,0,0,0,0,0
16,37,3,0,0,0,0,0,0,0,0,0
16,48,0,4,0,0,0,0,0,0,0,0
16,51,3,0,0,0,0,0,3,0,0,0
16,54,3,0,0,0,0,0,3,0,0,0
16,55,5,5,0,0,0,25,0,0,0,0
16,56,0,0,0,0,0,0,3,0,0,0
16,58,5,0,3,0,0,0,0,0,0,0
16,69,0,0,0,0,0,0,3,0,0,0
17,36,0,0,3,0,0,4,0,0,0,0
17,37,5,0,3,0,0,0,0,0,0,0
17,51,0,0,20,0,0,0,0,0,0,0
17,52,0,0,31,0,0,0,0,0,0,0
17,55,0,0,0,0,0,38,12,0,0,0
17,56,0,3,0,0,0,21,10,3,0,0
17,57,5,3,0,0,0,0,5,0,0,0
17,67,0,3,0,0,0,0,0,0,0,0
18,15,0,3,0,0,0,0,0,0,0,0
18,34,0,0,3,0,0,0,0,0,0,0
18,36,11,0,0,0,0,0,0,0,3,0
18,50,3,0,0,0,0,0,0,0,0,0
18,51,0,0,32,0,0,0,0,0,0,0
18,52,0,0,68,0,0,0,0,0,0,0
18,53,0,0,68,0,0,0,0,0,0,0
18,54,0,0,0,0,0,0,0,4,3,0
18,55,0,0,0,3,0,12,3,3,0,0
18,56,3,0,0,0,0,0,0,0,0,0
18,57,3,0,0,0,0,0,0,0,0,0
18,58,0,7,3,0,0,0,0,0,0,0
18,59,0,0,0,0,0,0,3,0,0,0
19,15,0,3,0,3,0,0,0,0,0,0
19,36,0,5,0,0,0,0,0,0,0,0
19,52,0,0,48,47,0,0,0,0,0,0
19,53,17,3,54,0,0,0,0,0,0,0
19,54,3,0,0,0,0,0,5,3,0,0
19,55,3,0,0,0,0,7,0,4,0,0
19,56,5,4,0,0,0,0,0,0,0,0
19,58,0,0,3,0,0,0,0,0,0,0
20,15,0,5,0,0,0,0,0,0,0,0
20,16,0,3,0,0,0,0,0,0,0,0
20,51,0,0,0,15,0,0,0,0,0,0
20,52,0,0,0,8,0,0,0,0,0,0
20,53,0,0,68,0,0,0,0,0,0,0
20,54,3,5,22,0,0,0,0,0,0,0
20,55,3,6,36,0,0,0,5,0,0,0
20,56,0,0,31,0,0,0,0,5,0,0
20,57,0,3,0,0,0,0,0,0,0,0
20,78,11,0,0,0,0,0,0,0,0,0
20,79,5,0,3,3,0,0,0,0,0,0
20,80,0,3,0,0,0,0,3,0,0,0
21,15,0,10,0,0,0,0,0,0,0,0
21,50,0,3,5,0,0,0,0,0,0,0
21,51,0,0,0,51,0,0,0,0,0,0
21,53,4,0,0,0,0,0,0,0,0,0
21,55,3,3,17,0,0,18,0,0,0,0
21,56,0,0,93,0,0,4,0,0,0,0
21,57,4,0,40,0,0,0,0,0,0,0
21,78,6,3,0,0,0,0,0,0,0,0
21,79,4,3,0,0,0,0,0,0,0,0
21,80,3,3,0,0,0,0,0,3,0,0
22,32,0,0,3,0,0,0,0,0,0,0
22,34,7,0,0,0,0,0,0,0,0,0
22,35,0,3,0,0,0,0,0,0,0,0
22,50,0,0,0,21,0,0,0,0,0,0
22,51,0,0,0,83,0,0,0,0,0,0
22,52,18,3,7,0,0,0,0,0,0,0
22,53,3,0,0,0,0,0,0,0,0,0
22,54,11,0,0,0,0,0,3,0,0,0
22,55,18,5,0,0,0,3,0,0,0,0
22,56,0,0,85,0,0,0,0,0,0,0
22,57,0,0,60,0,0,0,0,5,0,0
22,58,3,0,0,0,0,0,0,0,0,0
22,59,0,0,0,0,0,0,3,0,0,0
22,79,3,0,0,0,0,0,0,0,0,0
22,80,4,3,0,0,0,0,3,0,0,0
23,32,4,0,0,0,0,0,0,0,0,0
23,33,0,3,6,0,0,0,0,0,0,0
23,34,5,3,0,0,0,0,0,0,0,0
23,35,5,0,0,0,0,0,5,3,0,0
23,51,3,5,0,0,0,0,0,0,0,0
23,52,16,5,0,0,0,0,0,0,0,0
23,53,14,4,0,0,0,0,3,0,0,0
23,54,6,4,0,0,0,0,0,0,0,0
23,55,15,7,0,0,0,0,3,0,0,0
23,56,19,4,6,0,0,3,6,0,0,0
23,58,0,3,0,0,0,0,8,0,0,0
23,59,3,0,0,0,0,0,3,0,0,0
23,79,3,0,0,0,0,0,0,0,0,0
24,32,0,0,3,0,0,0,6,0,0,0
24,52,6,0,0,0,0,0,0,0,0,0
24,53,29,0,9,0,0,0,11,0,0,0
24,54,0,0,0,0,0,0,26,0,0,0
24,55,4,3,0,0,0,0,12,4,0,0
24,56,6,5,0,0,0,0,27,4,0,0
24,57,15,6,0,0,0,4,0,0,0,0
24,58,3,3,0,0,0,0,3,0,0,0
24,59,0,0,0,0,3,0,0,0,0,0
24,78,0,3,0,0,0,0,0,0,0,0
24,79,0,0,0,4,0,0,0,0,0,0
25,26,0,3,0,0,0,0,0,0,0,0
25,27,9,0,0,0,0,0,0,0,0,0
25,53,3,0,0,0,0,0,0,0,0,0
25,54,0,0,0,0,0,0,3,0,0,0
25,55,0,0,3,0,0,0,3,0,0,0
25,56,8,4,3,0,0,0,0,0,3,0
25,57,8,3,0,0,0,14,0,0,0,0
25,58,11,4,12,0,0,0,0,0,0,0
25,59,0,3,0,0,0,0,0,0,0,0
25,60,0,10,3,0,0,0,0,0,0,0
25,61,0,13,0,0,0,0,0,0,0,0
25,62,0,0,3,0,0,0,0,0,0,0
25,78,0,3,0,0,0,0,0,0,0,0
26,25,3,0,0,0,0,0,13,0,0,0
26,26,0,0,0,0,0,0,29,3,0,0
26,53,0,3,0,0,0,0,0,0,0,0
26,54,0,0,3,0,0,0,0,0,0,0
26,55,3,0,0,0,0,0,0,0,0,0
26,56,5,0,3,0,0,0,0,0,0,0
26,57,14,8,0,0,0,0,0,0,0,0
26,58,0,3,0,0,0,0,0,0,0,0
26,61,0,13,0,0,0,0,0,0,0,0
27,12,5,0,0,0,0,0,0,0,0,0
27,13,3,0,0,0,0,0,0,0,0,0
27,26,0,0,0,0,0,0,3,0,0,0
27,54,0,0,3,0,0,4,0,0,0,0
27,55,3,0,0,0,0,0,0,0,0,0
27,56,3,0,0,0,0,0,0,0,0,0
27,57,8,3,0,0,0,0,0,0,0,0
28,12,52,23,0,0,0,5,0,0,0,0
28,13,8,0,0,0,0,0,0,0,0,0
28,19,0,3,0,0,0,0,0,0,0,0
28,20,0,3,0,0,0,0,0,0,0,0
28,21,0,0,5,0,0,0,0,0,0,0
28,57,9,0,0,0,0,0,0,0,0,0
29,11,7,0,26,0,0,0,0,0,0,0
29,12,7,9,0,0,0,0,14,0,0,0
29,13,29,0,0,0,0,8,23,0,0,0
29,15,3,0,0,0,0,0,0,0,0,0
29,16,3,0,0,0,0,0,0,0,0,0
29,17,0,13,0,0,0,0,0,0,0,0
29,18,0,5,22,0,0,0,0,0,0,0
29,19,0,23,0,0,0,0,0,0,0,0
29,20,0,13,0,0,0,0,0,0,0,0
29,21,0,3,11,3,0,0,0,0,0,0
29,22,0,8,6,0,0,0,0,0,0,0
29,23,0,22,0,0,0,0,0,0,0,0
29,24,0,3,0,0,0,0,0,0,0,0
29,25,0,3,0,0,0,0,0,0,0,0
29,26,0,0,0,0,0,0,3,0,0,0
29,27,0,0,0,0,0,0,0,3,0,0
29,57,8,0,0,0,0,0,0,0,0,0
29,58,3,0,0,0,0,0,0,0,0,0
30,12,42,0,0,0,0,0,0,0,0,0
30,13,25,8,0,0,0,0,3,0,3,0
30,14,56,7,8,0,0,0,11,5,0,0
30,15,40,4,0,0,0,6,10,0,0,0
30,16,37,16,5,0,0,6,0,11,0,0
30,17,11,27,3,0,0,0,19,0,0,0
30,18,0,16,0,0,0,0,0,0,0,0
30,19,0,17,3,0,0,0,0,0,0,0
30,20,0,15,0,0,0,0,0,0,0,0
30,21,0,23,0,0,0,0,0,0,0,0
30,22,3,13,0,0,0,0,0,0,0,0
30,23,0,15,0,0,0,0,0,0,0,0
30,24,0,17,0,0,0,0,0,0,0,0
30,25,0,4,4,0,0,0,0,3,0,0
30,26,0,0,0,0,0,0,3,0,3,0
30,27,0,4,0,0,0,0,0,0,0,0
31,13,5,0,0,0,0,4,10,6,0,0
31,14,3,0,0,0,0,0,0,0,0,0
31,15,16,7,0,0,0,3,0,0,0,0
31,16,0,0,3,0,0,0,0,0,0,0
31,18,3,12,0,0,0,0,0,0,0,0
31,19,0,12,0,0,0,0,0,0,0,0
31,20,0,9,0,0,0,0,0,0,0,0
31,21,0,3,0,0,0,0,0,0,0,0
31,96,3,0,0,0,0,0,0,0,0,0
31,97,5,0,0,0,0,0,0,0,0,0
31,98,3,0,0,0,0,0,0,0,0,0
32,0,0,0,24,0,0,0,0,0,0,0
32,1,0,3,0,0,0,0,0,0,0,0
32,14,4,0,0,0,0,0,7,0,0,0
32,15,46,0,0,0,0,0,0,0,0,0
32,16,62,19,4,0,0,0,8,0,0,0
32,17,51,14,0,0,0,0,10,0,0,0
32,22,8,6,0,0,0,0,0,0,0,0
32,62,0,8,0,0,0,3,0,0,0,0
32,97,3,0,0,0,0,0,0,0,0,0
32,98,4,0,0,0,0,0,0,0,0,0
33,0,0,19,0,0,0,0,0,0,0,0
33,1,14,28,3,0,0,0,0,0,0,0
33,2,14,4,0,0,0,0,0,0,0,0
33,3,3,9,0,0,0,0,0,0,0,0
33,4,6,20,0,0,0,0,0,3,0,0
33,12,10,0,0,0,0,0,0,0,0,0
33,14,7,14,0,0,0,0,3,0,0,0
33,15,35,16,12,0,0,0,0,0,0,3
33,16,21,15,0,0,0,0,0,0,0,0
33,17,58,3,5,0,0,10,19,0,0,0
33,18,45,14,0,0,0,0,0,0,0,0
33,19,44,8,5,0,0,0,0,0,0,0
33,20,17,0,0,0,0,0,0,0,0,0
33,21,25,0,0,0,0,0,0,0,0,0
33,32,0,0,3,0,0,0,0,0,0,0
33,48,0,0,3,0,0,0,0,0,0,0
33,62,0,6,0,0,0,0,0,0,0,0
33,63,0,6,0,0,0,0,0,0,0,0
33,73,0,0,0,0,0,3,0,0,0,0
33,74,0,0,0,0,0,10,0,0,0,0
34,0,0,0,39,0,0,0,0,0,0,0
34,1,5,11,5,0,0,0,0,0,0,0
34,2,10,6,3,0,0,0,0,0,0,0
34,3,14,11,0,0,0,0,0,0,0,0
34,4,3,8,0,0,0,0,0,0,0,0
34,5,0,3,0,0,0,0,0,0,0,0
34,12,7,3,0,0,0,0,0,0,0,0
34,15,67,4,41,0,0,0,0,0,0,0
34,16,33,6,0,0,0,0,9,0,0,0
34,17,79,27,0,0,0,0,10,0,0,0
34,18,74,30,12,0,0,0,0,0,4,0
34,19,57,12,6,0,0,6,32,0,0,0
34,21,0,3,0,0,0,0,0,0,0,0
34,32,0,3,0,0,0,0,0,0,0,0
34,36,0,0,5,0,0,0,0,0,0,0
34,48,0,0,0,3,0,0,0,0,0,0
34,63,0,7,0,0,0,0,0,0,0,0
34,64,0,5,0,0,0,0,0,0,0,0
34,72,7,0,0,0,0,0,0,0,0,0
34,73,0,0,0,0,0,0,3,0,0,0
34,74,0,0,0,0,0,6,0,0,0,0
34,75,0,0,0,0,0,4,4,0,0,0
35,0,3,8,16,0,0,0,0,0,4,0
35,1,4,0,8,0,0,0,19,0,0,0
35,3,8,0,0,0,0,0,0,0,0,0
35,11,4,0,0,0,0,0,0,0,0,0
35,12,0,6,0,0,0,0,0,0,4,0
35,14,6,0,16,0,0,0,29,0,0,0
35,15,60,15,5,0,0,3,0,0,0,0
35,16,57,0,0,0,0,0,0,0,0,0
35,17,22,0,0,0,0,0,6,6,0,0
35,33,3,0,59,0,0,0,0,0,0,0
35,34,7,0,0,0,0,0,0,0,0,0
35,35,6,0,0,0,0,0,0,0,0,0
35,36,3,0,0,0,0,0,0,0,0,0
35,37,3,0,0,0,0,0,0,0,0,0
35,64,0,4,0,0,0,0,0,0,0,0
35,72,6,0,0,0,0,0,0,0,0,0
35,73,6,0,0,0,0,3,0,0,0,0
35,74,0,0,0,0,0,8,3,0,0,0
36,0,24,4,9,0,0,0,32,0,0,0
36,1,0,0,0,0,0,0,12,0,0,0
36,4,0,18,6,0,0,0,0,0,0,0
36,5,0,38,0,0,0,0,0,0,0,0
36,6,0,20,0,0,0,0,0,0,0,0
36,14,0,0,12,0,0,0,0,0,0,0
36,15,5,5,8,0,0,0,0,0,0,0
36,16,0,0,0,0,0,0,6,0,0,0
36,17,0,0,0,0,0,0,6,0,0,0
36,31,0,6,10,0,0,0,0,0,0,0
36,32,7,11,8,0,0,0,0,0,0,0
36,33,4,5,0,0,0,0,0,0,0,0
36,34,0,0,3,0,0,3,3,0,0,0
36,35,6,0,0,0,0,10,23,0,67,0
36,36,0,0,0,0,0,4,0,0,0,0
37,1,28,5,0,0,0,0,0,0,0,0
37,2,26,18,0,0,0,0,0,0,0,0
37,3,14,22,0,0,0,0,0,0,0,0
37,4,0,5,0,0,0,0,0,0,0,0
37,6,0,3,0,0,0,0,0,0,0,0
37,7,0,5,0,0,0,0,0,0,0,0
37,11,11,0,0,0,0,0,0,0,0,0
37,12,6,0,0,0,0,0,0,0,0,0
37,13,6,0,0,0,0,0,0,0,0,0
37,15,15,14,0,0,0,0,0,0,0,0
37,16,12,0,0,0,0,0,0,0,0,0
37,17,0,0,24,0,0,0,0,0,0,0
37,18,0,0,58,0,0,0,0,0,0,0
37,26,0,5,0,0,0,0,0,0,0,0
37,31,0,21,40,0,0,0,0,0,0,0
37,32,0,28,0,0,0,0,0,0,0,0
37,33,0,3,0,0,0,0,3,0,0,0
37,34,0,0,3,0,0,0,6,0,3,0
37,35,0,0,0,0,0,0,0,0,3,0
38,1,3,0,0,0,0,0,0,0,0,0
38,2,27,0,0,0,0,0,3,0,0,0
38,3,4,3,0,0,0,0,0,0,0,0
38,4,7,18,4,0,0,0,88,0,0,0
38,5,11,18,0,0,0,0,0,0,0,0
38,6,6,5,0,0,0,0,33,0,0,0
38,7,27,0,0,0,0,0,0,0,3,0
38,14,4,9,0,0,0,0,10,0,0,0
38,15,5,0,0,0,0,0,0,0,0,0
38,16,18,6,0,0,0,0,0,0,0,0
38,31,0,3,0,0,0,0,0,0,0,0
38,32,0,20,0,0,0,0,0,0,0,0
38,33,3,16,0,0,0,0,0,0,0,0
38,34,0,0,3,0,0,0,0,4,3,0
38,35,0,4,0,0,0,0,0,0,0,0
38,36,0,10,0,0,0,0,0,0,0,0
38,37,0,11,0,0,0,0,0,0,0,0
38,53,0,0,6,0,0,0,0,0,0,0
39,1,23,19,20,0,0,0,0,0,0,0
39,2,16,0,0,0,0,0,0,0,0,0
39,3,10,23,0,0,0,0,0,0,0,0
39,4,33,12,4,0,0,0,0,0,0,0
39,5,19,5,0,0,0,0,0,0,0,0
39,6,0,0,49,0,0,0,0,0,0,0
39,7,0,0,165,0,0,0,0,0,0,0
39,9,0,0,0,134,0,0,0,0,0,0
39,10,6,4,69,0,0,0,0,0,0,0
39,11,13,0,31,0,0,0,0,0,0,0
39,12,0,6,6,0,0,0,0,0,0,0
39,13,3,0,0,0,0,0,0,0,0,0
39,29,0,0,228,0,0,0,0,0,0,0
39,31,0,18,0,0,0,0,0,0,0,0
39,32,0,23,0,0,0,0,0,0,0,0
39,33,0,11,40,0,0,0,0,0,0,0
39,34,0,0,9,0,0,0,0,0,0,3
39,35,0,11,0,0,0,0,0,0,0,0
39,36,0,14,0,0,0,0,0,0,0,0
39,37,0,10,0,3,0,0,0,0,0,0
39,38,0,3,0,0,0,0,0,0,0,0
40,0,20,5,22,0,0,0,0,0,0,0
40,1,42,12,0,0,0,0,16,0,0,0
40,2,49,0,5,0,0,0,0,9,0,0
40,3,0,0,0,0,0,13,3,0,0,0
40,4,9,0,20,0,0,19,0,0,0,0
40,5,0,0,25,0,0,0,0,0,0,0
40,7,0,0,117,0,0,0,0,0,0,0
40,9,4,0,0,0,0,0,0,0,0,0
40,10,11,0,30,0,0,0,0,0,0,0
40,11,0,0,99,0,0,0,0,0,0,0
40,12,16,10,70,0,0,0,0,0,0,0
40,23,0,4,9,0,0,0,3,0,0,0
40,30,0,0,0,0,0,0,0,0,58,0
40,32,0,0,37,0,0,0,0,0,0,0
40,33,0,0,107,0,0,0,0,0,0,0
40,34,0,3,21,0,0,0,0,0,0,0
40,35,0,8,0,0,0,3,0,0,0,3
40,36,0,11,0,0,0,0,0,0,0,0
40,37,0,7,0,0,0,0,0,0,0,0
40,38,0,7,0,3,0,0,0,0,0,0
40,42,3,0,0,0,0,0,0,0,0,0
40,51,5,0,0,0,0,0,0,0,0,0
40,107,3,3,0,0,0,0,0,0,0,0
41,0,53,12,9,0,0,0,0,0,0,0
41,1,77,24,10,0,0,0,0,0,0,0
41,2,61,17,0,0,0,16,0,0,0,0
41,3,34,16,0,0,0,0,0,0,0,0
41,4,9,0,109,0,0,0,0,0,0,0
41,5,0,0,89,0,0,0,0,0,0,0
41,6,0,0,32,0,0,0,0,0,0,0
41,10,7,0,0,0,0,0,6,0,0,0
41,11,20,24,0,0,0,0,15,0,0,0
41,12,0,0,6,0,0,0,0,0,0,0
41,15,6,0,0,3,0,7,0,0,0,0
41,22,0,0,15,0,0,0,0,0,0,0
41,23,11,22,10,0,0,0,0,0,0,0
41,24,0,6,0,0,0,0,5,0,0,0
41,25,0,0,5,82,0,0,0,0,0,0
41,26,0,0,43,40,0,0,0,0,0,0
41,27,0,0,46,151,0,0,0,0,0,0
41,30,3,0,0,0,0,0,0,0,0,0
41,33,0,0,8,0,0,0,0,0,4,4
41,35,0,13,0,0,0,0,0,0,0,0
41,36,0,11,0,0,0,0,0,0,0,0
41,37,0,3,0,0,0,0,0,0,0,3
41,41,8,0,0,0,0,0,3,0,0,0
41,42,3,0,3,0,0,0,0,0,0,0
41,84,3,0,0,0,0,0,0,0,0,0
41,85,3,0,0,0,3,0,0,0,0,0
41,106,4,0,0,0,0,0,0,0,0,0
41,107,8,3,0,0,0,0,0,0,0,0
41,121,3,0,0,3,0,0,0,0,0,0
42,0,71,17,0,0,0,0,0,0,0,0
42,1,78,20,0,0,0,3,11,0,0,0
42,2,63,9,0,0,0,0,24,0,0,0
42,3,0,5,43,0,0,20,0,0,0,0
42,4,0,0,103,0,0,0,0,0,0,0
42,5,0,0,60,0,0,0,0,0,0,0
42,8,3,4,0,0,0,0,0,0,0,0
42,10,0,0,0,0,0,0,36,0,0,0
42,11,10,0,0,0,0,0,0,0,0,0
42,13,0,0,16,0,0,0,0,0,0,0
42,14,5,5,16,0,0,0,27,0,0,0
42,15,16,0,0,0,0,0,7,0,0,0
42,16,3,0,0,0,0,0,0,0,0,0
42,19,5,0,20,0,0,0,0,0,0,0
42,20,0,4,18,0,0,0,0,0,0,0
42,21,6,0,0,0,0,0,13,0,0,0
42,22,0,0,23,0,0,0,0,0,0,0
42,23,0,0,40,0,0,0,0,0,0,0
42,25,0,0,61,0,0,0,0,0,0,0
42,26,0,0,65,84,0,0,0,0,0,0
42,27,0,0,11,0,0,0,0,0,0,0
42,28,0,0,90,0,0,0,0,0,0,0
42,29,0,0,42,0,0,0,0,0,0,0
42,30,0,0,44,0,0,0,0,0,0,0
42,31,0,0,72,0,0,0,0,0,0,0
42,32,0,0,62,0,0,0,0,0,0,0
42,33,0,0,48,0,0,0,0,0,0,0
42,36,0,0,0,0,0,3,0,0,0,0
42,37,0,3,0,0,0,0,3,0,0,0
42,38,0,6,0,0,0,0,0,0,0,0
42,39,5,0,3,0,0,0,0,0,0,3
42,40,11,3,0,0,0,0,0,0,0,0
42,41,16,4,3,0,0,0,0,0,0,0
42,42,12,4,0,0,0,0,0,0,0,0
42,43,0,0,3,0,0,0,0,0,0,0
42,83,3,0,0,0,0,0,0,0,0,0
42,84,3,0,0,0,0,0,0,0,0,0
42,106,7,0,0,0,0,0,0,0,0,0
42,107,0,4,0,0,0,0,0,0,0,0
42,110,0,3,0,0,0,0,0,0,0,0
42,121,3,0,0,0,0,0,0,0,0,0
42,122,5,0,0,0,0,0,0,0,0,0
43,1,39,9,9,0,0,0,0,0,0,0
43,2,57,4,6,0,0,0,10,0,0,0
43,3,0,9,0,0,0,0,24,0,0,0
43,5,3,0,115,30,0,0,0,0,0,0
43,6,16,6,42,0,0,0,0,0,0,0
43,7,26,0,0,4,0,0,5,0,0,0
43,8,10,0,8,0,0,0,3,0,0,0
43,9,10,10,0,0,0,0,0,0,0,0
43,10,22,4,0,0,0,0,0,0,0,0
43,12,7,5,0,0,0,0,0,0,0,0
43,13,3,0,0,0,0,0,0,0,0,38
43,14,10,0,0,0,0,0,0,0,0,0
43,15,27,0,15,0,0,13,5,0,0,0
43,16,33,26,8,0,0,0,0,0,0,0
43,17,9,0,16,0,0,0,45,0,0,0
43,18,0,0,21,0,0,0,0,0,0,0
43,19,64,59,20,0,0,8,0,0,0,0
43,20,0,57,26,0,0,0,0,0,0,0
43,21,0,0,16,0,0,0,0,0,0,0
43,22,0,0,51,0,0,0,0,0,0,0
43,23,0,0,41,0,0,0,0,0,0,0
43,26,0,0,35,0,0,0,0,0,0,0
43,27,0,0,48,0,0,0,0,0,0,0
43,28,0,0,34,0,0,0,0,0,0,0
43,29,0,0,54,0,0,0,0,0,0,0
43,30,0,0,79,0,0,0,0,0,0,0
43,31,0,0,48,0,0,0,0,0,0,0
43,32,0,0,70,0,0,0,0,0,0,0
43,33,0,0,30,0,0,0,0,0,0,0
43,39,0,0,0,0,55,0,0,0,0,0
43,40,12,4,0,0,0,0,0,0,0,0
43,41,7,0,3,0,0,0,0,0,0,0
43,42,5,0,0,0,0,0,0,3,0,0
43,43,4,0,0,0,0,0,0,0,0,0
43,81,0,0,3,0,0,0,0,0,0,0
43,83,3,0,0,0,0,0,0,0,0,0
43,84,3,0,0,0,0,0,0,0,0,0
43,104,3,6,0,0,0,0,0,0,0,0
43,105,4,3,0,0,0,0,0,0,0,0
43,106,23,3,0,0,0,0,0,0,0,0
43,107,19,3,0,0,0,0,0,0,0,0
43,108,8,4,0,0,0,0,0,3,0,0
43,109,3,0,4,0,0,0,0,0,0,0
43,121,5,0,0,0,0,0,0,0,0,0
43,123,6,0,0,0,0,0,0,0,0,0
43,124,0,0,0,3,0,0,0,0,0,0
44,4,14,5,0,0,0,0,0,0,0,0
44,5,0,0,0,116,0,0,0,0,0,0
44,6,6,0,27,23,0,0,0,0,0,0
44,7,32,0,0,0,0,4,0,0,0,0
44,8,37,0,0,18,0,4,7,0,0,0
44,9,17,0,0,0,0,3,0,0,0,0
44,10,31,0,7,0,0,6,5,0,0,0
44,11,45,10,0,0,0,0,0,0,0,0
44,13,3,3,0,0,0,0,0,0,0,0
44,14,38,13,0,0,0,14,14,3,0,0
44,15,23,6,0,0,0,0,0,0,0,0
44,16,27,47,3,0,0,0,4,0,0,0
44,17,24,17,25,0,0,0,9,0,0,0
44,18,8,33,7,0,0,0,0,0,0,0
44,19,16,25,42,0,0,0,0,0,0,0
44,20,0,4,26,0,0,0,0,0,0,0
44,21,0,3,84,0,0,0,0,0,0,0
44,22,0,0,59,0,0,0,0,0,0,0
44,23,0,0,60,0,0,0,0,0,0,0
44,25,15,10,0,0,0,0,0,0,0,0
44,26,0,0,68,0,0,0,0,0,0,0
44,27,0,0,74,0,0,0,0,0,0,0
44,28,0,0,38,0,0,0,0,0,0,0
44,29,0,0,44,0,0,0,0,0,0,0
44,30,0,0,34,0,63,0,0,0,0,0
44,31,0,0,52,0,0,0,0,0,0,0
44,33,0,0,29,89,0,0,0,0,0,0
44,34,0,0,0,32,0,0,0,0,0,0
44,36,0,0,0,0,14,0,0,0,0,0
44,37,0,0,0,0,78,0,0,0,0,0
44,38,0,0,0,0,98,0,0,0,0,0
44,39,0,0,0,0,74,0,0,0,0,0
44,40,5,0,0,0,0,0,0,0,0,0
44,41,3,0,6,0,0,0,0,0,0,0
44,43,0,0,3,3,0,0,0,0,0,0
44,45,0,3,0,0,0,0,0,0,0,0
44,92,0,0,3,0,0,0,0,0,0,0
44,104,0,0,3,0,0,0,0,0,0,0
44,106,3,0,0,0,0,0,3,0,0,0
44,107,7,3,0,0,0,0,0,0,0,0
44,121,4,0,0,0,0,0,0,0,0,0
44,122,3,0,0,0,0,0,0,0,0,0
44,123,4,0,0,0,0,0,0,0,0,0
45,0,4,7,0,0,0,0,0,0,0,0
45,1,0,0,0,0,0,0,0,3,0,0
45,2,6,0,0,0,0,23,26,0,0,0
45,5,5,0,0,127,0,0,0,0,0,0
45,6,0,0,0,87,0,0,0,0,0,0
45,7,30,0,34,58,6,3,0,0,0,0
45,8,24,13,11,61,0,0,0,0,0,0
45,9,43,8,6,0,0,4,0,0,0,0
45,10,29,10,3,0,0,0,0,0,0,0
45,11,11,5,0,0,0,0,0,0,0,0
45,12,14,4,0,0,0,0,0,0,0,0
45,13,5,0,0,0,0,0,13,0,0,0
45,14,8,5,0,0,0,0,15,0,0,0
45,15,22,0,0,0,0,0,0,0,0,0
45,16,71,32,0,0,0,6,17,0,0,0
45,17,0,66,0,0,0,0,0,0,0,0
45,18,36,17,0,0,0,14,0,0,0,0
45,19,57,0,0,0,0,16,22,0,0,0
45,20,0,0,27,0,0,0,20,0,0,0
45,21,0,0,19,0,0,0,42,0,0,0
45,22,0,0,29,0,0,0,0,0,0,0
45,23,6,0,22,0,0,0,0,0,0,0
45,25,0,0,10,0,0,0,0,0,0,0
45,26,0,0,81,0,0,0,0,0,0,0
45,27,0,0,61,0,0,0,0,0,0,0
45,28,0,0,23,0,0,0,0,0,0,0
45,30,0,0,25,0,20,0,0,0,0,0
45,31,0,0,48,0,0,0,0,0,0,0
45,32,0,0,9,88,0,0,0,0,0,0
45,33,0,0,0,91,0,0,0,0,0,0
45,34,0,0,0,58,0,0,0,0,0,0
45,36,0,0,0,0,62,0,0,0,0,0
45,37,0,0,0,0,33,0,0,0,0,0
45,38,0,0,0,0,38,0,0,0,0,0
45,39,0,0,0,0,15,0,0,0,0,0
45,40,0,4,0,0,86,0,0,0,0,0
45,44,3,0,0,0,0,0,0,0,0,0
45,96,0,0,0,0,0,3,0,0,0,0
45,98,3,0,0,0,0,0,0,0,0,0
45,105,3,0,0,0,0,0,0,0,0,0
45,106,3,3,0,0,0,0,0,0,0,0
45,123,4,0,0,0,0,0,0,0,0,0
46,0,6,0,0,0,0,0,0,0,0,0
46,1,3,8,0,0,0,0,0,7,0,0
46,2,8,0,0,0,0,15,0,0,0,0
46,3,11,0,0,0,0,120,0,0,0,0
46,4,0,0,0,0,0,35,0,0,0,0
46,5,0,5,0,65,0,0,0,0,0,0
46,6,21,0,0,10,0,0,0,0,0,0
46,7,5,3,0,0,0,0,0,0,0,0
46,8,7,0,0,11,0,0,0,0,0,0
46,9,51,21,0,30,0,0,5,0,0,0
46,10,9,5,0,79,4,0,3,0,0,0
46,11,52,20,0,0,0,5,7,0,0,0
46,12,22,14,0,0,0,0,16,0,0,0
46,13,9,16,0,0,0,0,17,0,0,0
46,14,33,5,12,0,0,0,0,0,0,0
46,15,25,25,23,0,0,0,0,0,0,0
46,16,27,16,14,0,0,0,3,3,0,0
46,17,0,25,0,0,0,0,0,0,0,0
46,18,0,0,0,0,0,0,10,0,0,20
46,19,0,17,8,0,0,0,0,0,0,7
46,23,0,0,0,0,0,0,5,0,0,0
46,24,0,0,5,0,0,0,0,0,0,0
46,25,4,0,3,0,0,0,0,0,0,0
46,26,0,0,47,0,0,0,0,0,0,0
46,28,0,0,32,0,0,0,0,0,0,0
46,29,0,0,48,0,0,0,0,0,0,0
46,30,0,0,73,0,0,0,0,0,0,0
46,31,0,0,83,0,0,4,6,0,0,0
46,32,0,0,8,0,0,0,0,0,0,0
46,33,0,0,0,86,0,0,0,0,0,0
46,36,0,0,0,0,19,0,0,0,0,0
46,37,0,0,0,18,12,0,0,0,0,0
46,38,0,0,21,122,0,0,0,0,0,0
46,39,0,0,0,26,0,0,0,0,0,0
46,93,0,0,0,0,0,3,0,0,0,0
46,94,0,0,0,0,0,0,8,0,0,0
46,95,0,0,0,0,0,10,0,0,0,0
46,96,0,0,0,0,0,5,4,3,0,0
46,97,0,0,3,7,0,0,0,0,0,0
46,99,4,0,0,0,0,0,0,0,0,0
46,101,0,3,0,0,0,0,0,0,0,0
46,105,3,3,0,0,0,4,7,0,0,0
46,122,3,0,0,0,0,0,0,0,0,0
47,0,28,38,10,0,0,0,59,0,0,0
47,1,34,13,7,0,0,0,12,0,0,0
47,2,15,5,0,0,15,0,0,3,0,0
47,3,16,0,5,6,37,21,10,0,0,0
47,4,29,11,0,0,0,11,0,0,0,0
47,5,22,11,0,0,0,7,3,0,0,0
47,6,29,7,0,0,0,0,3,0,0,0
47,7,39,0,5,0,0,29,0,0,0,0
47,8,5,4,0,66,0,0,3,0,0,0
47,9,43,7,18,71,0,0,0,0,0,0
47,10,19,12,0,101,0,0,0,0,0,0
47,11,60,27,0,36,0,0,0,0,0,0
47,12,22,4,12,0,0,0,11,0,3,0
47,13,5,3,0,0,0,0,0,0,0,0
47,15,0,0,5,3,0,0,0,0,0,0
47,16,0,4,3,0,0,0,0,0,0,0
47,17,0,3,0,0,0,0,0,0,0,0
47,18,0,6,0,0,0,0,0,0,0,0
47,19,8,0,32,0,0,0,18,0,0,0
47,20,5,3,0,0,0,15,0,0,0,0
47,23,0,0,0,0,0,3,0,0,0,0
47,24,0,0,4,0,0,0,0,0,0,0
47,25,4,3,3,0,0,0,0,0,0,0
47,26,15,6,32,0,0,0,0,29,0,0
47,27,3,0,24,0,0,0,14,0,0,0
47,28,0,0,56,0,0,0,0,0,0,0
47,29,0,0,32,0,0,0,0,0,0,0
47,30,0,0,8,0,0,0,0,0,0,0
47,31,0,0,57,0,0,0,0,0,0,0
47,32,0,0,39,0,0,0,3,0,0,0
47,33,0,0,0,0,0,6,20,0,0,0
47,38,0,0,0,135,0,0,0,0,0,0
47,39,0,0,0,77,124,0,0,0,0,0
47,40,0,0,0,59,68,0,0,0,0,0
47,93,0,0,0,0,0,8,0,0,0,3
47,94,0,0,0,0,0,5,17,3,0,0
47,95,0,0,0,0,0,17,17,0,0,0
47,96,0,0,0,0,0,9,3,0,0,0
47,97,0,0,0,4,0,0,0,0,0,0
47,98,0,0,24,0,0,0,0,0,0,0
47,99,0,3,12,0,0,0,0,0,0,0
47,123,0,0,3,0,0,0,0,0,0,0
48,0,48,8,16,0,0,0,29,0,0,0
48,1,35,16,0,0,0,0,30,0,0,0
48,2,55,34,0,0,0,10,4,0,0,0
48,3,29,7,3,0,0,0,0,0,0,0
48,4,53,19,0,0,0,3,4,0,0,0
48,5,56,27,5,0,0,0,0,0,0,0
48,6,42,11,6,0,0,11,23,6,0,0
48,7,35,0,0,0,0,0,0,0,0,4
48,8,35,6,5,37,0,0,0,0,0,0
48,9,28,3,0,95,0,0,0,0,0,0
48,10,33,0,0,16,0,0,4,0,0,0
48,11,0,3,0,0,0,0,0,0,0,0
48,12,0,0,0,0,30,0,0,0,0,0
48,16,0,4,0,0,0,0,0,0,0,0
48,17,0,3,0,0,0,0,0,0,0,0
48,18,0,4,0,0,0,0,0,0,0,0
48,19,3,3,0,0,0,0,0,0,0,0
48,20,10,8,0,0,0,0,5,0,0,0
48,21,0,0,18,0,0,0,0,0,0,0
48,22,0,0,55,0,0,0,0,0,0,0
48,24,0,7,0,0,0,0,0,3,0,0
48,25,0,0,0,0,0,0,3,0,0,0
48,26,0,4,0,0,0,0,0,0,0,0
48,27,0,0,64,0,0,0,0,0,0,0
48,28,0,0,80,0,0,0,0,0,0,0
48,29,0,0,73,0,0,0,0,0,0,0
48,30,0,0,40,0,0,0,0,0,0,0
48,31,0,0,18,0,0,0,0,0,0,0
48,32,0,0,0,0,29,0,0,0,0,0
48,33,0,0,0,0,19,6,10,0,0,0
48,34,0,0,0,0,0,42,0,0,0,0
48,37,0,0,0,0,23,0,0,0,0,0
48,38,0,0,0,0,121,0,0,0,0,0
48,39,0,0,0,0,62,0,0,0,0,0
48,40,0,0,0,0,57,0,0,0,0,0
48,41,3,0,0,0,0,0,0,0,0,0
48,93,0,0,0,0,0,23,7,4,3,0
48,94,0,0,0,0,0,20,19,0,0,0
48,95,0,0,0,0,0,19,7,0,0,0
48,96,0,6,0,0,0,5,8,0,0,0
48,98,0,0,19,6,0,0,0,0,0,0
48,99,0,3,0,15,0,0,0,0,0,0
48,100,0,0,0,0,0,12,28,3,3,0
49,0,0,0,7,0,0,0,0,0,0,0
49,1,21,0,54,0,3,9,16,0,0,0
49,2,63,17,0,0,0,0,10,0,3,0
49,3,67,11,0,0,0,0,0,0,0,0
49,4,23,12,0,0,0,0,24,6,0,0
49,5,7,0,0,0,0,0,9,0,0,0
49,6,26,3,11,0,0,0,4,0,0,0
49,7,44,13,0,0,0,0,3,0,0,0
49,8,44,17,0,0,0,0,4,0,0,0
49,9,37,15,3,4,0,0,46,5,0,0
49,10,52,16,5,0,0,0,0,0,0,0
49,11,32,13,0,0,0,0,8,5,3,0
49,12,23,7,50,0,0,0,11,0,0,0
49,13,0,0,6,0,0,0,0,0,0,0
49,16,0,5,0,0,0,0,0,0,3,0
49,17,0,6,9,7,0,0,3,0,0,0
49,18,0,0,0,25,0,0,0,0,0,0
49,19,0,0,0,15,0,0,0,0,0,0
49,20,9,0,5,0,0,0,0,0,0,0
49,21,0,0,23,0,0,0,0,0,0,0
49,22,0,0,74,0,0,0,0,0,0,0
49,24,0,12,0,0,0,0,0,0,0,0
49,26,0,5,0,0,0,0,0,0,0,0
49,27,0,0,42,0,0,0,0,0,0,0
49,28,0,0,60,0,0,0,0,0,0,0
49,29,0,0,11,0,0,0,0,0,0,0
49,33,0,0,0,0,61,15,0,0,0,0
49,34,0,0,0,0,11,20,0,0,0,0
49,36,0,0,0,0,46,0,0,0,0,0
49,37,0,0,0,0,30,0,0,0,0,0
49,38,0,0,0,0,113,0,0,0,0,0
49,39,0,0,29,0,51,19,0,0,0,0
49,40,0,0,0,0,46,0,0,0,0,0
49,67,3,0,0,0,0,0,0,0,0,0
49,68,3,3,0,0,3,0,0,0,0,0
49,69,5,0,3,0,0,0,0,0,0,0
49,70,3,0,0,0,0,0,0,0,0,0
49,93,0,0,0,0,0,0,3,6,3,0
49,94,0,0,0,0,0,0,4,0,0,0
49,95,0,0,0,0,0,3,3,0,0,0
49,98,0,0,0,0,3,4,0,0,0,0
49,99,3,0,0,0,0,0,0,3,0,0
49,100,0,0,0,0,0,0,5,3,0,0
49,101,0,0,0,0,0,51,0,0,0,0
50,4,0,7,0,0,0,0,19,0,0,0
50,8,25,26,18,0,0,3,0,0,0,0
50,9,69,13,5,0,0,3,0,0,0,0
50,10,27,6,0,0,0,0,0,0,0,0
50,11,76,19,0,0,0,0,4,6,0,0
50,12,7,5,24,0,0,4,24,0,4,0
50,13,0,0,0,0,0,0,7,0,0,0
50,16,0,0,0,0,0,3,0,0,0,0
50,17,0,0,72,0,0,0,0,0,0,0
50,18,0,0,32,0,0,0,0,0,0,0
50,19,0,0,0,0,0,0,13,0,0,0
50,21,9,5,37,0,0,0,0,0,0,0
50,22,0,0,96,0,0,0,0,0,0,0
50,23,0,0,0,0,0,0,5,0,0,0
50,24,0,0,4,0,0,0,0,0,0,0
50,33,0,0,0,0,0,51,0,0,0,0
50,34,0,0,0,0,0,4,0,0,0,0
50,35,0,0,0,0,25,0,0,0,0,0
50,36,0,0,0,0,10,0,0,0,0,0
50,39,0,0,0,0,87,0,0,0,0,0
50,65,0,0,3,0,0,0,0,0,0,0
50,100,13,0,0,0,0,0,0,0,0,0
50,101,3,0,0,0,0,0,0,0,0,0
51,8,37,21,20,0,0,0,3,0,0,0
51,9,51,10,6,0,0,26,7,3,0,0
51,10,29,5,0,0,0,0,0,0,0,0
51,11,28,8,0,0,0,0,0,0,0,0
51,12,13,8,34,0,0,0,0,0,0,0
51,13,0,0,6,0,0,0,0,0,0,0
51,14,0,3,29,0,0,0,0,0,3,0
51,15,0,24,0,0,0,0,0,0,0,0
51,16,0,33,0,0,0,0,0,0,0,0
51,17,0,27,0,0,0,0,0,0,0,0
51,18,0,48,0,0,0,0,0,0,0,0
51,19,16,0,13,0,0,0,0,0,0,0
51,20,3,0,0,0,0,0,13,4,0,0
51,21,53,0,0,0,0,0,0,0,0,0
51,23,0,0,0,0,0,0,3,3,0,0
51,34,0,0,0,0,11,0,0,0,0,0
51,35,0,0,22,0,60,0,0,0,0,0
51,36,0,0,0,0,50,0,0,0,0,0
51,60,0,0,0,0,0,3,0,0,0,0
51,122,3,0,0,0,0,0,0,0,0,0
52,0,0,0,0,0,0,0,3,0,0,0
52,3,0,0,5,0,0,0,0,0,0,0
52,8,0,12,0,7,0,0,0,0,0,0
52,9,62,20,0,0,0,62,0,0,0,0
52,10,56,26,0,0,0,0,0,0,0,0
52,11,63,31,0,0,0,0,0,0,0,0
52,12,13,0,11,0,0,0,0,0,0,0
52,14,0,4,3,0,0,0,0,0,0,0
52,15,0,61,3,0,0,0,0,0,0,0
52,16,0,26,0,0,0,0,0,0,0,0
52,18,17,27,0,0,0,0,20,0,0,0
52,19,30,0,0,0,0,0,0,0,0,0
52,20,93,0,5,0,0,0,0,0,0,0
52,34,0,0,0,0,38,0,0,0,0,0
52,35,0,0,0,0,27,12,14,0,0,0
52,36,0,0,0,0,43,0,0,0,0,0
52,37,0,0,0,0,93,0,0,0,0,0
52,59,3,0,3,0,0,0,0,0,0,0
52,85,3,0,0,0,0,0,0,0,0,0
52,86,3,0,0,0,0,3,0,0,0,0
53,1,0,0,0,0,0,0,0,3,0,0
53,2,0,0,4,0,0,0,0,0,0,0
53,6,0,0,0,0,0,3,0,0,0,0
53,7,0,0,3,0,0,0,0,0,0,0
53,8,0,3,0,0,0,0,0,0,0,0
53,9,6,0,0,0,0,0,0,0,0,0
53,10,24,10,3,0,0,0,0,0,0,0
53,11,31,19,0,0,0,0,8,0,0,0
53,12,16,0,3,0,0,3,23,0,0,0
53,13,0,0,5,0,0,0,0,0,0,0
53,14,0,6,4,0,0,5,7,0,0,0
53,15,0,3,45,0,0,0,0,0,0,0
53,16,0,7,3,0,0,0,0,0,0,0
53,18,15,0,0,0,0,0,51,0,0,0
53,19,7,0,0,0,0,0,0,0,0,0
53,20,38,10,7,0,0,10,0,0,0,0
53,29,0,0,0,0,0,0,0,3,0,0
53,30,0,0,0,0,0,0,0,3,0,0
53,34,0,0,0,0,0,0,14,0,0,0
53,35,0,0,0,0,0,62,28,0,0,0
53,59,3,0,0,0,0,0,0,0,0,0
53,85,7,0,3,0,0,0,0,0,0,0
54,0,0,3,0,0,0,0,0,0,0,0
54,4,0,3,0,0,0,0,0,0,0,0
54,9,0,0,0,3,0,3,5,0,0,0
54,10,21,12,0,0,0,0,0,0,0,0
54,11,27,23,0,0,0,0,0,0,0,0
54,12,0,0,3,0,0,0,0,0,0,0
54,13,0,0,4,0,0,0,0,0,0,0
54,14,0,4,12,0,0,0,3,0,0,0
54,15,0,0,64,0,0,0,0,0,0,0
54,16,0,0,6,0,0,0,0,0,3,0
54,18,30,0,0,0,0,0,24,0,0,0
54,19,13,0,0,0,0,0,0,0,0,0
54,20,30,0,0,0,0,0,0,0,0,0
54,29,0,0,0,0,0,0,0,4,0,0
54,30,0,0,0,0,0,0,0,11,0,0
54,57,3,0,0,0,0,0,0,0,3,0
54,58,3,3,0,0,0,0,0,0,0,0
54,59,0,0,0,3,0,0,0,0,0,0
54,101,3,0,0,0,0,0,0,0,0,0
55,1,0,0,3,0,0,0,0,0,0,0
55,3,0,0,0,0,0,3,0,0,0,0
55,9,0,0,6,0,0,11,0,0,0,0
55,11,0,0,3,0,0,0,0,0,0,0
55,12,0,0,3,0,0,4,0,0,0,0
55,13,0,0,3,3,0,0,0,0,0,0
55,14,0,0,12,0,0,0,0,0,0,0
55,15,0,0,15,0,0,0,0,0,0,0
55,16,0,0,11,0,0,0,0,0,0,0
55,18,5,0,0,0,0,0,0,0,0,0
55,19,3,0,0,0,0,0,0,0,0,0
55,30,0,0,0,0,0,0,0,16,0,0
55,56,3,3,0,0,0,0,0,0,3,0
55,57,3,0,3,0,3,0,0,0,0,0
55,58,5,3,3,0,0,0,0,0,0,0
56,1,0,3,3,0,0,0,0,0,0,0
56,2,0,0,0,3,0,0,0,0,0,0
56,3,0,0,0,0,0,0,3,5,3,0
56,8,0,7,0,0,0,0,0,0,0,0
56,9,0,18,0,0,0,0,0,0,0,0
56,10,0,3,0,0,0,0,0,3,0,0
56,11,0,0,7,3,0,0,3,0,0,0
56,12,0,11,4,0,0,0,0,0,0,0
56,13,0,3,0,0,0,0,3,0,0,0
56,14,0,0,3,0,0,0,0,0,0,0
56,15,0,0,0,3,0,0,0,0,0,0
57,3,0,0,0,0,0,0,3,3,0,0
57,8,0,32,4,0,0,0,0,0,0,0
57,9,0,3,3,0,0,3,0,0,0,0
57,10,0,0,0,0,0,3,0,0,0,0
57,11,0,0,7,3,0,0,0,0,0,0
57,12,0,0,3,0,0,0,0,0,0,0
57,20,0,0,3,0,0,0,0,0,0,0
57,28,0,0,0,0,0,0,0,3,0,0
57,30,0,0,0,0,0,0,0,7,3,0
57,32,0,0,0,0,0,0,0,0,3,0
58,4,0,0,0,0,0,0,3,0,0,0
58,7,0,0,3,4,0,3,3,0,0,0
58,8,0,0,3,6,0,3,0,0,0,0
58,9,0,0,3,0,0,0,0,0,0,0
58,11,0,15,11,0,0,0,0,0,0,0
58,12,0,7,16,0,0,0,0,0,0,0
58,19,0,0,3,0,0,0,3,0,0,0
58,30,0,0,0,0,0,0,0,4,0,0
58,31,0,0,0,0,0,0,6,0,0,0
58,32,0,0,0,0,0,0,3,3,3,0
59,7,0,0,0,0,0,0,0,3,0,0
59,8,3,5,0,0,0,0,0,6,0,0
59,9,0,0,0,0,0,0,4,0,0,4
59,10,0,0,7,0,0,0,0,0,0,0
59,11,0,8,49,0,0,0,0,0,0,0
59,12,0,3,15,0,0,0,0,0,0,0
59,13,0,0,7,0,0,0,0,0,0,0
59,19,0,0,4,0,0,3,5,0,3,0
59,20,0,0,0,0,0,0,0,3,0,0
59,30,0,0,0,0,0,0,5,0,0,0
59,31,0,0,0,0,0,0,12,3,3,0
59,32,0,0,0,0,0,0,7,3,3,3
59,48,4,0,3,0,0,0,0,0,0,0
60,7,0,0,0,0,0,0,0,3,0,0
60,8,3,0,0,0,0,0,0,11,3,0
60,10,0,0,0,0,0,0,20,0,0,0
60,11,0,0,26,0,0,0,9,0,0,0
60,12,0,0,35,0,0,0,0,0,0,0
60,13,0,0,28,0,0,0,3,0,0,0
60,18,0,0,0,0,0,0,3,0,0,0
60,19,0,0,0,3,0,3,5,3,0,0
60,20,0,0,3,0,0,0,0,0,0,0
60,30,0,0,0,0,0,0,0,3,0,0
60,31,0,0,0,0,0,0,13,0,0,0
60,32,0,0,0,0,0,0,7,5,0,0
60,48,3,0,0,0,0,0,0,0,3,0
61,7,0,0,0,0,0,0,0,0,3,0
61,8,0,3,0,0,0,0,3,0,3,0
61,9,0,0,3,0,0,0,3,0,0,0
61,10,10,4,0,0,0,4,22,0,0,0
61,11,7,0,0,0,0,0,3,0,3,0
61,32,0,0,0,0,0,0,7,8,0,0
61,46,6,0,0,0,0,0,0,0,0,0
61,47,13,5,0,0,0,0,0,0,0,0
61,48,6,5,0,0,0,0,0,0,0,0
61,49,3,0,0,0,0,0,0,0,0,0
62,7,0,0,3,0,0,0,0,3,0,0
62,8,25,0,0,0,0,0,0,0,0,0
62,9,8,0,0,0,0,0,0,0,0,0
62,11,8,5,0,0,0,0,0,0,0,0
62,12,0,0,0,0,0,0,3,0,0,0
62,13,0,0,0,0,0,7,9,0,0,0
62,17,0,3,0,0,0,0,0,0,0,0
62,32,0,0,0,0,0,0,4,4,0,0
62,33,0,0,0,0,0,0,9,3,0,0
62,47,9,4,0,0,0,0,0,0,0,0
62,48,6,3,0,0,0,0,0,0,0,0
62,65,0,0,0,0,0,0,0,0,3,0
63,3,0,0,0,0,0,26,0,0,0,0
63,8,12,8,0,0,0,0,0,0,0,0
63,9,10,0,8,0,0,0,0,0,0,0
63,10,7,0,0,0,0,0,0,0,0,0
63,11,9,3,3,0,0,0,11,0,0,0
63,32,0,0,0,0,0,0,4,3,0,0
63,33,0,0,0,0,0,0,17,3,0,0
63,48,0,0,0,3,0,0,0,0,0,0
63,65,11,0,0,0,0,0,0,0,0,0
63,87,0,3,0,0,0,0,0,0,0,0
63,121,4,0,0,0,0,0,0,0,0,0
64,8,5,6,16,0,0,0,0,0,0,0
64,10,0,0,0,0,0,0,7,0,0,0
64,11,18,9,0,0,0,0,5,0,0,0
64,33,0,0,0,0,0,0,7,3,0,0
64,34,0,0,0,0,0,0,3,0,0,0
64,65,4,0,0,0,0,0,5,0,0,0
64,119,7,0,0,0,0,0,0,0,0,0
64,120,6,0,0,0,0,0,0,0,0,0
64,121,5,0,0,0,0,0,0,0,0,0
65,7,0,4,0,0,0,0,4,0,0,0
65,11,0,0,5,0,0,0,0,0,0,0
65,34,0,0,0,0,0,0,0,3,0,0
65,118,3,0,0,0,0,0,0,0,0,0
65,119,3,0,0,0,0,0,0,0,0,0
65,120,4,0,0,0,0,0,0,0,0,0
66,7,0,0,0,0,0,0,3,0,0,0
66,8,0,0,3,0,0,0,0,0,0,0
66,117,0,0,3,0,0,0,0,0,0,0
68,24,0,0,4,0,0,0,0,0,0,0
68,25,0,3,0,0,0,0,0,0,0,0
69,12,0,3,0,0,0,0,0,0,0,0
69,24,3,0,0,0,0,0,0,0,0,0
69,25,4,0,0,0,0,0,0,0,0,0
69,26,3,0,0,0,0,0,0,0,0,0
69,52,0,0,3,0,0,0,0,0,0,0
69,53,0,0,0,0,0,0,4,0,0,0
69,54,0,0,0,0,0,0,4,0,0,0
69,55,0,0,0,0,0,4,3,0,0,0
70,24,0,3,0,0,0,0,0,0,0,0
70,25,3,0,0,0,0,0,0,0,0,0
70,26,3,0,0,0,0,0,0,0,0,0
70,52,0,0,0,0,0,0,3,0,3,0
70,53,0,0,0,0,0,0,9,4,4,0
70,54,0,3,3,0,0,0,3,0,0,0
70,55,0,0,3,3,0,0,0,0,0,0
71,6,3,0,0,0,0,0,0,0,0,0
71,25,0,0,3,0,0,0,0,0,0,0
71,26,3,3,5,0,0,0,0,0,0,0
71,50,0,0,3,0,0,0,0,0,0,0
71,51,5,0,0,0,0,0,0,0,0,0
71,52,7,0,0,0,0,0,5,0,0,0
71,53,3,0,0,0,0,0,3,0,0,0
72,26,0,3,0,0,0,0,0,0,0,0
72,27,0,0,0,3,0,0,0,0,0,0
72,50,6,0,0,0,0,0,0,0,0,0
72,51,0,5,0,0,0,0,0,0,0,0
72,52,4,3,0,0,0,0,0,0,0,0
72,53,3,0,0,0,0,0,0,0,0,0
72,77,0,3,0,0,0,0,0,0,0,0
73,5,0,0,0,0,0,0,4,0,0,0
73,30,0,3,0,0,0,0,0,0,0,0
73,49,4,0,0,0,0,0,0,0,0,0
73,50,3,0,0,0,0,0,0,0,0,0
73,52,4,3,4,0,0,0,0,0,0,0
73,53,3,3,0,0,0,0,0,0,0,0
73,76,0,4,0,0,0,0,0,0,0,0
73,77,0,0,3,0,0,0,0,0,0,0
73,78,7,0,0,0,0,0,3,0,0,0
73,79,0,0,0,0,0,3,0,0,0,0
74,5,0,0,0,0,0,0,0,3,0,0
74,27,0,0,0,0,0,0,3,0,0,0
74,28,0,0,0,0,0,0,5,0,0,0
74,29,3,0,0,0,0,0,3,0,0,0
74,30,6,3,0,0,0,0,0,0,0,0
74,53,0,0,3,0,0,0,0,0,0,0
74,77,0,0,16,0,0,0,0,0,0,0
74,78,3,4,3,0,0,0,0,0,0,0
75,27,3,0,0,0,0,0,4,0,0,0
75,28,8,3,0,0,0,0,6,0,0,0
75,29,4,0,0,0,0,0,0,0,0,0
75,30,8,0,0,0,0,0,0,0,0,0
75,31,3,0,0,0,0,0,0,0,0,0
75,77,0,3,0,0,0,0,0,0,0,0
75,79,3,0,0,0,0,0,0,0,0,0
76,27,5,0,3,0,0,0,0,0,0,0
76,28,4,0,0,0,0,0,0,0,0,0
76,31,0,0,0,11,0,3,0,0,0,0
76,79,5,0,14,0,0,0,0,0,0,0
76,80,0,0,0,0,0,0,3,0,0,0
76,81,3,0,0,0,0,0,0,0,0,0
76,106,0,0,3,0,0,0,0,0,0,0
76,107,5,3,3,0,0,0,0,0,0,0
77,27,3,0,0,0,0,0,0,0,0,0
77,79,4,0,0,0,0,0,0,0,0,0
77,80,4,0,0,0,0,0,0,0,0,0
77,109,4,0,0,0,0,0,0,0,0,0
77,110,4,0,0,0,0,0,0,0,0,0
78,26,0,3,3,0,0,0,0,0,0,0
78,110,0,0,0,3,0,0,3,0,0,0
79,5,3,0,0,0,0,0,0,0,0,0
80,62,0,0,3,0,0,0,0,0,0,0
80,63,0,0,3,0,0,0,0,0,0,0
81,63,0,0,0,0,0,3,0,0,0,0
82,39,0,0,0,3,0,0,0,0,0,0
82,124,0,0,3,0,0,0,0,0,0,0
83,123,7,0,0,0,0,3,0,0,0,0
83,124,4,0,0,0,0,0,0,0,0,0
84,36,3,0,0,0,0,0,0,0,0,0
84,37,3,0,0,0,0,0,0,0,0,0
84,38,0,0,0,0,0,0,11,0,0,0
84,39,3,0,0,0,0,0,0,0,0,0
84,75,0,0,5,0,4,0,4,0,0,0
84,123,0,0,0,0,0,3,0,0,0,0
84,124,8,4,0,0,0,0,0,0,0,0
85,37,6,0,0,0,0,0,0,0,0,0
85,38,4,0,0,0,0,0,5,0,0,0
85,74,3,3,0,0,0,0,0,0,0,0
85,75,5,0,3,0,0,0,6,0,0,0
85,76,0,0,0,0,0,0,3,0,0,0
85,122,0,0,0,0,0,0,3,0,0,0
85,123,4,0,0,0,0,0,0,0,0,0
85,124,4,0,0,0,0,0,0,0,0,0
86,75,3,0,3,0,0,0,0,0,0,0
86,76,0,0,0,3,3,0,3,0,0,0
86,77,0,0,3,0,0,0,0,0,0,0
86,103,4,0,0,0,0,0,0,3,0,0
87,0,4,0,3,0,0,0,0,0,0,0
87,1,0,0,3,0,0,0,0,0,0,0
87,2,3,4,0,0,0,0,0,0,0,0
87,3,3,0,0,0,0,0,0,0,0,0
87,81,3,0,0,0,0,0,0,0,0,0
87,103,0,0,3,0,0,0,0,0,0,0
87,104,0,0,3,3,0,0,0,0,0,0
87,108,3,0,0,0,0,0,0,0,0,0
87,109,0,0,5,0,0,0,0,0,0,0
88,1,4,0,0,0,0,0,0,0,0,0
88,56,0,0,3,0,0,0,0,0,0,0
88,57,0,0,3,0,0,0,0,0,3,0
88,75,0,0,4,0,0,0,0,0,0,0
88,76,0,0,0,0,3,0,0,0,0,0
88,102,0,0,0,0,0,0,8,3,0,0
88,103,0,0,0,0,0,0,4,0,0,0
88,104,5,0,0,0,0,0,0,0,0,0
88,108,3,0,0,0,0,0,0,0,0,0
88,109,0,0,3,0,0,0,0,0,0,0
89,51,0,0,3,0,0,0,0,0,0,0
89,54,7,0,3,0,0,0,3,0,0,0
89,55,5,0,0,0,0,0,0,0,0,0
89,57,0,0,0,0,0,0,3,0,0,0
89,75,3,3,0,3,0,3,0,0,0,0
89,76,0,0,0,0,0,6,3,0,0,0
89,77,0,0,0,0,0,5,0,0,0,0
89,81,3,0,0,0,0,0,0,0,0,0
89,101,0,0,0,0,0,0,9,3,0,0
89,102,0,0,0,0,0,0,12,0,0,0
89,103,0,0,0,0,0,0,10,0,0,0
89,105,9,0,0,0,0,0,0,0,0,0
89,106,3,0,0,0,0,0,0,0,0,0
89,107,5,0,3,0,0,0,0,3,0,0
89,108,0,0,0,0,3,0,0,0,0,0
90,55,0,0,0,0,0,0,3,0,0,0
90,56,5,0,0,0,0,3,0,0,0,0
90,73,4,0,0,0,0,0,0,0,0,0
90,74,5,3,0,3,0,0,0,0,0,0
90,75,0,0,0,0,0,5,0,0,0,0
90,76,0,0,0,0,0,10,5,0,0,0
90,83,3,0,0,0,0,0,0,0,0,0
90,84,3,0,0,0,0,0,0,0,0,0
90,85,3,0,0,0,0,0,0,0,0,0
90,100,0,0,0,0,0,0,3,0,0,0
90,101,0,0,0,0,0,0,14,3,0,0
90,102,0,0,0,0,0,0,16,8,0,0
90,103,0,0,0,0,0,0,3,0,0,3
90,104,0,0,3,0,0,0,0,0,0,0
90,105,5,0,3,0,0,0,0,0,0,0
90,107,5,0,0,0,0,0,0,0,0,0
91,83,3,0,0,0,0,0,0,0,0,0
91,85,4,3,0,0,0,0,0,0,0,0
91,86,0,0,0,0,3,0,0,0,0,0
91,101,0,0,0,0,0,3,4,3,0,0
91,102,0,0,0,0,0,3,5,7,0,0
91,103,0,0,0,0,0,0,4,0,0,0
91,104,4,0,0,0,0,0,0,0,0,0
91,105,4,3,0,0,0,0,0,0,0,0
91,107,3,0,3,0,0,0,0,0,0,0
91,108,3,0,0,0,0,0,0,0,0,0
92,58,0,0,3,0,0,0,0,0,0,0
92,104,5,0,3,0,0,0,0,0,0,0
92,105,7,0,0,0,0,0,0,0,0,0
92,106,3,0,0,0,0,0,0,0,0,0
92,107,4,0,0,0,0,0,0,0,0,0
92,108,3,0,0,0,0,0,0,0,0,0
92,109,0,3,0,0,0,0,0,0,0,0
93,58,0,0,0,0,3,0,0,0,0,0
93,97,0,0,3,0,0,0,0,0,0,0
93,104,3,0,0,0,0,0,0,0,0,0
94,57,0,0,0,3,0,0,0,0,0,0
94,59,0,0,3,0,0,0,0,0,0,0
94,62,3,0,0,0,0,0,4,0,0,0
95,57,0,0,0,0,0,0,4,0,0,0
95,58,3,0,0,0,3,0,0,0,0,0
95,59,3,0,3,0,0,0,0,0,0,0
95,60,3,0,0,0,0,0,0,0,0,0
95,61,0,0,0,0,0,5,5,0,0,0
95,62,0,0,0,0,0,7,5,0,0,0
95,63,0,0,0,0,0,0,3,0,0,0
96,56,0,0,0,0,0,3,0,0,0,0
96,60,0,0,0,0,0,5,7,0,0,0
96,61,0,0,0,0,0,3,5,3,0,0
96,62,0,0,0,0,0,7,5,0,0,0
96,63,0,0,0,0,0,0,9,0,0,0
97,24,0,3,0,0,0,0,0,0,0,0
97,60,0,0,0,0,0,11,6,0,0,0
97,61,0,0,0,0,0,5,11,0,0,0
97,62,0,0,0,0,0,6,13,0,0,0
97,63,0,0,0,0,0,3,20,0,0,0
98,59,0,0,0,0,0,3,3,0,0,0
98,60,0,0,0,0,0,3,15,0,0,0
98,61,0,0,0,0,0,0,0,3,0,0
98,62,0,0,0,0,0,0,3,0,0,0
99,59,5,0,0,0,0,0,0,0,0,0
100,59,5,0,0,0,0,0,0,0,0,0
101,24,3,0,0,0,0,0,0,0,0,0
101,25,0,0,3,0,0,0,0,0,0,0
102,21,0,0,0,3,0,0,0,0,0,0
102,24,3,0,3,0,0,0,0,0,0,0
102,25,3,0,0,0,0,0,0,0,0,0
102,26,0,0,0,4,0,0,0,0,0,0
102,45,3,0,0,0,0,0,0,0,0,0
102,46,6,0,0,0,0,0,0,0,0,0
102,59,0,0,3,0,0,0,0,0,0,0
102,60,0,0,3,3,0,0,3,0,0,0
102,61,3,0,0,0,0,0,0,0,0,0
103,21,3,0,0,0,0,0,0,0,0,0
103,22,8,0,0,0,0,0,3,0,0,0
103,24,4,0,0,0,0,0,0,0,0,0
103,25,5,3,0,0,0,0,0,0,0,0
103,45,5,3,0,0,0,0,0,0,0,0
103,58,0,0,4,0,0,0,0,0,0,0
103,59,3,0,0,0,0,0,0,0,0,0
103,60,0,0,0,0,0,0,3,0,0,0
103,61,4,0,0,0,0,0,3,0,0,0
103,122,0,0,0,0,0,3,0,0,0,0
104,23,4,0,3,0,0,0,0,0,0,0
104,24,4,0,0,0,0,0,0,0,0,0
104,25,4,0,0,0,0,0,0,0,0,0
104,26,3,0,0,0,0,0,0,0,0,0
104,58,0,0,3,0,0,0,0,0,0,0
104,61,0,0,0,3,0,0,0,0,0,0
104,96,3,0,0,0,0,0,0,0,0,0
104,97,3,0,0,0,0,0,0,0,0,0
104,123,8,0,3,0,0,0,0,0,0,0
104,124,7,3,0,0,3,0,0,0,0,0
105,23,5,0,0,0,0,3,3,0,0,0
105,24,7,0,3,0,0,0,0,0,0,0
105,25,0,0,0,0,0,13,0,0,0,0
105,26,0,0,0,0,0,0,3,0,0,0
105,96,3,0,0,0,0,0,0,0,0,0
105,97,6,3,0,0,0,0,0,0,0,0
105,123,0,0,3,0,3,0,0,0,0,0
105,124,0,0,0,0,3,0,0,0,0,0
106,0,3,0,0,0,0,0,0,0,0,0
106,24,5,3,3,0,0,0,3,0,0,0
106,25,3,0,3,3,0,0,0,0,0,0
106,97,6,0,0,0,0,0,0,0,0,0
106,125,3,0,0,3,0,0,0,0,0,0
107,25,6,0,0,3,0,0,0,0,0,0
107,26,5,0,0,0,0,0,0,0,0,0
107,97,3,0,0,0,0,0,0,0,0,0
108,26,11,0,3,3,0,0,0,0,3,0
110,69,4,0,0,0,0,0,0,0,0,0
110,100,8,0,0,0,0,0,0,0,0,0
110,126,0,3,0,0,0,0,0,0,0,0
111,69,4,0,0,0,0,0,0,0,0,0
111,125,3,0,0,0,0,0,0,0,0,0
112,0,0,0,0,0,0,0,3,0,0,0
112,68,0,0,0,0,0,0,0,0,0,3
112,69,3,0,0,0,0,0,0,0,0,0
113,98,0,0,0,3,0,0,0,0,0,0
114,80,5,0,0,0,0,0,0,0,0,0
114,81,5,0,0,0,0,0,3,0,0,0
114,97,5,0,0,0,0,0,0,0,0,0
114,98,0,0,0,0,0,0,3,0,0,0
114,99,0,0,0,0,0,3,4,0,0,0
114,100,0,0,0,0,0,4,3,0,0,0
115,0,0,0,0,0,3,0,0,0,0,0
115,1,0,0,0,0,0,0,0,0,3,0
115,81,3,0,0,0,0,0,0,0,0,0
115,96,3,4,0,0,0,0,0,0,0,0
115,97,3,0,3,3,0,0,0,0,0,0
115,98,0,0,0,3,0,0,3,0,0,0
115,99,0,0,0,0,0,3,3,0,0,0
115,100,0,0,0,0,0,3,0,0,0,0
116,0,0,3,0,0,0,3,0,0,0,0
116,48,9,0,0,0,0,0,0,0,0,0
116,49,3,0,0,0,0,0,0,0,0,0
116,80,0,0,0,0,0,0,3,0,0,0
116,81,3,0,0,0,0,3,0,0,0,0
116,82,3,0,0,0,0,0,0,0,0,0
116,95,4,0,0,0,0,0,0,0,0,0
117,0,0,5,12,0,0,0,0,0,0,0
117,1,0,4,5,0,0,0,0,0,0,0
117,2,0,0,19,0,0,0,0,0,0,0
117,49,3,0,0,0,0,0,0,0,0,0
117,50,0,0,3,0,0,0,0,0,0,0
117,51,0,0,3,0,0,0,0,0,0,0
117,80,3,0,0,0,0,0,0,0,0,0
117,82,3,0,0,0,0,5,0,0,0,0
117,95,3,0,4,3,0,0,0,0,0,0
118,0,0,3,23,0,0,0,0,0,0,0
118,1,0,0,24,0,0,0,0,0,0,0
118,3,0,0,0,0,0,0,3,0,0,0
118,37,0,0,0,3,0,8,0,3,0,0
118,48,3,0,0,0,0,0,3,0,0,0
118,49,7,0,3,3,0,0,5,0,0,0
118,50,4,0,0,0,0,0,0,0,0,0
118,51,3,3,0,0,0,0,0,0,0,0
118,93,4,6,4,0,0,0,3,3,0,0
118,94,8,0,0,0,0,0,0,0,0,0
118,95,0,0,0,3,0,0,0,0,0,0
118,121,6,0,0,0,0,0,0,0,0,0
118,122,4,0,0,0,0,0,0,0,0,0
118,123,10,0,0,0,0,0,0,0,0,0
119,0,0,0,57,0,0,0,0,0,0,0
119,1,0,0,22,0,0,0,14,0,0,0
119,37,0,0,3,0,0,0,0,0,0,0
119,48,7,0,3,0,0,0,0,0,0,0
119,49,8,0,3,0,0,0,0,0,0,0
119,50,4,0,0,0,0,0,0,0,0,0
119,51,6,0,0,3,0,0,0,0,0,0
119,91,0,0,4,0,0,0,4,0,0,0
119,92,3,0,4,0,0,0,0,0,0,0
119,93,11,4,3,3,3,0,0,0,0,0
119,94,5,4,0,0,0,0,0,0,0,0
119,119,0,0,3,0,0,0,0,0,0,0
119,120,3,0,3,0,0,0,0,0,0,0
119,121,0,3,0,0,0,0,0,0,0,0
120,0,0,0,17,0,0,0,13,0,0,0
120,1,0,0,4,0,0,0,0,0,0,0
120,35,0,0,0,4,0,0,0,0,0,0
120,37,4,0,0,0,0,0,0,0,0,0
120,38,4,0,0,0,3,0,0,0,0,0
120,48,0,0,3,3,0,0,0,0,0,0
120,66,5,0,0,0,0,0,0,0,0,0
120,67,5,0,0,0,0,0,0,0,0,0
120,93,9,0,3,0,0,0,0,0,0,0
120,94,7,0,0,0,0,0,0,0,0,0
120,120,4,0,7,0,0,0,0,0,0,0
121,34,0,0,3,0,0,0,0,0,0,0
121,35,3,0,6,0,0,0,0,0,0,0
121,36,8,0,4,3,0,0,0,0,0,0
121,37,8,6,3,0,0,0,0,0,0,0
121,38,4,0,4,0,0,0,0,0,0,0
121,67,4,0,0,0,0,0,0,0,0,0
121,92,0,0,3,0,0,0,0,0,0,0
121,93,8,0,4,3,0,0,3,0,0,0
121,94,8,0,12,0,0,0,0,0,0,0
121,119,3,0,3,0,0,0,0,0,0,0
121,120,4,0,3,0,0,0,0,0,0,0
122,33,0,0,5,0,0,0,0,0,0,0
122,34,0,0,5,5,0,0,0,0,0,0
122,35,0,0,0,0,0,0,3,0,0,0
122,36,4,0,3,0,0,0,0,0,3,0
122,37,11,3,3,0,0,0,0,0,0,0
122,38,5,0,0,0,3,0,0,0,0,0
122,67,0,0,0,0,5,0,3,0,0,0
122,92,9,3,0,0,0,0,0,0,0,0
122,93,14,5,0,0,0,0,3,3,0,0
122,94,10,3,0,0,0,0,0,0,0,0
122,95,0,0,3,0,0,0,0,0,0,0
123,34,0,0,0,3,0,0,0,0,3,0
123,35,3,0,0,0,0,0,0,0,0,0
123,36,11,3,0,0,0,0,0,0,0,0
123,37,8,0,3,0,0,0,0,0,0,0
123,38,3,0,3,3,0,0,3,0,0,0
123,39,8,0,0,0,0,0,0,0,0,0
123,66,0,0,6,0,0,0,0,0,0,0
123,67,5,0,7,0,0,0,3,0,0,0
123,68,5,0,0,0,0,0,0,0,0,0
123,92,3,3,0,0,0,0,0,0,0,0
123,93,5,0,0,0,0,0,0,0,9,0
123,94,13,0,0,0,0,0,0,0,0,0
124,34,0,3,0,0,0,0,3,0,0,0
124,35,7,3,0,3,0,0,0,0,0,0
124,37,5,0,0,0,0,0,0,0,0,0
124,38,14,3,0,0,0,0,3,0,0,0
124,68,0,0,0,0,0,0,3,0,0,0
124,90,0,0,3,3,0,0,0,0,0,0
124,93,8,3,0,3,0,0,0,0,0,0
124,94,0,0,0,0,4,0,0,0,0,0
125,34,0,0,3,0,0,0,0,0,0,0
125,35,3,0,3,0,0,0,0,0,0,0
125,36,5,0,0,0,0,0,0,0,0,0
125,38,8,0,0,0,0,0,0,0,0,0
125,39,0,0,0,4,0,0,0,0,0,0
125,68,0,0,3,0,0,0,0,0,0,0
125,91,0,0,3,0,0,0,0,0,0,0
125,92,0,3,0,0,0,0,0,0,0,0
125,93,6,0,3,0,0,0,0,0,0,0
125,94,0,0,3,0,6,0,0,0,0,0
126,38,3,0,0,0,0,0,0,0,0,0
126,40,0,0,0,0,0,0,3,0,0,0
126,92,0,0,4,0,0,0,0,0,0,0
126,93,0,0,3,0,0,0,0,0,0,0
127,37,0,0,0,3,0,0,0,0,0,0
127,39,4,0,10,0,0,0,0,0,0,0
127,47,3,0,0,0,0,0,0,0,0,0
127,92,0,0,0,0,0,0,0,3,0,0
127,93,0,0,6,0,0,0,0,0,0,0