x,y,1,2,3,4
0,55,0,0,25,0
0,56,3,0,0,0
0,57,18,27,10,0
0,58,8,14,38,0
0,59,43,6,16,0
0,60,12,0,3,9
0,61,8,0,0,7
0,62,17,0,0,0
0,63,14,3,0,0
0,67,12,7,0,0
0,70,6,0,0,0
0,71,38,13,15,0
0,72,32,30,0,0
0,73,48,0,0,0
0,74,12,6,0,0
0,75,11,17,0,0
0,76,0,0,9,0
0,108,6,0,0,0
0,109,9,0,0,0
0,110,8,4,0,0
0,117,10,0,0,0
0,118,11,3,0,0
0,119,13,0,0,0
0,120,3,0,0,0
1,55,3,0,0,0
1,57,3,0,3,0
1,58,9,0,10,0
1,59,7,18,22,0
1,60,7,6,5,55
1,61,0,9,13,32
1,62,14,0,0,0
1,63,9,0,0,0
1,64,4,0,3,0
1,67,3,3,7,0
1,70,5,0,0,0
1,71,12,0,0,0
1,72,0,22,0,0
1,73,17,10,0,0
1,74,19,0,0,0
1,109,9,0,0,0
1,110,13,0,0,0
1,117,3,0,0,0
1,118,8,0,0,0
1,119,7,0,0,0
1,120,3,0,0,0
2,48,3,0,0,0
2,57,0,3,7,0
2,58,4,0,11,0
2,59,0,0,12,0
2,60,0,0,10,24
2,61,7,0,7,24
2,62,10,0,0,0
2,63,11,0,3,0
2,64,4,0,0,0
2,65,3,0,0,0
2,67,4,0,0,0
2,82,5,0,0,0
2,107,3,0,0,0
2,109,14,0,0,0
2,110,11,3,0,0
2,120,3,0,0,0
3,58,3,6,10,0
3,59,4,0,15,0
3,60,0,0,17,0
3,61,8,17,4,17
3,62,6,7,21,0
3,63,13,6,18,0
3,64,0,0,8,0
3,82,3,0,0,0
3,83,8,0,0,0
3,84,4,0,0,0
3,109,7,0,0,0
3,110,11,0,0,0
4,58,7,4,0,0
4,59,12,0,0,0
4,60,9,0,14,0
4,61,3,0,9,0
4,62,0,6,59,0
4,63,4,0,45,0
4,65,5,0,0,0
4,68,6,3,0,0
4,82,7,0,0,0
4,83,8,3,0,3
4,84,9,0,0,0
4,86,3,0,0,0
5,62,0,0,11,0
5,64,3,0,0,0
5,65,3,3,0,0
5,66,4,0,0,0
5,67,10,0,0,0
5,68,28,3,3,7
5,69,3,0,0,0
5,82,5,0,0,0
5,83,8,0,0,0
5,84,7,3,0,0
5,85,6,0,0,0
6,64,5,0,0,0
6,65,14,0,0,0
6,66,12,0,0,0
6,67,14,0,0,0
6,68,7,3,4,0
6,69,4,3,0,0
6,78,3,0,0,0
6,82,7,0,0,0
6,83,8,4,0,0
6,84,11,0,0,0
6,85,8,0,0,0
6,86,4,0,0,0
6,87,10,0,0,0
6,88,8,0,3,0
7,54,0,0,3,0
7,55,3,0,3,0
7,64,3,0,0,0
7,65,4,0,0,0
7,67,3,0,0,0
7,68,12,5,0,0
7,69,0,0,0,4
7,70,3,0,0,0
7,83,10,0,0,0
7,84,9,0,0,0
7,86,3,0,0,0
7,87,11,0,0,0
8,68,6,0,0,0
8,69,4,7,0,0
8,70,0,0,0,3
8,76,3,0,0,0
8,78,3,0,0,0
8,82,5,3,0,0
8,83,3,3,0,0
9,67,3,0,0,0
9,68,4,3,0,0
9,70,3,0,0,0
9,71,3,0,0,0
9,78,3,0,0,0
10,60,6,0,0,0
10,70,8,3,0,0
10,71,10,0,0,0
10,72,13,0,0,0
10,73,3,0,0,0
11,61,3,0,0,0
11,68,3,0,0,0
12,49,0,3,0,0
12,50,0,4,0,0
12,67,3,0,0,0
13,49,0,3,0,0
13,64,9,0,14,25
13,68,4,0,0,0
14,74,3,0,0,0
14,75,0,3,0,3
15,74,3,0,0,0
15,75,3,0,0,0
16,104,3,0,0,0
16,105,9,0,0,0
16,106,6,0,0,0
17,9,3,0,0,0
17,88,6,0,0,0
17,105,3,0,0,4
17,106,4,0,0,0
17,107,3,0,0,0
17,110,3,0,0,0
18,86,4,0,0,0
18,87,7,0,0,0
18,88,6,0,0,0
18,89,7,0,0,0
18,105,3,3,0,0
18,106,3,0,0,0
18,107,3,0,0,0
18,108,3,0,0,0
18,109,4,0,3,0
18,110,8,0,0,0
19,14,3,0,0,0
19,15,6,3,0,0
19,86,8,0,0,0
19,87,15,0,0,0
19,88,6,0,0,0
19,89,4,0,0,0
19,90,8,3,0,0
19,91,5,3,0,0
19,92,3,3,0,0
19,93,4,0,0,0
19,108,5,0,0,0
19,109,3,0,0,0
19,110,12,0,0,0
20,12,12,4,0,0
20,13,13,0,0,0
20,14,12,0,0,0
20,15,12,0,0,0
20,16,4,3,0,0
20,86,7,0,0,3
20,87,14,0,0,0
20,88,6,0,0,0
20,92,3,0,0,0
20,110,3,0,0,0
20,111,3,0,0,0
21,12,10,0,0,0
21,13,15,0,0,0
21,14,14,0,0,0
21,15,4,0,0,0
21,16,5,0,0,0
21,86,5,0,0,0
21,87,3,0,3,0
21,88,3,0,0,0
22,9,4,0,0,0
22,12,12,3,0,0
22,13,20,3,0,0
22,14,10,3,0,0
22,16,10,3,0,0
23,10,7,0,0,0
23,11,4,3,0,3
23,12,27,0,0,0
23,13,9,0,0,0
23,14,5,4,0,0
23,16,11,0,5,3
23,17,11,0,0,0
23,19,3,0,0,0
24,9,3,0,0,0
24,10,5,0,0,4
24,11,4,3,0,0
24,12,3,4,0,0
24,13,8,0,0,7
24,14,14,5,0,0
24,15,6,0,0,0
24,16,11,0,0,0
24,17,19,0,0,3
24,18,6,0,0,0
24,39,0,0,0,3
24,127,4,0,0,0
25,10,5,0,0,0
25,12,7,0,0,0
25,13,3,0,0,0
25,14,10,0,3,0
25,15,0,3,0,0
25,16,3,0,0,0
25,18,3,0,0,0
25,121,4,3,0,0
25,122,7,0,0,0
25,123,5,3,0,0
25,124,11,0,0,0
25,125,7,0,0,0
25,126,5,0,0,0
25,127,8,0,0,0
26,9,6,0,0,0
26,11,5,0,0,0
26,12,5,0,0,0
26,14,4,0,0,0
26,117,7,0,0,0
26,118,4,3,0,0
26,119,9,0,0,0
26,120,9,3,0,0
26,121,3,0,0,3
26,122,12,0,0,0
26,123,6,3,0,0
26,124,3,0,0,0
26,126,5,0,0,0
26,127,6,0,0,0
27,8,5,3,0,0
27,9,3,0,3,0
27,10,10,3,0,0
27,11,50,0,0,5
27,12,16,0,0,0
27,14,7,0,0,0
27,116,3,0,0,0
27,117,10,5,0,0
27,118,10,3,0,0
27,119,10,0,0,0
27,120,14,0,0,0
27,121,5,0,0,0
28,8,4,0,0,0
28,10,5,0,0,0
28,11,0,0,0,6
28,12,3,0,0,0
28,13,3,0,0,0
28,14,4,0,0,0
28,117,14,3,3,6
28,118,12,0,0,0
29,2,8,3,0,0
29,3,6,3,0,0
29,4,4,0,0,0
29,5,6,0,0,0
29,6,17,0,0,0
29,7,13,3,0,0
29,8,4,0,0,0
29,10,14,0,0,4
29,11,6,0,0,0
29,12,8,0,0,0
29,14,3,0,0,0
29,116,16,0,0,0
29,118,4,3,0,0
29,119,3,0,0,0
30,2,12,0,0,0
30,3,11,0,0,0
30,4,7,0,0,0
30,5,7,0,0,0
30,6,13,0,0,0
30,7,10,0,0,0
30,8,3,3,0,0
30,11,11,0,0,0
30,12,8,4,0,0
30,13,14,0,0,0
30,14,12,0,0,0
30,15,3,0,0,0
30,114,3,0,0,0
30,115,3,0,0,0
30,116,12,3,0,0
31,2,3,0,0,0
31,3,13,0,0,0
31,4,15,0,0,0
31,5,10,3,0,0
31,6,9,4,0,0
31,7,10,4,0,0
31,11,11,6,0,3
31,12,4,6,3,0
31,13,6,0,0,0
31,14,11,0,0,0
31,15,5,4,0,0
31,110,10,3,0,0
31,111,11,0,0,0
31,112,8,0,0,0
31,113,7,0,0,0
31,114,11,3,0,0
31,115,10,0,0,0
31,116,3,0,0,0
32,4,3,0,0,0
32,5,7,0,0,0
32,6,7,10,0,0
32,7,12,0,0,0
32,11,6,3,0,0
32,12,6,0,0,0
32,13,11,0,0,0
32,14,22,0,0,0
32,15,3,0,0,0
32,110,9,3,0,0
32,111,10,0,0,0
32,112,7,0,0,0
32,113,14,0,0,0
32,114,6,0,0,0
32,115,9,0,0,0
33,11,5,3,0,4
33,110,12,0,0,0
33,111,9,0,0,0
33,112,17,0,0,0
33,113,11,0,0,3
33,114,18,0,0,0
33,115,3,0,0,0
34,11,3,0,0,0
34,110,9,3,0,0
34,111,10,0,0,0
34,112,9,0,0,0
34,113,12,0,0,0
34,114,11,0,0,0
34,115,3,0,0,0
35,110,8,5,0,0
35,111,7,0,0,0
35,112,5,0,0,0
35,113,7,0,0,0
35,114,7,3,0,0
35,115,3,0,0,0
35,116,3,0,0,0
36,110,9,0,0,0
36,111,9,0,0,0
36,112,3,0,0,0
36,113,9,0,0,0
36,114,5,4,0,0
36,115,3,0,0,0
37,11,4,0,0,0
37,109,4,0,0,0
37,110,12,0,0,0
37,111,6,7,0,0
37,112,15,0,0,0
37,113,9,3,0,0
37,114,8,3,0,0
38,10,5,0,0,0
38,11,7,4,0,0
38,109,5,0,0,0
38,110,11,0,0,0
38,111,13,7,0,0
38,112,9,6,0,0
38,113,12,3,0,0
38,114,7,4,0,0
39,10,5,0,0,3
39,11,5,0,0,0
39,109,5,0,0,0
39,110,8,5,0,0
39,111,4,4,0,0
39,112,7,0,0,0
39,113,14,3,0,0
39,114,19,3,0,0
40,4,5,0,0,0
40,5,3,3,0,0
40,10,3,0,0,0
40,11,0,3,0,0
40,109,9,0,0,0
40,110,6,12,0,0
40,111,0,11,0,0
40,112,14,0,0,0
40,113,9,0,0,0
40,114,5,3,0,0
41,2,3,0,0,0
41,4,7,0,0,0
41,5,11,0,0,0
41,6,4,3,0,0
41,7,3,0,0,0
41,109,7,0,0,3
41,110,0,10,0,0
41,111,7,0,0,0
41,112,10,4,0,0
41,113,5,3,0,0
41,114,3,5,3,0
42,3,4,3,0,0
42,4,13,0,0,0
42,5,7,0,0,0
42,6,11,0,5,0
42,7,9,0,0,0
42,8,8,0,0,0
42,9,3,0,0,0
42,106,3,0,0,0
42,109,6,0,0,0
42,110,7,3,0,0
42,111,19,3,0,0
42,112,20,3,4,0
42,113,7,0,3,0
42,114,42,0,0,0
43,5,7,0,0,0
43,6,17,0,0,0
43,7,3,0,0,0
43,8,7,0,0,0
43,9,3,0,3,0
43,107,16,0,0,0
43,108,18,0,0,0
43,109,11,0,0,3
43,111,10,0,0,0
43,112,7,0,0,0
43,113,11,0,6,0
43,114,9,0,0,3
44,5,7,0,0,0
44,6,17,0,0,0
44,7,8,3,3,0
44,106,3,3,0,0
44,107,8,0,0,0
44,108,12,0,3,0
44,109,19,0,4,0
44,111,8,0,3,0
44,112,15,0,0,0
44,113,10,0,0,0
44,114,7,0,0,0
45,3,3,0,0,0
45,4,6,0,0,0
45,5,8,0,0,0
45,6,6,0,0,0
45,7,20,0,0,0
45,103,3,4,0,0
45,104,6,0,0,0
45,105,15,0,0,0
45,106,10,5,0,0
45,107,3,0,0,0
45,108,14,0,0,17
45,109,8,3,0,0
45,111,5,0,17,0
45,112,9,0,11,0
45,113,7,0,0,0
45,114,7,0,0,0
45,115,5,0,0,0
46,3,3,0,0,0
46,6,3,3,6,0
46,7,45,0,3,0
46,100,3,0,0,0
46,101,6,0,0,0
46,102,8,0,0,0
46,103,13,4,0,0
46,104,7,9,0,0
46,105,13,0,0,0
46,106,15,0,0,0
46,107,15,0,0,0
46,108,3,0,0,0
46,109,7,3,0,0
46,110,3,0,0,0
46,111,0,0,15,0
46,112,11,0,9,3
46,113,5,0,0,3
46,114,3,0,0,0
46,115,6,0,0,0
47,0,3,0,0,0
47,2,3,0,0,0
47,3,5,0,0,0
47,5,4,0,0,0
47,6,13,3,0,0
47,7,20,3,0,0
47,8,7,0,0,0
47,101,5,3,0,0
47,102,11,0,0,0
47,103,18,4,0,3
47,104,9,8,0,0
47,105,14,0,0,0
47,106,19,0,0,0
47,107,10,0,0,0
47,108,7,0,0,0
47,109,6,0,0,0
47,110,10,3,0,0
47,111,14,0,0,0
47,112,9,0,4,0
47,113,0,0,0,3
47,114,7,0,0,0
47,115,0,3,0,0
47,121,3,0,0,0
48,0,9,0,0,0
48,1,7,0,0,0
48,2,4,0,0,0
48,3,9,3,0,0
48,4,5,0,0,0
48,5,4,0,9,0
48,6,6,0,4,0
48,7,14,3,0,0
48,8,5,0,0,0
48,9,3,0,0,0
48,101,6,3,0,0
48,102,13,0,0,0
48,103,16,7,0,0
48,104,12,0,0,0
48,105,7,0,0,0
48,106,9,0,0,0
48,107,11,0,0,0
48,108,10,0,0,0
48,109,3,0,0,3
48,110,10,0,0,0
48,111,9,0,0,0
48,112,9,0,0,0
48,113,7,0,0,3
48,114,9,0,0,0
49,0,11,0,0,0
49,1,8,0,0,0
49,2,7,0,0,0
49,3,6,0,0,0
49,4,11,0,0,0
49,5,11,0,0,0
49,6,7,0,0,0
49,7,7,0,12,0
49,102,10,0,0,0
49,103,8,4,0,0
49,104,11,0,0,0
49,105,11,0,0,0
49,106,9,0,0,0
49,107,10,0,0,0
49,108,7,5,0,0
49,109,15,0,0,3
49,113,11,0,0,0
49,114,3,0,0,0
49,115,16,0,0,0
49,116,3,0,0,0
50,0,8,0,0,0
50,1,12,0,0,0
50,2,5,0,0,0
50,3,9,0,0,0
50,5,8,0,0,0
50,6,11,0,0,0
50,7,11,0,0,0
50,8,3,0,0,0
50,102,6,3,0,0
50,103,4,3,0,0
50,104,7,0,0,0
50,105,16,0,0,0
50,106,14,0,0,0
50,107,8,0,0,3
50,109,6,0,0,4
50,110,10,0,0,5
50,111,4,0,0,3
50,112,6,3,0,3
50,113,9,0,0,0
50,114,0,0,0,3
50,115,4,0,0,0
50,116,6,0,0,0
51,0,3,0,0,0
51,1,8,3,0,0
51,2,6,3,0,0
51,3,9,10,0,0
51,4,8,4,0,3
51,5,14,0,0,0
51,6,15,0,0,0
51,7,13,0,0,0
51,8,15,0,0,0
51,106,12,0,0,0
51,107,13,0,0,0
51,108,8,0,0,4
51,109,17,0,0,3
51,110,3,0,0,4
51,111,3,3,0,0
51,113,3,0,0,0
51,114,4,0,0,0
51,115,4,3,0,0
51,116,5,0,0,0
52,0,3,0,0,0
52,2,8,3,4,0
52,3,15,3,0,0
52,4,11,0,0,0
52,5,15,0,0,0
52,6,15,0,0,0
52,7,14,0,0,0
52,8,7,3,0,0
52,9,3,0,0,0
52,104,3,0,0,0
52,106,18,5,0,0
52,107,3,0,0,5
52,108,6,0,0,0
52,109,3,3,0,0
52,110,11,0,0,3
52,111,5,0,0,0
52,112,10,0,0,0
52,113,3,0,0,0
52,114,6,0,0,0
52,115,5,0,0,0
53,0,3,0,0,0
53,1,10,0,0,0
53,2,13,0,0,0
53,3,10,0,0,0
53,4,9,0,0,0
53,5,6,0,0,0
53,6,6,3,0,0
53,104,3,0,0,0
53,105,3,0,0,0
53,106,15,0,0,0
53,107,5,0,0,0
53,108,12,3,0,0
53,110,12,0,0,3
53,111,9,0,0,0
53,112,10,0,0,0
53,113,4,0,0,0
53,114,12,0,0,0
53,115,3,0,0,0
54,0,7,0,0,0
54,2,4,0,0,0
54,3,3,0,0,3
54,103,3,0,0,3
54,105,7,0,0,0
54,106,10,0,0,0
54,107,3,0,0,0
54,108,5,0,0,0
54,109,5,0,0,0
54,110,8,0,0,3
54,111,7,0,0,0
54,112,8,3,0,0
54,113,3,0,0,0
54,114,4,0,0,0
55,0,7,0,0,0
55,1,4,0,0,0
55,2,8,5,0,0
55,3,6,0,0,3
55,103,3,3,0,0
55,109,3,0,0,0
55,110,11,3,0,0
55,111,4,0,0,0
55,112,3,0,0,0
55,113,9,3,0,0
56,0,9,0,0,3
56,1,6,0,0,0
56,2,3,3,0,0
56,103,3,0,0,0
56,110,6,3,0,0
56,111,0,3,0,0
56,113,4,0,0,0
57,109,3,0,0,0
58,6,3,0,0,0
58,105,3,0,0,3
59,108,3,0,0,0
60,117,3,3,0,0
61,117,6,0,0,0
61,118,0,0,0,11
62,117,4,3,0,0
62,118,0,6,0,0
62,119,6,0,0,0
63,118,0,5,0,0
63,119,3,0,0,0
63,120,3,0,0,0
64,118,3,0,0,0
64,119,6,0,0,0
65,118,10,0,0,0
65,119,10,0,0,0
65,120,11,0,0,0
66,118,4,0,0,0
66,119,16,0,0,0
66,120,6,4,0,0
67,119,3,0,0,0
67,120,6,3,0,0
68,32,4,0,0,0
71,32,7,0,0,0
71,33,5,0,0,0
71,34,4,0,0,0
71,88,5,0,0,0
72,29,3,0,0,0
72,32,6,0,0,0
72,33,9,0,0,0
72,34,5,0,0,0
72,88,5,0,0,0
73,32,9,0,0,0
73,33,9,0,0,0
73,34,4,0,0,0
73,80,0,3,0,0
73,87,5,0,0,0
73,88,4,0,0,0
74,29,12,0,0,0
74,32,8,0,0,0
74,33,3,0,0,0
74,74,3,0,0,0
74,82,3,0,0,0
74,87,3,0,0,0
74,88,4,0,0,0
74,89,3,0,0,0
75,29,3,0,0,0
75,31,5,0,0,0
75,32,5,0,0,3
75,81,6,0,0,0
75,82,3,0,0,0
75,88,0,3,0,0
75,89,3,0,0,0
76,22,3,0,0,0
76,23,0,0,3,0
76,29,4,0,0,0
76,30,3,0,0,0
76,31,5,0,0,0
76,32,14,3,0,0
76,82,3,0,0,0
76,88,3,0,0,0
76,90,3,0,0,0
77,29,6,0,0,0
77,30,6,0,0,0
77,31,4,0,0,0
77,32,14,0,0,0
77,81,3,0,0,0
77,90,0,0,0,3
77,91,4,0,0,0
78,28,3,0,0,3
78,29,5,0,0,4
78,30,15,0,0,4
78,31,7,0,0,0
78,32,8,0,0,0
78,33,0,3,0,0
78,90,4,0,0,0
78,91,5,0,0,0
78,92,3,0,0,0
79,28,5,3,0,0
79,29,5,0,0,0
79,30,4,0,0,3
79,77,6,0,0,0
79,78,8,0,0,0
80,28,5,0,0,0
80,29,0,0,0,3
80,30,5,0,0,0
80,31,3,0,0,0
80,76,3,0,0,0
80,77,8,3,0,0
80,78,5,0,0,0
81,28,5,0,0,0
81,29,3,0,0,0
81,30,3,0,0,0
81,76,7,0,0,0
81,77,10,0,0,0
81,78,4,0,0,0
81,79,3,0,0,0
82,30,3,0,0,0
82,74,3,0,0,0
82,75,8,0,0,0
82,76,5,0,0,0
82,77,5,0,0,3
82,79,3,0,0,0
83,71,6,0,0,0
83,72,5,0,0,0
83,73,3,0,0,0
83,74,5,0,0,0
83,75,5,0,0,0
83,76,6,0,0,0
83,77,3,0,0,0
83,78,3,0,0,0
83,87,3,0,0,0
84,87,9,0,0,0
85,87,6,0,0,0
86,87,3,0,0,0
87,88,3,0,0,0
90,88,3,0,0,0
92,90,13,0,0,3
92,91,9,0,0,0
93,90,9,0,0,0
93,91,9,0,0,3
93,92,3,0,0,0
94,55,0,3,0,0
94,90,4,0,0,0
94,91,5,0,0,0
95,55,7,0,0,0
95,56,3,0,0,0
95,100,3,0,0,0
95,101,3,0,0,0
96,56,7,0,0,0
96,100,4,0,0,0
96,101,3,0,0,0
96,102,4,0,0,0
96,103,3,0,0,0
96,104,5,0,0,0
96,105,7,0,0,0
97,56,9,0,0,0
97,57,5,0,0,0
97,58,4,0,0,0
97,60,3,0,0,0
97,88,5,0,0,0
97,100,5,0,0,0
97,101,5,0,0,0
97,103,8,0,0,0
97,104,7,0,0,0
97,105,9,0,0,0
98,53,3,0,0,0
98,54,7,0,0,0
98,55,4,0,0,0
98,56,7,0,0,0
98,57,3,4,0,0
98,58,7,0,0,0
98,99,3,0,0,0
98,100,11,0,0,0
98,101,9,0,0,0
98,102,5,0,0,0
98,103,11,0,0,0
98,104,11,0,0,0
98,105,4,0,0,0
99,1,3,0,0,0
99,54,5,0,0,3
99,55,5,0,0,0
99,56,6,0,0,0
99,57,7,0,0,0
99,58,5,0,0,0
99,98,3,0,0,0
99,99,13,0,0,0
99,100,6,0,0,0
99,101,11,0,0,3
99,102,6,0,0,0
99,103,7,0,0,0
99,104,3,0,0,0
100,1,6,3,0,0
100,2,3,0,0,0
100,54,6,0,0,3
100,56,11,0,0,3
100,57,4,0,0,0
100,58,8,0,0,0
100,59,3,0,0,0
100,101,3,0,0,0
100,102,4,0,0,3
101,1,6,0,0,0
101,2,13,0,0,0
101,3,8,0,0,0
101,4,6,0,0,0
101,5,3,0,0,0
101,25,0,4,0,0
101,54,3,0,0,0
101,55,9,0,0,0
101,56,7,0,0,0
101,57,4,3,0,0
101,58,3,0,0,0
101,88,0,3,0,0
101,89,0,4,0,0
102,0,4,0,0,0
102,1,7,0,0,0
102,2,17,0,0,0
102,3,11,0,0,0
102,4,14,0,0,0
102,5,5,0,0,0
102,53,3,0,0,0
102,54,3,0,0,0
102,55,3,0,0,0
102,56,6,0,0,0
102,57,11,0,0,0
102,58,6,3,0,0
102,89,0,3,0,0
103,0,6,0,0,0
103,1,5,0,0,0
103,2,5,0,0,0
103,3,4,0,3,0
103,4,4,0,0,0
103,5,7,0,0,0
103,23,7,3,0,0
103,24,4,0,0,0
103,25,4,0,0,0
103,26,10,0,0,0
103,27,13,0,0,0
103,28,6,0,0,0
103,53,5,0,3,0
103,54,6,0,0,0
103,55,5,4,0,0
103,56,10,0,0,0
103,57,21,0,0,0
103,58,11,0,0,0
103,59,4,0,0,0
104,0,16,0,0,0
104,1,4,0,0,0
104,2,8,0,0,0
104,3,4,0,0,0
104,4,9,0,0,0
104,5,15,0,0,0
104,20,3,0,0,0
104,21,4,0,0,0
104,22,6,0,0,0
104,23,9,3,0,0
104,24,6,3,0,0
104,25,13,3,0,0
104,26,9,0,0,0
104,27,10,3,0,0
104,28,0,3,3,0
104,54,3,0,0,0
104,55,5,4,0,0
104,58,5,3,0,0
105,4,3,0,0,0
105,5,4,3,0,0
105,6,3,0,0,0
105,22,6,0,0,0
105,23,12,0,0,0
105,24,9,0,0,3
105,25,9,3,3,0
105,26,7,0,0,0
105,27,11,0,0,0
105,28,3,0,0,0
105,29,3,0,0,0
105,31,4,0,0,0
105,32,8,4,0,0
105,33,4,0,0,0
106,22,5,0,0,0
106,23,6,3,0,0
106,24,14,4,0,0
106,25,10,6,0,0
106,26,11,3,0,0
106,27,6,4,0,0
106,29,5,0,0,0
106,30,3,0,0,0
106,31,9,0,0,0
106,32,13,0,0,0
106,33,3,0,0,0
106,86,5,0,0,0
106,87,19,3,0,0
106,88,7,5,0,0
107,22,3,0,0,0
107,23,8,3,0,0
107,24,9,0,0,0
107,25,16,3,0,0
107,26,9,3,0,0
107,27,3,0,0,0
107,32,4,0,0,0
107,33,7,3,0,0
107,34,6,0,0,0
107,35,3,0,0,0
107,57,3,0,0,0
107,58,14,0,0,0
107,86,3,0,0,0
107,87,4,0,0,0
107,88,8,0,0,0
107,89,9,0,0,0
108,0,4,0,0,0
108,22,3,0,0,0
108,23,5,0,0,0
108,24,10,3,0,0
108,25,7,3,0,0
108,26,8,0,0,3
108,33,4,0,0,0
108,34,12,0,0,0
108,35,3,0,0,0
108,37,3,0,0,0
108,57,3,0,0,0
108,58,9,0,0,0
109,0,14,0,0,3
109,1,3,0,0,0
109,2,3,0,0,0
109,22,6,0,0,3
109,23,16,3,0,0
109,24,11,0,0,0
109,25,7,0,0,0
109,26,7,0,0,0
109,27,8,0,0,0
109,28,3,0,0,3
109,33,7,0,0,0
109,34,14,0,0,0
109,35,5,6,4,0
109,89,3,3,0,0
110,0,19,0,4,0
110,1,6,3,0,0
110,2,5,0,0,0
110,22,3,0,3,0
110,23,11,0,0,3
110,24,12,3,0,0
110,25,8,0,0,0
110,26,3,0,0,0
110,27,3,0,0,0
110,28,3,3,0,0
110,29,14,0,0,0
110,30,8,0,0,0
110,32,3,0,0,0
110,33,13,0,0,0
110,34,5,3,7,0
110,35,12,0,6,0
110,89,4,0,0,0
111,0,9,3,0,0
111,1,8,0,0,0
111,2,14,0,0,0
111,3,4,0,0,0
111,7,3,0,0,0
111,23,9,0,0,4
111,24,9,3,0,0
111,25,9,0,0,0
111,26,8,0,0,0
111,27,7,3,0,0
111,28,7,5,0,0
111,29,10,0,0,0
111,30,6,0,0,0
111,33,5,0,0,0
111,34,5,0,3,0
112,0,14,0,0,0
112,1,6,0,0,0
112,2,4,0,0,0
112,3,7,5,3,0
112,4,3,0,0,0
112,7,3,3,0,0
112,8,3,0,0,0
112,22,4,0,0,3
112,23,4,0,0,0
112,24,17,0,0,0
112,25,7,0,0,0
112,26,10,0,3,0
112,27,9,0,0,0
112,28,14,0,0,0
112,29,4,0,0,0
112,84,4,0,0,0
112,85,3,0,0,0
112,86,6,0,0,0
112,87,3,0,0,0
113,0,9,0,0,0
113,1,9,0,0,0
113,2,6,3,0,0
113,3,13,0,4,0
113,4,7,0,3,0
113,22,0,0,0,3
113,23,8,0,0,0
113,24,8,0,0,0
113,26,10,0,0,0
113,27,14,0,3,0
113,28,8,0,7,4
113,82,9,0,0,0
113,83,12,0,0,0
113,84,34,0,0,0
113,85,13,0,0,0
113,86,6,0,3,0
113,87,8,0,5,0
113,88,13,0,0,0
114,0,11,0,5,0
114,1,17,0,0,0
114,2,14,0,0,3
114,3,10,0,0,0
114,4,5,0,0,0
114,24,10,0,0,0
114,28,3,0,0,0
114,32,0,0,0,3
114,82,6,0,0,0
114,83,9,3,0,0
114,84,11,0,4,6
114,85,14,0,0,0
114,86,13,0,0,0
114,87,5,0,0,0
114,88,15,0,0,0
114,89,0,0,0,3
115,0,7,0,0,0
115,1,9,0,0,0
115,2,9,0,0,0
115,3,12,0,0,0
115,24,3,0,0,0
115,82,5,0,0,0
115,83,12,0,0,6
115,84,15,0,0,7
115,85,9,0,0,0
115,86,13,0,0,0
115,87,11,0,0,0
115,88,6,0,0,0
116,79,6,0,0,0
116,80,11,0,0,0
116,81,3,0,0,0
116,82,5,0,0,0
116,83,14,3,0,0
116,84,11,0,0,0
116,85,16,0,0,0
116,87,13,0,0,0
116,88,10,0,0,0
116,89,14,0,0,0
116,90,4,0,0,0
116,91,3,4,0,0
116,92,3,0,0,0
117,79,9,4,0,0
117,80,9,0,0,0
117,81,12,0,0,0
117,82,14,0,0,0
117,83,11,0,0,0
117,84,11,0,0,0
117,85,14,0,0,0
117,87,9,3,0,0
117,88,5,7,0,0
117,89,12,0,0,0
117,90,5,3,0,0
117,91,9,4,0,0
117,92,12,4,0,0
117,93,7,3,0,0
118,78,3,3,0,0
118,79,11,0,0,0
118,80,6,3,0,0
118,81,18,0,0,0
118,82,12,0,0,0
118,83,10,3,3,0
118,84,10,0,0,0
118,85,12,0,0,0
118,86,11,3,0,0
118,87,12,0,0,0
118,88,13,0,0,0
118,89,8,0,0,0
118,90,10,3,0,0
118,91,9,0,0,0
118,92,7,3,0,0
118,93,8,3,0,0
118,94,0,3,0,0
119,78,5,0,0,0
119,79,7,0,0,0
119,80,7,0,0,0
119,81,13,5,0,0
119,82,7,0,5,0
119,83,10,0,0,0
119,84,7,0,0,0
119,85,4,0,0,0
119,86,12,0,4,0
119,87,11,0,0,0
119,88,10,0,0,3
119,89,9,3,0,0
119,90,12,4,0,0
119,91,6,3,0,0
119,92,15,0,0,0
119,93,3,0,0,0
120,9,3,0,0,0
120,79,3,0,0,0
120,80,14,3,0,0
120,81,13,0,0,0
120,82,12,6,11,0
120,83,9,0,0,0
120,84,3,0,0,0
120,85,5,0,0,0
120,86,12,0,0,0
120,87,3,0,0,0
120,88,7,0,0,0
120,89,6,0,0,0
120,90,6,3,0,0
120,91,13,0,0,0
120,92,23,3,0,0
120,93,4,3,0,0
121,81,9,0,0,0
121,82,6,4,0,0
121,83,26,4,3,23
121,85,18,0,0,0
121,86,6,3,0,0
121,87,9,6,0,0
121,88,11,0,0,0
121,89,12,3,0,0
121,90,6,0,0,3
121,91,16,0,0,0
121,92,14,0,0,0
121,93,7,0,0,0
122,81,16,0,3,0
122,82,16,0,3,0
122,83,13,0,3,0
122,84,12,0,0,0
122,85,19,0,0,0
122,86,14,0,0,0
122,87,7,0,0,0
122,88,10,0,0,0
122,89,8,0,0,0
122,90,30,0,0,0
123,82,13,0,0,0
123,83,6,0,0,0
123,84,9,0,0,0
123,85,5,3,0,0
123,86,15,0,0,0
123,87,10,0,0,0
123,88,6,0,0,4
123,89,4,0,0,0
123,90,8,3,0,0
123,94,4,0,0,0
123,95,3,0,0,0
124,81,4,0,0,0
124,82,14,3,0,0
124,83,20,0,0,0
124,84,17,0,0,0
124,85,3,0,0,0
124,86,13,0,0,0
124,87,4,0,0,0
124,88,13,3,0,0
124,89,14,0,0,0
124,90,24,3,0,3
124,91,11,0,0,0
125,81,4,0,0,0
125,82,9,0,0,0
125,83,25,0,0,0
125,84,8,0,0,0
125,85,5,3,0,3
125,86,7,3,0,0
125,87,12,0,0,0
125,88,12,0,0,0
125,89,5,0,0,0
125,90,17,0,0,3
125,91,16,3,0,0
125,92,3,0,0,0
125,95,8,0,0,0
125,99,3,0,0,0
126,85,10,0,0,0
126,86,7,3,0,0
126,87,3,0,0,3
126,88,22,0,3,0
126,89,14,0,0,4
126,90,11,7,0,3
126,91,13,0,0,0
126,94,3,0,0,0
126,95,6,0,0,0
126,96,3,0,0,0
126,97,12,0,4,0
126,98,5,0,0,0
126,103,3,0,0,0
127,83,3,0,0,0
127,85,7,0,0,3
127,86,8,0,0,0
127,87,10,3,0,5
127,88,6,3,0,0
127,89,8,5,3,5
127,90,6,4,0,4
127,91,12,0,0,12
127,92,11,0,0,0
127,93,18,0,0,0
127,94,11,0,0,0
127,95,12,0,0,0
127,96,11,0,0,0
127,97,13,0,0,0
127,101,3,0,0,0
127,102,8,0,0,0