x,y,1,2,3,4,5,6,7,8,9,10
0,28,0,0,3,0,0,0,0,0,0,0
0,62,5,3,0,0,0,0,0,0,0,0
0,63,3,3,0,0,0,0,0,0,0,0
0,65,3,0,0,0,0,0,0,0,0,0
0,66,0,0,3,0,0,0,0,0,0,0
0,67,0,0,3,3,0,0,3,4,0,0
0,68,0,0,23,0,0,0,0,0,0,0
0,70,0,0,0,0,0,0,0,3,0,0
0,71,0,0,0,0,0,0,0,3,0,0
1,26,4,0,0,0,0,0,0,0,0,0
1,27,6,3,3,0,0,0,0,0,0,0
1,63,7,3,0,0,0,0,0,0,0,0
1,64,0,3,0,0,0,0,0,0,0,0
1,65,3,0,0,0,0,0,0,0,0,0
1,66,3,0,0,0,0,0,0,0,0,0
1,67,0,0,0,0,0,0,0,5,0,0
1,71,0,0,0,0,0,0,4,8,0,0
1,72,0,0,0,0,0,0,11,3,0,0
1,73,0,0,0,0,0,0,3,0,0,0
1,125,0,7,3,0,0,0,0,0,0,0
1,126,0,0,15,0,0,0,0,0,0,0
2,27,0,0,8,0,0,0,0,0,0,0
2,63,3,7,3,0,0,0,0,0,0,0
2,64,0,0,0,3,0,0,0,0,3,0
2,65,0,3,0,0,0,0,3,0,3,0
2,125,3,9,0,0,0,0,0,0,0,0
2,126,0,3,0,0,0,0,0,0,0,0
3,27,0,0,6,0,0,0,0,0,0,0
3,64,0,0,0,0,0,0,0,0,3,0
3,122,0,6,0,0,0,0,0,0,0,0
3,125,4,3,0,0,0,0,0,0,0,0
3,126,0,0,0,0,0,0,3,0,0,0
4,122,0,3,0,0,0,0,0,0,0,0
4,123,3,0,0,0,0,0,0,0,0,0
4,126,0,3,0,0,0,0,0,0,0,0
5,122,0,3,0,0,0,0,0,0,0,0
5,125,4,0,0,0,0,0,0,0,0,0
6,125,3,4,0,0,0,0,0,0,0,0
7,124,0,4,0,0,0,0,0,0,0,0
7,125,3,4,0,0,0,0,0,0,0,0
8,125,5,0,0,0,0,0,3,0,0,0
8,126,0,3,0,0,0,0,0,0,0,0
9,95,0,0,0,0,0,0,0,0,3,0
9,126,0,0,0,0,0,0,3,0,0,0
10,95,0,0,0,0,0,0,0,0,5,3
10,96,0,0,0,0,0,0,0,0,8,0
10,97,0,0,0,0,0,0,3,3,6,0
10,126,0,3,0,0,0,0,3,0,3,0
10,127,0,0,0,0,0,0,8,0,0,0
11,95,0,0,0,0,0,0,0,3,0,0
11,96,0,0,0,0,0,0,5,8,0,0
11,97,0,0,0,0,0,3,11,5,0,0
11,105,3,0,0,0,0,0,0,0,0,0
11,108,0,6,0,0,0,0,0,0,0,0
11,109,0,3,0,0,0,0,0,0,0,0
11,126,0,0,0,0,0,0,9,3,3,0
11,127,0,0,0,0,0,0,9,0,0,0
12,95,0,0,0,0,0,0,3,5,3,0
12,96,0,0,0,0,0,0,10,17,0,0
12,97,0,0,0,0,0,0,3,3,0,0
12,105,3,0,0,0,0,0,0,0,0,0
12,126,0,0,0,0,0,0,4,0,0,0
12,127,0,0,0,0,0,0,11,0,0,0
13,96,0,0,0,0,0,0,0,3,0,0
14,4,3,0,0,0,0,0,0,0,0,0
14,90,0,0,44,0,0,0,0,0,0,0
14,91,0,0,16,0,0,0,0,0,0,0
14,92,0,0,0,0,0,0,3,4,0,0
14,97,0,0,0,0,0,0,0,3,0,0
14,103,0,0,0,0,0,0,0,3,0,0
15,91,0,0,0,0,0,0,0,3,0,0
15,92,0,0,0,3,0,0,0,3,0,0
15,93,0,0,0,0,0,0,6,3,0,0
15,94,0,0,0,0,0,0,4,0,0,0
15,95,0,0,0,0,0,0,5,3,0,0
15,96,0,0,0,0,0,3,4,0,0,0
15,99,0,0,0,0,3,0,0,3,0,0
15,101,0,0,0,0,0,0,3,0,0,0
15,103,0,0,0,0,0,3,0,0,0,0
15,104,0,0,0,0,0,0,4,3,0,0
16,91,0,0,0,0,3,0,3,0,0,0
16,92,0,0,0,3,3,0,0,0,0,0
16,93,0,0,0,0,0,0,3,0,0,0
16,97,0,0,0,0,0,0,0,0,3,0
16,98,0,0,3,3,0,3,3,3,0,0
16,99,0,3,0,3,0,0,4,0,0,0
16,100,0,0,0,0,3,0,0,0,0,0
16,101,0,0,3,0,0,0,3,3,0,0
16,102,0,0,0,3,0,0,0,3,0,0
16,103,0,0,0,0,0,0,0,0,3,0
16,104,0,0,0,0,0,0,0,3,0,0
17,92,0,0,0,0,0,4,0,0,0,0
17,93,0,3,3,0,0,0,3,0,0,0
17,94,0,3,0,0,3,0,4,3,0,3
17,96,0,3,0,0,0,0,0,3,0,0
17,97,0,3,0,0,0,0,0,5,0,0
17,99,0,0,0,0,0,0,0,0,3,0
17,100,0,0,0,0,0,3,3,0,0,0
17,101,0,0,0,3,0,0,0,0,0,0
17,102,0,0,3,0,0,0,3,0,0,0
18,0,0,3,0,0,0,0,0,0,0,0
18,1,0,6,0,0,0,0,0,0,0,0
18,2,0,6,0,0,0,0,0,0,0,0
18,32,3,0,0,0,0,0,0,0,0,0
18,88,0,0,43,0,0,0,0,0,0,0
18,89,0,0,18,0,0,0,0,0,0,0
18,90,0,0,0,0,0,0,0,0,0,3
18,92,0,0,0,3,0,0,3,0,0,0
18,94,0,0,3,0,0,0,0,0,0,0
18,95,0,0,3,3,0,0,3,3,0,0
18,97,0,0,0,0,0,0,3,3,0,0
18,98,0,0,0,0,0,0,0,3,0,0
18,99,0,0,0,0,0,3,7,0,0,0
19,0,0,3,0,0,0,0,3,0,0,0
19,1,0,3,0,0,0,0,0,0,0,0
19,32,0,0,3,0,0,0,0,0,0,0
19,33,0,0,0,3,0,0,0,0,0,0
19,87,0,0,0,0,0,15,0,0,0,0
19,88,0,0,50,0,0,38,0,0,0,0
19,89,0,0,65,0,0,0,0,0,0,0
19,90,0,0,72,0,0,0,0,0,0,0
19,91,0,3,30,0,0,15,0,0,0,0
19,92,0,0,3,0,0,0,10,0,3,0
19,93,0,3,0,0,0,0,0,3,0,0
19,94,0,0,0,0,0,0,0,0,4,0
19,95,0,0,3,0,0,0,0,0,0,0
19,96,0,0,0,0,0,0,0,3,0,0
19,97,0,0,0,0,0,0,3,8,0,0
19,98,0,0,0,0,0,0,0,3,0,0
20,29,3,0,0,0,0,0,0,0,0,0
20,32,6,0,0,0,0,0,3,0,0,0
20,86,0,0,30,0,0,0,0,0,0,0
20,87,0,0,42,9,0,14,0,0,0,0
20,88,0,0,71,0,0,0,0,0,0,0
20,90,0,0,107,0,0,0,0,0,0,0
20,91,0,0,137,0,0,0,0,0,0,0
20,92,0,0,22,0,0,0,32,0,0,0
20,93,0,0,20,0,0,0,34,0,0,0
20,94,0,0,0,0,0,0,9,0,0,0
20,96,0,0,0,0,0,0,0,3,0,0
21,86,0,0,8,0,0,0,0,0,0,0
21,87,0,0,58,0,0,0,0,0,0,0
21,88,0,0,43,0,0,0,0,0,0,0
21,91,0,0,92,0,0,0,0,0,0,0
21,92,0,0,28,0,0,0,0,0,0,0
21,93,0,0,77,0,0,0,0,0,0,0
21,94,0,0,52,0,0,0,0,0,0,0
21,96,0,0,0,0,0,0,3,0,0,0
22,28,0,3,0,0,0,0,0,0,4,0
22,29,0,0,0,0,0,0,3,0,0,0
22,87,0,0,109,0,0,0,0,0,0,0
22,88,0,0,76,0,0,0,0,0,0,0
22,89,0,0,32,0,0,0,0,0,0,0
22,90,0,0,9,0,0,0,17,0,0,0
22,91,0,0,113,0,0,0,0,0,0,0
22,92,0,0,38,0,0,0,23,0,0,0
22,93,0,0,67,0,0,3,0,0,0,0
22,94,0,0,98,0,0,0,0,0,0,0
22,95,0,0,57,0,0,0,0,0,0,0
23,28,3,0,0,0,0,0,0,0,0,0
23,73,0,0,0,6,3,0,0,0,0,0
23,74,0,0,0,7,7,3,0,0,0,0
23,75,0,0,0,0,0,11,7,3,0,0
23,76,0,0,0,0,3,5,0,0,0,0
23,77,0,0,0,10,3,0,0,0,0,0
23,78,0,0,0,14,3,0,0,0,0,0
23,79,0,0,0,11,3,0,0,0,0,0
23,80,0,0,0,3,0,0,0,0,0,0
23,86,0,0,8,0,0,0,0,0,0,0
23,87,0,0,72,0,0,0,0,0,0,0
23,88,0,0,90,0,0,0,0,0,0,0
23,89,0,0,75,0,0,0,0,0,0,0
23,90,0,0,109,0,0,0,0,0,0,0
23,91,0,0,83,0,0,0,0,0,0,0
23,92,0,0,40,0,0,0,0,0,0,0
23,93,0,0,46,0,0,0,0,0,0,0
23,94,0,0,37,0,0,0,0,0,0,0
23,95,0,0,47,0,0,0,0,0,0,0
23,96,0,0,21,72,0,0,0,0,0,0
24,28,0,0,0,0,0,0,17,0,0,0
24,73,0,0,0,3,0,0,0,0,0,0
24,74,0,0,6,4,3,0,0,0,0,0
24,75,0,0,4,5,0,0,0,0,0,0
24,76,0,0,3,10,3,0,0,0,0,0
24,77,0,0,0,10,0,0,0,0,0,0
24,78,0,0,0,12,3,0,3,0,0,0
24,79,0,0,0,14,0,0,0,0,0,0
24,80,0,0,3,8,0,0,0,0,0,0
24,81,0,0,0,4,3,0,0,0,0,0
24,82,0,0,0,3,3,0,0,0,0,0
24,86,0,0,20,0,0,0,0,0,0,0
24,87,0,0,56,0,0,0,0,0,0,0
24,88,0,0,100,0,0,0,0,0,0,0
24,89,0,0,28,0,0,0,0,0,0,0
24,90,0,0,91,7,0,0,0,0,0,0
24,91,0,0,60,0,0,0,0,0,0,0
24,92,0,0,20,9,0,0,9,0,0,0
24,93,0,0,62,0,0,0,0,0,0,0
24,94,0,0,109,0,0,0,0,0,0,0
24,95,0,0,0,61,0,0,0,0,0,0
24,96,0,0,0,124,0,0,0,0,0,0
24,97,0,0,0,10,0,0,0,0,0,0
25,28,0,0,0,0,0,0,30,0,0,0
25,31,0,0,0,0,0,0,16,0,0,0
25,74,0,0,7,6,0,0,0,0,0,0
25,75,0,0,7,4,0,0,0,0,0,0
25,76,0,0,0,7,0,0,11,0,0,0
25,77,3,0,3,5,0,3,5,0,0,0
25,78,0,0,4,0,0,4,12,0,0,0
25,79,0,5,3,0,0,0,4,0,0,0
25,80,0,11,3,0,0,0,0,0,0,0
25,81,0,11,4,0,0,0,0,0,0,0
25,82,0,0,3,0,0,0,0,0,0,0
25,85,0,0,40,0,0,0,0,0,0,0
25,86,0,0,64,0,0,0,0,0,0,0
25,87,0,0,16,0,0,0,0,0,0,0
25,89,0,0,47,0,0,0,0,0,0,0
25,90,0,0,47,0,0,0,5,0,0,0
25,91,0,4,9,0,0,0,22,0,0,0
25,92,0,0,8,0,0,0,0,0,0,0
25,93,0,0,10,0,0,0,0,0,0,0
25,94,0,0,64,0,0,0,0,0,0,0
25,95,0,0,0,82,0,0,0,0,0,0
25,96,0,0,0,119,0,0,0,0,0,0
26,27,0,3,0,0,0,0,4,0,0,0
26,28,0,0,0,0,0,0,4,3,0,3
26,74,0,0,3,0,0,0,0,0,0,0
26,75,0,0,0,0,0,0,0,0,8,0
26,76,0,6,0,0,0,6,0,0,0,0
26,77,0,6,0,0,0,15,10,4,0,0
26,78,0,8,0,0,0,3,16,0,0,0
26,79,0,0,0,0,0,0,10,0,0,0
26,80,0,6,0,0,0,0,5,0,0,0
26,81,0,11,4,0,0,0,0,0,0,0
26,82,0,11,0,0,0,0,0,0,0,0
26,85,0,0,32,0,0,0,0,0,0,0
26,86,0,0,80,0,0,0,0,0,0,0
26,87,0,0,48,0,0,0,0,0,0,0
26,88,0,0,40,0,0,0,0,0,0,0
26,89,0,0,40,0,0,8,0,0,0,0
26,90,0,0,15,0,0,0,44,0,0,0
26,91,0,0,0,27,0,0,43,0,0,0
26,92,0,0,0,7,0,0,0,0,0,0
26,95,0,0,0,28,0,0,0,0,0,0
26,96,0,0,0,37,0,0,0,0,0,0
27,27,0,0,0,0,0,0,15,0,0,0
27,28,0,0,0,0,0,6,5,0,0,0
27,75,0,12,6,0,0,0,0,0,0,0
27,76,0,6,0,0,0,0,0,0,0,0
27,77,0,8,0,0,0,0,0,0,0,0
27,78,0,6,0,0,0,0,0,0,0,0
27,79,0,14,0,0,0,0,0,0,0,0
27,80,0,15,0,0,0,0,0,0,0,0
27,81,0,13,3,0,0,0,0,0,0,0
27,82,0,8,0,0,0,0,0,0,0,0
27,85,0,0,32,0,0,0,0,0,0,0
27,86,0,0,64,19,0,0,0,0,0,0
27,87,0,0,131,27,0,0,13,0,0,0
27,88,0,0,23,0,0,5,10,0,0,0
27,89,0,0,0,0,0,0,16,0,0,0
27,90,0,0,0,0,0,19,61,0,0,0
27,91,0,0,4,9,0,39,32,0,0,0
27,92,0,0,0,0,0,0,0,3,0,0
27,94,0,0,0,77,0,0,0,0,0,0
28,27,0,3,0,0,0,4,6,0,0,0
28,28,0,0,0,0,0,0,3,0,0,0
28,73,0,6,0,0,0,0,0,0,0,0
28,74,0,7,0,0,0,0,0,0,0,0
28,75,0,13,0,0,0,0,0,0,0,0
28,76,0,14,0,0,0,0,0,0,0,0
28,77,0,10,0,0,0,0,0,0,0,0
28,78,0,12,0,0,0,0,0,0,0,0
28,79,0,11,0,0,0,0,0,0,0,0
28,80,0,8,0,0,0,0,0,0,0,0
28,81,0,17,0,0,0,0,0,0,0,0
28,82,0,12,0,0,0,0,0,0,0,0
28,83,0,3,0,0,0,0,0,0,0,0
28,86,0,0,9,48,0,0,0,0,0,0
28,87,0,0,152,0,0,0,81,0,0,0
28,88,0,0,0,0,0,4,0,0,0,0
28,90,0,3,3,0,0,0,0,0,0,0
28,91,0,4,0,0,0,0,0,0,0,0
28,93,0,0,0,61,0,0,0,0,0,0
28,94,0,0,0,104,0,0,0,0,0,0
28,95,0,0,0,116,22,40,0,0,0,0
28,96,0,0,0,0,82,0,0,0,0,0
29,26,0,3,0,0,0,3,0,0,0,0
29,27,0,0,3,0,0,0,3,0,0,0
29,28,0,3,0,0,0,0,0,0,0,0
29,72,0,6,0,0,0,0,0,0,0,0
29,73,0,9,0,0,0,0,0,0,0,0
29,74,0,9,0,0,0,0,0,0,0,0
29,75,0,4,0,0,0,0,3,0,0,0
29,76,0,10,0,0,0,0,0,0,0,0
29,77,0,11,0,0,0,0,0,0,0,0
29,78,0,11,0,0,0,0,0,0,0,0
29,79,0,9,0,0,0,0,0,0,0,0
29,80,0,7,0,0,0,0,0,0,0,0
29,81,0,17,0,0,0,0,0,0,0,0
29,82,0,15,0,0,0,0,0,0,0,0
29,83,0,17,0,0,0,0,0,0,0,0
29,88,0,0,0,0,0,0,0,0,3,0
29,89,0,0,0,0,0,0,0,0,3,0
29,90,0,0,3,0,0,0,3,0,3,0
29,91,0,3,0,0,0,3,3,3,3,0
29,92,0,0,0,0,0,18,18,0,4,0
29,93,0,0,0,34,0,0,0,0,0,0
29,94,0,0,0,84,0,0,0,0,0,0
29,95,0,0,0,69,0,33,0,0,0,0
29,96,0,0,0,0,60,0,0,0,0,0
30,25,0,5,0,0,0,0,3,0,0,0
30,26,0,3,0,0,0,0,0,0,0,0
30,27,0,3,0,0,0,0,0,0,3,0
30,72,0,6,0,0,0,0,0,0,0,0
30,73,0,8,0,0,0,0,0,0,0,0
30,74,0,8,0,0,0,0,0,0,0,0
30,75,0,8,4,0,0,0,0,0,0,0
30,76,0,7,0,0,0,0,0,0,3,3
30,77,0,3,3,0,0,0,0,0,0,0
30,78,0,10,0,0,0,0,3,0,0,0
30,79,0,28,0,0,0,0,0,0,0,0
30,80,0,23,0,0,0,0,0,0,0,0
30,81,0,29,0,0,0,0,0,0,0,0
30,82,0,24,0,0,0,0,0,0,0,0
30,83,0,19,0,0,0,0,0,0,0,0
30,89,0,0,0,0,0,0,0,5,0,0
30,90,0,0,0,0,0,0,0,0,4,0
30,91,0,0,0,0,0,29,34,0,0,0
30,92,0,0,0,0,0,17,13,0,0,0
30,94,0,0,0,0,0,0,34,0,0,0
31,25,0,0,7,0,0,0,6,0,0,0
31,26,0,3,0,0,0,0,0,0,0,0
31,28,5,3,0,0,0,0,0,0,0,0
31,29,0,0,0,3,0,0,3,3,0,0
31,30,0,4,0,0,0,3,0,0,3,0
31,31,0,0,0,0,0,21,6,0,0,0
31,32,0,0,0,0,0,3,3,0,0,0
31,72,0,0,3,0,0,0,0,0,0,0
31,73,0,9,0,0,0,0,0,0,0,0
31,74,0,11,0,0,0,0,0,0,0,0
31,75,0,10,0,0,0,0,0,0,0,0
31,76,0,7,0,0,0,0,0,0,0,0
31,77,0,7,0,0,0,0,0,0,0,0
31,78,0,5,0,0,0,0,0,0,0,0
31,79,0,13,3,0,0,0,0,0,0,0
31,82,0,23,0,0,0,0,0,0,0,0
31,83,0,31,0,0,0,0,0,0,0,0
31,84,0,44,0,0,0,0,0,0,0,0
31,85,0,15,0,0,0,0,0,0,0,0
31,87,0,6,4,0,0,0,0,0,0,0
31,88,0,4,16,0,0,0,0,0,0,0
31,89,0,4,0,0,3,6,0,0,0,0
31,90,0,0,0,0,0,5,17,4,0,0
31,91,0,0,0,0,0,11,30,0,0,5
31,92,0,0,44,0,0,0,0,0,0,0
31,93,0,0,26,0,0,0,0,0,0,0
32,26,0,3,3,0,0,0,3,0,0,0
32,27,0,3,0,0,0,0,0,0,0,0
32,28,4,3,0,3,0,0,0,0,0,0
32,29,0,0,0,0,3,0,0,0,0,0
32,30,0,0,0,0,0,9,5,3,0,0
32,31,0,0,0,0,0,13,10,0,0,0
32,32,0,0,0,0,3,3,3,0,0,0
32,73,0,7,0,0,0,0,0,0,0,0
32,74,0,8,0,0,0,0,0,0,0,0
32,75,0,7,0,0,0,0,0,0,0,0
32,76,0,7,0,0,0,0,0,0,0,0
32,77,0,6,0,0,0,0,8,0,3,0
32,78,0,3,0,0,0,0,3,3,0,0
32,79,0,0,0,0,0,0,3,3,0,3
32,80,0,0,0,0,0,0,6,3,0,0
32,81,0,0,0,0,0,0,0,3,0,0
32,82,0,6,0,0,0,3,0,0,0,0
32,83,0,43,3,0,0,0,0,0,0,0
32,84,0,5,0,0,0,0,0,0,0,0
32,87,0,4,0,0,0,0,0,0,0,0
32,88,0,15,0,0,0,0,0,0,0,0
32,89,0,8,0,0,0,0,3,0,0,0
32,90,0,3,0,0,0,0,7,0,0,0
33,25,0,3,3,3,0,0,3,3,0,0
33,26,0,3,0,0,0,3,0,0,0,0
33,28,0,3,0,0,0,0,3,0,0,0
33,30,0,0,0,0,0,0,0,3,0,0
33,31,0,3,0,0,0,3,0,0,0,0
33,32,0,0,0,0,0,3,0,0,0,0
33,73,0,3,0,0,0,0,0,0,0,0
33,74,0,7,0,0,0,0,3,0,0,0
33,75,0,10,0,0,0,0,0,0,0,0
33,76,0,5,3,0,0,0,3,3,0,0
33,77,0,0,3,0,0,0,0,0,0,0
33,78,0,0,3,0,0,0,0,3,0,0
33,80,0,0,0,0,0,0,3,0,0,0
33,81,0,0,0,0,0,0,4,3,0,0
33,82,0,21,0,0,0,0,0,0,0,0
33,83,0,13,0,0,0,0,0,0,0,0
33,84,0,0,0,0,0,0,3,0,0,0
33,85,0,0,12,0,0,0,0,0,0,0
34,25,0,3,0,0,0,0,0,0,0,0
34,26,3,0,0,0,0,0,0,3,0,0
34,28,0,0,0,0,0,3,0,0,0,0
34,74,0,3,3,0,0,0,0,0,0,0
34,75,0,0,0,0,0,0,3,3,0,0
34,78,0,0,0,0,0,0,0,0,3,0
34,79,0,0,3,3,0,0,3,0,0,0
34,80,0,0,0,0,0,0,3,0,0,0
34,81,0,3,0,0,0,0,0,0,0,0
34,82,0,3,0,0,0,0,0,0,0,0
34,83,0,16,27,0,0,0,0,0,0,0
34,84,0,0,25,0,0,0,0,0,0,0
34,85,0,0,46,0,0,0,0,0,0,0
34,86,0,0,53,0,0,0,0,0,0,0
34,87,0,0,6,0,0,0,0,0,0,0
35,75,0,3,0,0,0,0,0,0,0,0
35,76,0,3,3,0,0,0,0,0,0,0
35,77,0,0,0,0,0,3,3,0,0,0
35,78,0,0,0,0,0,3,3,0,0,0
35,79,0,0,0,0,0,0,3,3,0,0
35,80,0,4,0,0,0,0,5,0,0,0
35,81,0,3,0,0,0,0,0,0,0,0
35,82,0,3,19,0,0,0,0,0,0,0
35,83,0,0,30,0,0,0,0,0,0,0
35,84,0,0,69,0,0,0,0,0,0,0
35,85,0,0,68,0,0,0,0,0,0,0
35,86,0,0,69,0,0,0,0,0,0,0
35,87,0,0,24,0,0,0,0,0,0,0
36,25,0,0,0,3,0,0,0,0,0,0
36,77,0,3,0,3,0,0,3,0,0,0
36,79,0,3,0,0,0,0,0,0,0,0
36,80,0,0,0,0,0,3,0,0,0,0
36,81,0,0,9,0,0,0,0,0,0,0
36,82,0,0,64,0,0,0,0,0,0,0
36,83,0,0,53,0,0,0,0,0,0,0
36,84,0,0,54,0,0,0,0,0,0,0
36,85,0,0,26,0,0,0,0,0,0,0
36,86,0,0,31,0,0,0,0,0,0,0
36,87,0,0,59,0,0,0,0,0,0,0
37,25,0,0,0,3,0,0,0,0,0,0
37,26,3,0,0,0,0,0,0,0,0,0
37,78,0,0,0,0,0,0,4,3,0,0
37,81,3,0,0,0,0,0,0,0,0,0
37,83,0,0,24,0,0,0,0,0,0,0
37,84,0,0,51,0,0,0,0,0,0,0
37,85,0,0,56,0,0,0,0,0,0,0
37,86,0,0,54,0,0,0,0,0,0,0
37,87,0,0,30,0,0,0,0,0,0,0
37,88,0,0,32,0,0,0,0,0,0,0
38,26,0,3,0,0,0,0,0,3,0,0
38,27,0,3,3,0,0,0,0,0,0,0
38,70,0,0,0,0,0,0,7,0,0,0
38,71,0,0,0,0,0,0,9,10,0,0
38,72,0,0,0,0,0,0,10,4,0,0
38,73,0,0,0,0,0,0,4,6,0,0
38,74,0,0,0,0,0,0,20,4,0,0
38,75,0,0,0,3,0,0,24,0,0,0
38,76,0,0,0,0,0,0,21,0,0,0
38,77,0,0,0,0,3,0,3,0,0,0
38,78,0,0,0,0,0,3,0,0,0,0
38,80,3,0,0,0,0,0,0,0,0,0
39,26,0,0,0,0,0,0,3,0,0,0
39,70,0,0,0,0,0,0,4,0,0,0
39,71,0,0,4,0,0,0,5,9,0,0
39,72,0,0,0,0,0,0,3,9,0,0
39,73,0,0,0,0,0,0,10,8,0,0
39,74,0,0,0,0,0,0,13,14,7,0
39,75,0,0,0,0,0,0,10,3,3,0
39,76,0,0,0,0,0,0,19,0,3,0
39,77,0,0,0,0,0,0,5,3,0,0
39,78,0,0,3,0,0,0,0,0,0,0
39,79,3,3,0,0,0,0,3,0,0,0
39,80,0,0,0,0,0,0,3,0,0,0
40,27,0,3,0,0,0,0,0,0,0,0
40,29,0,3,0,0,0,0,0,0,0,0
40,73,0,0,0,0,0,0,3,0,0,0
40,74,0,0,0,0,0,3,10,19,0,0
40,75,0,0,0,0,0,0,10,0,6,0
40,78,0,0,0,0,0,0,3,0,0,0
40,79,0,0,0,0,0,0,3,0,0,0
40,80,0,0,0,0,0,0,0,0,5,0
41,82,0,3,0,0,0,0,0,0,0,0
42,101,0,3,0,0,0,0,0,0,0,0
45,52,3,0,0,0,0,0,0,0,0,0
46,53,3,3,0,0,0,0,0,0,0,0
46,54,3,0,0,0,0,0,0,0,0,0
46,75,0,0,3,0,0,0,0,0,0,0
47,52,3,3,0,0,0,0,0,0,0,0
48,50,3,3,0,0,0,0,3,0,0,0
48,51,0,0,0,0,0,0,3,0,0,0
48,52,0,0,3,0,0,0,0,0,0,0
48,53,3,0,0,0,0,0,0,0,0,0
49,50,3,0,0,3,0,0,0,0,0,0
49,51,3,3,0,0,0,0,0,0,0,0
49,52,4,0,0,0,0,0,0,0,0,0
56,74,3,3,0,0,0,0,0,0,0,0
57,17,0,3,3,3,0,0,0,0,0,0
57,18,4,0,0,0,0,0,0,0,0,0
57,19,5,0,3,0,0,0,0,0,0,0
57,20,0,3,3,0,0,0,0,0,0,0
57,99,0,3,0,0,0,0,0,0,0,0
58,20,0,0,0,0,0,0,0,0,3,0
58,21,4,0,0,0,0,0,0,0,0,0
58,74,0,3,0,0,0,0,0,0,0,0
58,99,0,0,3,0,0,0,0,0,0,0
58,111,3,0,0,0,0,0,0,0,0,0
59,18,3,7,0,0,0,0,0,0,0,0
59,20,0,0,0,0,3,0,0,0,0,0
59,99,0,0,3,0,0,0,3,0,0,0
60,19,0,0,0,0,0,0,3,8,0,0
60,110,0,0,3,0,0,0,0,0,0,0
61,19,0,0,0,0,0,0,0,3,0,0
61,100,0,0,3,0,0,3,0,0,0,0
61,109,0,0,3,0,0,0,0,0,0,0
62,103,0,0,0,0,0,3,4,0,0,0
63,101,0,4,0,0,0,0,12,3,0,0
63,102,0,0,0,0,0,14,34,0,0,0
63,103,0,0,0,0,0,44,19,0,0,0
63,104,0,0,0,0,0,0,4,0,0,0
64,101,0,0,0,0,0,0,8,0,0,0
64,102,0,0,0,0,0,0,41,0,7,0
64,103,0,0,0,0,0,24,40,5,0,0
64,104,0,0,0,0,0,3,14,0,0,0
65,49,4,0,0,0,0,0,0,0,0,0
65,50,3,0,0,0,0,0,0,0,0,0
65,51,0,0,0,0,0,0,3,0,0,0
65,102,0,0,0,0,0,0,51,0,0,0
65,103,0,0,0,0,0,9,22,0,0,0
65,104,0,0,0,0,0,0,3,0,0,0
66,50,3,0,0,0,0,0,0,0,0,0
66,51,9,3,0,0,0,0,0,0,0,0
66,52,3,0,0,0,0,0,0,0,0,0
66,102,0,0,0,0,0,0,19,0,0,0
66,103,0,0,0,0,0,4,26,0,3,0
67,10,0,0,6,0,0,0,0,0,0,0
67,52,7,0,0,0,0,0,0,0,0,0
67,53,4,0,0,0,0,0,0,0,0,0
67,102,0,0,3,0,0,0,0,0,0,0
67,103,0,0,0,0,0,0,3,0,0,0
68,9,0,0,0,0,3,0,0,0,0,0
68,10,0,0,12,0,5,0,0,0,0,0
68,45,0,3,0,0,0,0,0,0,0,0
68,46,0,0,0,4,3,0,0,0,0,0
68,53,0,0,0,0,0,3,0,0,0,0
68,75,0,3,0,4,0,0,0,0,0,0
68,94,0,0,8,0,0,0,0,0,0,0
68,100,0,0,0,3,0,0,0,0,0,0
68,102,3,0,0,0,0,0,0,0,0,0
68,103,6,0,5,0,0,0,0,0,0,0
69,47,0,0,0,3,0,0,0,0,0,0
69,76,3,0,0,0,0,0,0,0,0,0
69,101,0,0,0,0,0,0,0,0,3,0
69,102,3,0,0,0,0,0,0,0,7,0
70,47,0,0,0,0,0,0,3,0,0,0
70,77,5,0,0,0,0,0,0,0,0,0
70,78,0,0,4,0,0,0,0,0,0,0
70,98,0,0,4,0,0,0,0,0,0,0
70,99,0,0,12,0,0,0,0,0,0,0
70,101,0,0,0,0,0,0,5,0,0,0
70,102,0,0,3,0,0,0,0,0,0,0
71,48,3,0,0,0,0,0,0,0,0,0
71,49,0,3,0,0,0,3,0,0,0,0
71,77,0,3,0,0,0,0,0,0,0,0
71,78,6,0,0,0,0,0,0,0,0,0
71,79,3,0,0,0,0,0,0,0,0,0
71,80,3,0,0,0,0,0,0,0,0,0
71,81,3,0,0,0,0,0,0,0,0,0
71,99,0,0,13,0,0,0,0,0,0,0
72,79,0,0,0,0,0,0,0,0,3,0
72,80,5,0,0,0,0,3,0,0,0,0
72,81,3,0,0,0,0,0,0,0,0,0
73,4,4,3,0,0,0,0,0,0,0,0
73,5,10,0,0,0,0,0,0,0,0,0
73,6,0,4,0,0,0,0,0,0,0,0
73,7,3,0,0,0,0,0,0,0,0,0
73,8,3,0,0,0,0,3,3,0,0,0
73,10,5,0,0,0,0,0,0,0,0,0
73,11,3,0,0,0,0,0,0,0,0,0
73,81,3,0,0,0,0,0,0,0,0,0
73,99,3,0,0,0,0,0,0,0,0,0
74,5,0,4,0,0,0,0,0,0,0,0
74,6,3,4,0,0,0,0,0,0,0,0
74,7,0,3,0,0,0,0,0,0,0,0
74,8,0,0,3,0,0,0,0,0,0,0
74,9,0,3,0,0,0,0,0,0,0,0
74,10,4,0,0,0,0,0,0,0,0,0
74,11,0,3,0,0,0,0,3,0,0,0
74,12,3,0,0,0,0,0,0,0,0,0
75,8,0,3,0,0,0,0,0,0,0,0
89,27,0,4,0,0,0,0,3,0,0,0
90,27,0,0,0,0,0,0,3,0,0,0
90,30,0,0,3,0,0,0,0,0,0,0
91,27,0,0,0,0,0,0,6,0,0,0
91,28,3,3,0,0,0,0,0,0,0,0
92,28,0,5,3,0,0,0,0,0,0,0
92,55,0,3,0,0,0,0,0,3,0,0
92,56,3,0,0,0,0,0,0,0,0,0
92,57,3,0,0,0,0,0,3,0,0,0
93,27,0,3,0,0,0,0,0,0,0,0
93,28,0,3,0,0,0,0,0,0,0,0
93,29,0,3,0,0,0,0,0,0,0,0
93,55,3,0,0,0,0,0,0,0,0,0
93,56,3,0,3,0,0,0,0,0,0,0
93,57,0,0,0,0,4,0,0,0,3,0
94,55,3,0,0,0,0,0,0,0,0,0
94,56,0,0,3,0,0,0,3,0,0,0
94,57,0,0,4,0,0,0,0,3,0,0
95,55,3,0,0,0,0,0,0,0,0,0
95,56,0,3,0,3,0,0,0,0,0,0
96,55,3,0,4,0,0,0,0,0,0,0
96,56,4,0,0,0,0,0,0,0,0,0
97,52,0,0,0,0,0,0,0,3,3,0
97,53,0,0,0,0,0,3,3,0,4,0
97,54,0,0,0,0,0,5,0,3,3,0
97,55,0,3,0,0,0,0,0,0,0,0
97,56,3,0,4,0,0,0,0,0,0,0
98,3,5,0,0,0,0,0,0,0,0,0
98,4,3,0,0,0,0,0,0,0,0,0
98,54,3,0,0,0,0,0,0,0,0,0
98,55,0,0,3,0,0,0,0,0,0,0
98,56,3,3,0,0,0,0,0,0,0,0
98,57,0,0,0,3,0,0,3,0,0,0
99,4,3,0,0,0,0,0,0,0,0,0
99,5,3,0,0,0,0,0,0,0,0,0
99,6,3,4,0,0,0,0,0,0,0,0
99,7,4,0,0,0,0,0,0,0,0,0
99,54,4,0,0,0,0,0,0,0,0,0
99,55,4,0,0,0,0,3,3,0,0,0
99,56,5,0,0,0,0,0,0,0,0,0
100,7,3,0,0,0,0,0,0,0,0,0
100,54,0,0,0,0,0,0,3,0,0,0
100,57,0,3,0,0,0,0,0,0,0,0
101,4,0,3,0,0,0,0,0,0,0,0
101,6,0,3,0,0,0,0,0,3,0,0
101,7,0,0,0,0,0,3,0,0,0,0
101,8,0,0,3,0,0,0,0,0,0,0
101,57,3,0,0,0,0,3,0,0,0,0
101,58,3,0,0,0,0,0,0,0,0,0
102,6,0,3,0,0,0,0,0,0,0,0
108,44,0,3,0,0,0,0,0,0,0,0
113,38,0,3,0,0,0,0,4,0,0,0
113,39,3,0,0,0,0,0,0,0,0,0
114,37,3,0,0,0,0,0,3,0,0,0
114,38,4,3,0,0,0,0,0,0,0,0
115,36,3,3,0,0,0,0,0,0,0,0
115,37,0,0,0,0,0,3,0,0,0,0
115,38,3,3,0,3,0,0,0,0,0,0
115,39,3,0,0,0,0,0,0,0,0,0
115,40,0,0,0,0,0,0,4,0,0,0
115,41,0,0,0,6,0,0,0,0,0,0
115,42,0,0,0,4,0,0,0,0,0,0
115,89,0,0,0,0,0,0,4,0,0,0
116,27,0,0,0,0,0,0,3,0,0,0
116,33,3,0,0,0,0,0,0,0,0,0
116,34,3,3,0,0,0,0,0,0,0,0
116,35,3,5,0,0,0,0,0,0,0,0
116,37,0,0,0,3,0,0,3,0,0,0
116,38,3,0,0,0,0,0,0,0,0,0
116,39,3,3,0,0,0,0,0,0,0,0
116,40,0,3,0,0,0,0,0,0,0,0
116,88,3,0,0,0,0,0,0,0,0,0
116,90,3,0,0,0,0,0,0,0,0,0
116,91,0,3,0,0,0,0,0,0,0,0
116,92,0,0,0,0,0,0,3,0,0,0
117,27,3,0,0,0,3,3,4,0,0,0
117,28,0,0,0,0,3,0,0,0,0,0
117,31,5,0,0,0,0,0,0,0,0,0
117,32,7,0,0,0,0,0,0,0,0,0
117,33,3,0,0,0,0,0,3,0,0,0
117,34,3,0,0,0,0,0,0,0,0,0
117,35,0,0,0,0,0,0,4,0,3,0
117,36,0,0,0,0,4,6,3,0,0,0
117,37,0,3,0,15,0,3,0,0,0,0
117,92,0,3,4,0,0,0,3,0,0,0
118,27,0,3,0,0,0,0,0,0,0,0
118,28,3,0,0,0,0,0,0,0,0,0
118,29,3,0,0,0,0,0,0,0,0,0
118,30,3,0,0,0,0,0,3,0,0,0
118,31,3,0,0,0,0,0,0,0,0,0
118,32,0,0,3,0,0,0,0,0,0,0
118,33,0,0,0,0,0,5,3,0,0,0
118,34,0,0,0,0,0,3,0,0,0,0
118,35,0,0,0,0,0,5,0,0,0,0
118,36,0,0,0,0,0,0,3,0,0,0
118,86,3,3,0,0,0,3,7,0,0,0
118,88,0,4,0,0,0,0,0,0,0,0
118,118,0,0,3,0,0,0,0,0,0,0
118,120,0,0,0,0,0,0,0,3,0,0
118,121,0,0,0,0,0,0,0,4,0,0
119,27,0,0,13,0,0,0,0,0,0,0
119,28,0,7,0,0,0,0,17,0,0,0
119,29,0,3,0,3,0,0,0,0,0,0
119,30,0,0,0,0,0,0,3,0,0,0
119,31,0,0,0,0,0,3,9,0,0,0
119,32,0,0,0,0,0,3,6,0,0,0
119,33,0,0,0,0,0,4,5,0,0,0
119,84,0,0,0,0,0,3,0,3,0,0
119,85,3,0,0,0,0,0,40,0,0,0
119,86,0,0,0,0,0,0,13,0,0,0
119,109,0,0,0,3,0,0,0,0,0,0
119,110,0,3,0,0,0,0,0,0,0,0
119,112,0,3,0,3,0,0,0,0,0,0
119,120,0,0,0,0,0,0,17,5,3,0
119,121,0,0,0,0,0,0,9,8,0,0
119,122,0,0,0,0,0,0,5,0,0,0
120,27,3,0,11,0,0,0,0,0,0,0
120,29,0,0,0,0,0,0,9,3,0,0
120,30,0,0,0,0,0,0,9,0,0,0
120,31,0,0,0,0,0,0,3,0,4,0
120,84,3,0,0,0,0,0,0,0,0,0
120,111,0,4,0,0,0,0,0,0,0,0
120,113,0,3,0,0,0,0,0,0,0,0
120,118,0,0,0,0,0,0,0,3,0,0
120,120,0,0,0,0,0,0,20,0,0,0
120,121,0,0,0,0,0,0,14,5,0,0
121,29,0,0,0,0,0,0,4,0,0,0
121,117,0,7,0,0,0,0,0,0,0,0
121,118,5,6,0,0,0,0,0,0,0,0
121,119,0,7,0,0,0,0,0,0,0,0
122,115,0,0,0,3,0,0,0,0,0,0
122,118,0,0,0,0,0,0,0,3,0,0
122,119,0,3,0,0,0,0,0,0,0,0
122,120,4,3,0,0,0,0,0,0,0,0
122,121,0,3,0,0,0,0,0,0,0,0
122,122,3,0,0,0,0,0,0,0,0,0
123,111,0,3,0,0,0,0,0,0,0,0
123,112,0,3,0,0,0,0,0,0,0,0
123,113,0,0,0,0,0,0,3,0,0,0
123,115,0,0,3,3,0,0,0,0,0,0
123,121,0,3,0,0,0,0,0,0,0,0
123,122,3,0,0,0,0,0,0,0,0,0
123,124,5,3,0,0,0,0,0,0,0,0
123,125,3,5,0,0,0,0,0,0,0,0
123,126,0,3,0,0,0,0,3,0,0,0
124,111,0,0,0,0,0,0,0,3,0,0
124,113,0,3,0,0,0,0,0,0,0,0
124,115,0,0,0,0,0,3,3,0,0,0
124,116,0,0,0,0,0,3,0,0,0,0
124,118,0,3,0,0,0,0,0,0,0,0
124,123,0,0,0,0,0,0,33,0,0,0
124,125,0,0,3,0,0,0,0,0,0,0
124,126,0,3,0,0,0,0,4,0,0,0
124,127,0,3,0,0,3,0,0,0,0,0
125,111,0,3,0,0,0,3,0,0,0,0
125,113,0,5,0,0,0,0,3,0,0,0
125,114,0,3,0,0,0,3,3,0,0,0
125,115,0,0,0,0,0,0,0,0,3,0
125,117,0,3,0,0,0,0,0,3,3,0
125,119,0,0,0,3,0,3,4,3,3,3
125,120,0,3,0,0,3,0,0,0,0,0
125,122,0,0,3,0,0,0,0,0,0,0
125,123,0,10,0,0,0,0,0,0,0,0
125,124,0,8,0,0,3,0,5,0,0,0
125,125,0,0,0,0,0,0,5,0,3,0
125,126,0,0,0,0,0,0,7,0,0,0
125,127,0,0,0,0,0,0,9,0,0,0
126,112,0,0,0,0,0,0,0,0,0,3
126,113,0,3,0,0,0,0,0,0,0,0
126,114,0,3,0,0,0,0,3,0,0,0
126,115,0,3,0,0,0,0,0,0,0,0
126,117,0,3,3,0,0,0,0,0,3,0
126,118,0,3,0,0,3,0,0,3,0,0
126,119,0,0,0,0,0,0,0,3,0,0
126,120,0,5,0,0,0,0,0,0,3,0
126,121,0,0,64,5,0,0,0,0,0,0
126,122,0,0,10,11,0,0,0,0,0,0
126,123,0,10,0,0,0,0,0,0,0,0
126,124,0,10,0,0,0,0,0,0,0,0
126,125,0,7,0,0,0,0,0,0,0,0
126,126,0,8,0,0,0,0,0,0,0,0
126,127,0,9,3,0,0,0,0,0,0,0
127,1,0,3,0,0,0,0,0,0,0,0
127,2,0,0,0,3,0,0,0,0,0,0
127,110,0,3,0,0,0,0,0,0,0,0
127,112,0,3,0,0,0,0,0,0,0,0
127,113,0,0,0,0,0,0,0,0,3,0
127,115,0,0,0,0,15,0,0,0,0,0
127,118,0,6,0,0,0,0,3,0,0,0
127,119,0,3,0,3,0,0,0,0,4,0
127,120,0,8,26,0,4,0,3,0,0,0
127,121,0,0,71,0,0,0,0,0,0,0
127,122,0,6,0,0,0,0,0,0,0,0
127,123,0,14,0,0,0,0,0,0,0,0
127,124,0,10,0,0,0,0,0,0,0,0
127,125,0,12,0,0,0,0,0,0,0,0
127,126,0,10,0,0,0,0,0,0,0,0
127,127,0,10,0,0,0,0,3,0,0,0