x,y,1,2,3,4,5,6,7,8
0,6,8,6,3,0,0,0,0,0
0,43,3,3,0,0,0,0,0,0
0,47,3,4,0,0,0,0,0,0
0,48,4,10,0,0,0,0,0,0
0,49,0,3,0,0,0,0,0,0
0,50,4,8,0,0,0,0,0,0
0,66,3,4,0,0,0,0,0,0
0,74,0,3,0,0,0,0,0,0
0,119,0,3,0,0,0,0,0,0
1,7,3,4,0,0,0,0,0,0
1,42,3,0,0,0,0,0,0,0
1,43,0,4,0,0,0,0,0,0
1,46,0,3,0,0,0,0,0,0
1,48,3,4,0,0,0,0,0,0
1,49,3,4,0,0,0,0,0,0
1,50,3,4,0,3,0,0,0,0
1,51,3,4,0,0,0,0,0,0
1,52,0,3,0,0,0,0,0,0
1,53,0,4,0,0,0,0,0,0
1,66,0,6,0,0,0,0,0,0
2,5,6,6,0,0,0,0,0,0
2,6,8,11,0,0,0,0,0,0
2,7,3,3,0,0,0,0,0,0
2,45,3,3,0,0,0,0,0,0
2,111,3,0,0,3,0,0,0,0
2,113,0,3,0,0,0,0,0,0
3,5,3,3,0,0,0,0,0,0
3,7,5,4,0,0,0,0,0,0
3,47,0,3,0,0,0,0,0,0
3,106,3,0,0,0,0,0,0,0
3,108,0,3,0,0,0,0,0,0
3,110,3,4,0,0,0,0,0,0
3,116,3,3,0,0,0,0,0,0
4,6,0,4,0,0,0,0,0,0
4,7,6,6,0,0,0,0,0,0
4,8,3,4,0,0,0,0,0,0
4,29,0,3,0,0,0,0,0,0
4,30,0,6,0,0,0,0,0,0
4,32,3,6,0,0,0,0,0,0
4,43,4,0,0,0,0,0,0,0
4,48,3,0,0,3,0,0,0,0
4,102,0,3,0,0,0,0,0,0
4,103,3,3,0,0,0,0,0,0
4,104,4,3,0,0,0,0,0,0
4,105,0,4,0,0,0,0,0,0
4,109,3,0,0,0,0,0,0,0
5,1,0,3,3,0,0,0,0,0
5,2,3,4,3,0,0,0,0,0
5,3,5,4,0,0,0,0,0,0
5,4,3,4,0,0,0,0,0,0
5,7,4,4,0,3,0,0,0,0
5,8,4,4,0,0,0,0,0,0
5,9,0,3,0,0,0,0,0,0
5,15,4,3,0,0,0,0,0,0
5,28,3,4,0,0,0,0,0,0
5,29,3,3,0,0,0,0,0,0
5,31,0,3,0,0,0,0,0,0
5,32,10,0,0,0,0,0,0,0
5,68,3,0,0,0,0,0,0,0
5,98,0,3,0,0,0,0,0,0
5,100,3,3,0,0,0,0,0,0
5,101,0,4,0,0,0,0,0,0
6,1,0,4,0,0,0,0,0,0
6,2,8,16,0,0,0,0,0,0
6,3,8,12,3,3,0,0,0,0
6,4,0,3,0,0,0,0,0,0
6,7,7,6,0,0,0,0,0,0
6,16,0,3,0,0,0,0,0,0
6,28,3,4,0,0,0,0,0,0
6,35,3,4,0,0,0,0,0,0
6,36,0,3,0,0,0,0,0,0
6,88,0,3,0,0,0,0,0,0
6,102,0,3,0,0,0,0,0,0
7,2,3,10,0,0,0,0,0,0
7,3,9,20,0,0,0,0,0,0
7,4,8,11,0,4,0,0,0,0
7,6,0,4,0,0,0,0,0,0
7,7,4,0,0,0,0,0,0,0
7,8,0,3,0,0,0,0,0,0
7,16,0,3,0,0,0,0,0,0
7,17,3,4,0,0,0,0,0,0
7,18,3,0,0,0,0,0,0,0
7,62,4,0,0,0,0,0,0,0
7,63,0,3,0,0,0,0,0,0
7,88,0,3,0,0,0,0,0,0
7,96,0,3,0,0,0,0,0,0
8,3,5,17,0,0,0,0,0,0
8,4,9,15,0,3,0,0,0,0
8,5,3,4,0,0,0,0,0,0
8,7,0,3,0,0,0,0,0,0
8,8,3,6,0,0,0,0,0,0
8,14,3,3,0,3,0,0,0,0
8,18,0,0,0,3,0,0,0,0
8,31,3,4,0,0,0,0,0,0
8,60,0,3,0,0,0,0,0,0
8,61,8,3,3,3,0,0,0,0
9,3,4,15,4,0,0,0,0,0
9,4,4,18,3,0,0,0,0,0
9,5,13,6,3,3,0,0,0,0
9,8,0,3,0,0,0,0,0,0
9,9,0,3,0,0,0,0,0,0
9,30,0,3,0,0,0,0,0,0
9,31,3,3,0,0,0,0,0,0
9,57,3,3,0,0,0,0,0,0
9,58,0,0,0,3,0,0,0,0
9,75,0,3,0,0,0,0,0,0
10,3,3,3,0,0,0,0,0,0
10,4,10,6,0,0,0,0,0,0
10,5,5,16,0,0,0,0,0,0
10,7,0,0,0,3,0,0,0,0
10,8,0,3,0,0,0,0,0,0
10,32,0,3,0,0,0,0,0,0
10,57,5,0,0,0,0,0,0,0
10,108,0,3,0,0,0,0,0,0
10,109,3,3,0,0,0,0,0,0
10,116,0,3,0,0,0,0,0,0
11,5,7,16,0,0,0,0,0,0
11,6,4,4,0,0,0,0,0,0
11,7,5,4,0,0,0,0,0,0
11,8,0,4,0,0,0,0,0,0
11,14,3,6,0,0,0,0,0,0
11,15,0,4,0,0,0,0,0,0
11,45,0,3,0,0,0,0,0,0
11,49,0,4,0,0,0,0,0,0
11,55,0,3,0,0,0,0,0,0
11,83,4,0,0,0,0,0,0,0
11,84,0,6,0,0,0,0,0,0
11,103,3,3,0,0,0,0,0,0
11,112,0,3,0,0,0,0,0,0
11,115,0,3,0,0,0,0,0,0
11,127,0,4,0,0,0,0,0,0
12,0,0,3,0,0,0,0,0,0
12,5,6,3,3,0,0,0,0,0
12,6,8,10,0,0,0,0,0,0
12,7,8,10,0,0,0,0,0,0
12,8,3,4,0,0,0,0,0,0
12,13,4,12,5,3,0,0,0,0
12,14,3,15,0,0,0,0,0,0
12,63,3,3,0,0,0,0,0,0
12,64,0,3,0,0,0,0,0,0
12,75,3,3,0,0,0,0,0,0
12,82,0,3,0,0,0,0,0,0
12,83,0,6,0,0,0,0,0,0
12,104,3,3,0,0,0,0,0,0
12,115,3,3,0,0,0,0,0,0
12,127,4,6,0,0,0,0,0,0
13,0,7,3,0,3,0,0,0,0
13,2,0,4,0,0,0,0,0,0
13,4,3,3,0,0,0,0,0,0
13,5,8,16,0,0,0,0,0,0
13,6,8,9,0,4,0,0,0,0
13,7,18,9,0,3,0,0,0,0
13,8,3,4,0,0,0,0,0,0
13,10,3,3,0,0,0,0,0,0
13,11,14,26,0,0,0,0,0,0
13,12,8,14,3,0,0,0,0,0
13,13,3,8,0,0,0,0,0,0
13,16,0,3,0,0,0,0,0,0
13,49,0,3,0,0,0,0,0,0
13,63,0,3,0,0,0,0,0,0
13,76,3,4,0,0,0,0,0,0
13,77,0,3,0,0,0,0,0,0
13,108,0,3,0,0,0,0,0,0
13,111,3,0,0,0,0,0,0,0
13,112,0,3,0,0,0,0,0,0
13,115,0,0,3,0,0,0,0,0
13,126,10,12,0,0,0,0,0,0
13,127,9,6,0,4,0,0,0,0
14,5,7,4,0,0,0,0,0,0
14,6,6,10,0,0,0,0,0,0
14,7,3,4,0,0,0,0,0,0
14,9,0,3,0,0,0,0,0,0
14,10,8,8,3,3,0,0,0,0
14,11,3,3,0,3,0,0,0,0
14,12,3,9,0,0,0,0,0,0
14,13,0,6,3,0,0,0,0,0
14,17,0,6,0,3,0,0,0,0
14,55,0,3,0,0,0,0,0,0
14,77,4,3,0,0,0,0,0,0
14,105,3,3,0,0,0,0,0,0
14,106,3,4,0,0,0,0,0,0
14,107,3,4,0,0,0,0,0,0
14,125,3,3,0,0,0,0,0,0
14,126,5,3,0,0,0,0,0,0
14,127,8,9,0,0,0,0,0,0
15,7,6,10,0,0,0,0,0,0
15,8,11,4,4,3,0,0,0,0
15,10,4,4,0,0,0,0,0,0
15,11,3,11,4,0,0,0,0,0
15,12,11,16,0,0,0,0,0,0
15,14,3,3,0,0,0,0,0,0
15,16,0,3,0,0,0,0,0,0
15,17,5,10,3,0,0,0,0,0
15,62,0,3,0,0,0,0,0,0
15,89,0,3,0,0,0,0,0,0
15,101,0,3,0,0,0,0,0,0
15,104,3,4,0,0,0,0,0,0
15,119,3,3,0,0,0,0,0,0
15,120,3,0,0,0,0,0,0,0
15,121,6,7,0,0,0,0,0,0
15,126,6,10,0,0,0,0,0,0
15,127,3,6,0,0,0,0,0,0
16,6,0,3,0,0,0,0,0,0
16,7,3,3,0,0,0,0,0,0
16,9,0,4,0,3,0,0,0,0
16,10,16,16,3,0,0,0,0,0
16,11,3,12,0,3,0,0,0,0
16,12,4,11,0,0,0,0,0,0
16,17,4,12,0,0,0,0,0,0
16,25,3,0,0,0,0,0,0,0
16,59,0,3,0,0,0,0,0,0
16,61,4,4,0,0,0,0,0,0
16,62,3,6,3,0,0,0,0,0
16,63,3,3,0,0,0,0,0,0
16,87,3,0,0,0,0,0,0,0
16,88,0,4,0,0,0,0,0,0
16,89,0,3,0,0,0,0,0,0
16,99,3,3,0,0,0,0,0,0
16,101,0,3,0,0,0,0,0,0
16,118,0,3,0,0,0,0,0,0
16,119,0,4,0,0,0,0,0,0
16,123,3,0,0,0,0,0,0,0
16,125,7,8,0,3,0,0,0,0
16,126,8,8,0,0,0,0,0,0
16,127,0,3,0,0,0,0,0,0
17,5,7,10,0,0,0,0,0,0
17,9,9,8,3,3,0,0,0,0
17,10,11,15,6,3,0,0,0,0
17,11,28,26,7,8,0,0,0,0
17,12,0,12,0,0,0,0,0,0
17,17,6,6,3,3,0,0,0,0
17,18,9,16,0,0,0,0,0,0
17,43,3,3,0,0,0,0,0,0
17,44,0,3,0,0,0,0,0,0
17,58,3,3,0,0,0,0,0,0
17,60,3,4,0,0,0,0,0,0
17,61,9,4,0,0,0,0,0,0
17,81,0,3,0,0,0,0,0,0
17,85,0,4,0,0,0,0,0,0
17,87,0,6,0,0,0,0,0,0
17,88,0,4,0,0,0,0,0,0
17,89,3,3,0,0,0,0,0,0
17,97,0,3,0,0,0,0,0,0
17,101,0,3,0,0,0,0,0,0
17,124,3,0,3,0,0,0,0,0
17,125,3,5,0,0,0,0,0,0
17,126,3,8,0,0,0,0,0,0
17,127,4,3,0,0,0,0,0,0
18,4,0,3,0,0,0,0,0,0
18,5,4,3,3,4,0,0,0,0
18,6,6,7,3,0,0,0,0,0
18,7,6,3,0,3,0,0,0,0
18,8,9,4,3,3,0,0,0,0
18,9,3,10,16,0,0,0,0,0
18,10,14,14,3,6,0,0,0,0
18,11,25,20,3,7,0,0,0,0
18,12,11,18,0,3,0,0,0,0
18,13,6,4,3,0,0,0,0,0
18,14,5,12,3,0,0,0,0,0
18,15,7,9,5,0,0,0,0,0
18,16,11,10,0,3,0,0,0,0
18,17,15,16,3,3,0,0,0,0
18,18,10,12,0,0,0,0,0,0
18,27,3,0,0,3,0,0,0,0
18,44,0,3,0,0,0,0,0,0
18,59,0,3,0,0,0,0,0,0
18,60,0,3,0,0,0,0,0,0
18,61,4,6,0,0,0,0,0,0
18,62,6,6,0,0,0,0,0,0
18,73,3,4,0,0,0,0,0,0
18,85,0,3,0,0,0,0,0,0
18,100,3,4,0,0,0,0,0,0
18,105,0,4,0,0,0,0,0,0
18,117,0,3,0,0,0,0,0,0
18,125,0,3,0,0,0,0,0,0
18,126,3,4,5,0,0,0,0,0
18,127,3,4,0,3,0,0,0,0
19,2,0,3,0,0,0,0,0,0
19,3,3,3,3,0,0,0,0,0
19,6,0,3,0,0,0,0,0,0
19,7,3,4,0,0,0,0,0,0
19,8,8,8,3,0,0,0,0,0
19,9,12,8,4,4,0,0,0,0
19,10,19,14,0,3,0,0,0,0
19,11,12,28,0,3,0,0,0,0
19,12,17,17,3,3,0,0,0,0
19,13,7,12,0,3,0,0,0,0
19,14,4,7,5,3,0,0,0,0
19,15,4,10,3,0,0,0,0,0
19,16,3,11,0,0,0,0,0,0
19,17,6,7,0,0,0,0,0,0
19,18,12,14,0,0,0,0,0,0
19,19,8,14,0,0,0,0,0,0
19,27,0,3,0,0,0,0,0,0
19,30,0,3,0,0,0,0,0,0
19,31,3,0,0,0,0,0,0,0
19,59,0,4,3,0,0,0,0,0
19,60,0,4,0,0,0,0,0,0
19,61,4,6,0,3,0,0,0,0
19,62,0,4,0,0,0,0,0,0
19,93,0,0,3,3,0,0,0,0
19,103,7,4,0,3,0,0,0,0
19,104,0,3,0,0,0,0,0,0
19,125,22,10,3,3,0,0,0,0
19,126,4,6,0,0,0,0,0,0
19,127,0,4,0,0,0,0,0,0
20,5,0,3,0,0,0,0,0,0
20,7,3,3,0,0,0,0,0,0
20,8,18,13,0,0,0,0,0,0
20,9,5,12,3,3,0,0,0,0
20,10,3,8,3,3,0,0,0,0
20,11,3,5,0,0,0,0,0,0
20,12,3,8,0,0,0,0,0,0
20,13,8,14,3,3,0,0,0,0
20,14,3,4,0,3,0,0,0,0
20,15,8,19,4,3,0,0,0,0
20,16,16,16,3,3,0,0,0,0
20,17,7,12,0,3,0,0,0,0
20,18,5,14,0,0,0,0,0,0
20,19,6,10,0,0,0,0,0,0
20,29,0,3,0,0,0,0,0,0
20,32,3,3,0,0,0,0,0,0
20,38,0,3,0,0,0,0,0,0
20,40,3,0,0,0,0,0,0,0
20,60,0,4,0,0,0,0,0,0
20,75,0,3,0,0,0,0,0,0
20,125,5,0,0,3,0,0,0,0
21,7,4,0,0,3,0,0,0,0
21,8,8,7,0,3,0,0,0,0
21,9,17,20,28,3,0,0,0,0
21,10,8,14,3,0,0,0,0,0
21,11,8,12,3,3,0,0,0,0
21,12,31,27,0,4,0,0,0,0
21,13,24,19,3,8,0,0,0,0
21,14,12,11,3,3,0,0,0,0
21,15,23,23,0,3,0,0,0,0
21,16,6,17,0,0,0,0,0,0
21,17,6,15,3,0,0,0,0,0
21,18,13,7,0,0,0,0,0,0
21,19,13,14,0,0,0,0,0,0
21,20,3,8,0,0,0,0,0,0
21,24,3,3,0,0,0,0,0,0
21,25,3,5,0,3,0,0,0,0
21,37,5,6,3,0,0,0,0,0
21,38,3,10,0,0,0,0,0,0
21,73,3,3,0,0,0,0,0,0
21,100,0,4,0,0,0,0,0,0
21,101,5,3,0,0,0,0,0,0
21,102,3,0,0,0,0,0,0,0
21,124,3,3,0,0,0,0,0,0
21,125,3,3,0,0,0,0,0,0
22,6,3,0,0,3,0,0,0,0
22,7,23,10,3,0,0,0,0,0
22,8,8,10,0,5,0,0,0,0
22,9,17,13,3,3,0,0,0,0
22,10,28,27,0,3,0,0,0,0
22,11,4,4,3,0,0,0,0,0
22,12,12,14,0,0,0,0,0,0
22,13,8,12,3,0,0,0,0,0
22,14,6,7,4,0,0,0,0,0
22,15,7,8,0,0,0,0,0,0
22,16,7,21,0,0,0,0,0,0
22,17,0,10,0,0,0,0,0,0
22,18,10,17,3,0,0,0,0,0
22,19,15,13,3,3,0,0,0,0
22,20,9,18,3,0,0,0,0,0
22,24,7,17,0,0,0,0,0,0
22,25,8,26,4,3,0,0,0,0
22,26,0,3,0,0,0,0,0,0
22,37,11,8,4,0,0,0,0,0
22,38,6,6,3,0,0,0,0,0
22,57,0,3,0,0,0,0,0,0
22,59,0,3,0,0,0,0,0,0
22,71,0,3,0,0,0,0,0,0
22,72,0,3,0,0,0,0,0,0
22,101,8,8,0,0,0,0,0,0
22,102,7,10,3,0,0,0,0,0
22,103,4,8,0,0,0,0,0,0
22,124,3,0,0,3,0,0,0,0
23,6,0,0,3,0,0,0,0,0
23,7,18,7,3,3,0,0,0,0
23,8,22,15,3,6,0,0,0,0
23,9,4,6,0,0,0,0,0,0
23,10,19,11,0,0,0,0,0,0
23,11,23,10,3,3,0,0,0,0
23,12,15,11,0,3,0,0,0,0
23,13,5,7,0,0,0,0,0,0
23,14,5,4,3,0,0,0,0,0
23,15,4,0,0,0,0,0,0,0
23,16,18,14,0,3,0,0,0,0
23,17,11,14,3,0,0,0,0,0
23,18,20,18,3,9,0,0,0,0
23,19,14,24,4,4,0,0,0,0
23,20,13,28,3,3,0,0,0,0
23,21,10,6,3,3,0,0,0,0
23,22,15,10,5,0,0,0,0,0
23,23,26,22,3,4,0,0,0,0
23,24,8,9,0,0,0,0,0,0
23,25,0,3,0,0,0,0,0,0
23,37,0,3,0,0,0,0,0,0
23,38,3,3,0,0,0,0,0,0
23,43,0,3,0,0,0,0,0,0
23,72,3,0,0,0,0,0,0,0
23,79,3,0,0,0,0,0,0,0
23,101,3,3,0,0,0,0,0,0
23,103,3,6,3,0,0,0,0,0
24,5,8,10,52,3,0,0,0,0
24,7,0,4,3,0,0,0,0,0
24,8,18,21,3,3,0,0,0,0
24,9,8,9,3,3,0,0,0,0
24,10,7,7,0,0,0,0,0,0
24,11,0,3,0,0,0,0,0,0
24,12,4,8,0,0,0,0,0,0
24,13,4,6,0,0,0,0,0,0
24,14,3,3,0,0,0,0,0,0
24,15,3,3,0,3,0,0,0,0
24,16,6,13,4,0,0,0,0,0
24,17,10,17,3,0,0,0,0,0
24,18,0,4,0,0,0,0,0,0
24,19,9,11,3,3,0,0,0,0
24,20,3,4,0,0,0,0,0,0
24,21,21,20,4,3,0,0,0,0
24,22,6,8,3,0,0,0,0,0
24,23,8,10,0,3,0,0,0,0
24,24,6,6,0,0,0,0,0,0
24,26,0,3,0,0,0,0,0,0
24,28,3,4,0,0,0,0,0,0
24,29,0,5,0,0,0,0,0,0
24,30,0,3,0,0,0,0,0,0
24,33,5,3,0,0,0,0,0,0
24,37,6,14,0,0,0,0,0,0
24,38,3,3,0,0,0,0,0,0
24,61,3,4,0,0,0,0,0,0
24,69,0,3,0,0,0,0,0,0
24,79,3,7,3,0,0,0,0,0
24,82,3,0,0,0,0,0,0,0
24,103,0,3,0,0,0,0,0,0
25,8,4,10,0,3,0,0,0,0
25,9,13,6,3,0,0,0,0,0
25,10,5,5,3,3,0,0,0,0
25,11,8,8,0,0,0,0,0,0
25,13,3,3,0,0,0,0,0,0
25,14,5,8,3,3,0,0,0,0
25,15,3,6,4,3,0,0,0,0
25,16,8,15,3,0,0,0,0,0
25,17,8,12,0,0,0,0,0,0
25,18,4,12,0,0,0,0,0,0
25,19,7,10,3,0,0,0,0,0
25,20,8,17,3,0,0,0,0,0
25,21,12,17,3,3,0,0,0,0
25,22,8,11,0,0,0,0,0,0
25,23,4,3,3,3,0,0,0,0
25,24,0,3,0,0,0,0,0,0
25,25,4,5,0,3,0,0,0,0
25,28,3,6,0,0,0,0,0,0
25,29,3,3,0,0,0,0,0,0
25,31,0,4,0,0,0,0,0,0
25,32,6,4,0,0,0,0,0,0
25,34,8,6,0,0,0,0,0,0
25,38,0,3,0,0,0,0,0,0
25,43,6,4,0,0,0,0,0,0
25,68,0,3,0,0,0,0,0,0
25,69,0,3,0,0,0,0,0,0
26,8,6,9,0,0,0,0,0,0
26,9,6,8,3,0,0,0,0,0
26,10,7,10,3,0,0,0,0,0
26,11,5,4,0,0,0,0,0,0
26,12,9,13,4,4,0,0,0,0
26,13,8,16,3,3,0,0,0,0
26,14,10,10,3,3,0,0,0,0
26,15,7,21,3,3,0,0,0,0
26,16,8,17,4,0,0,0,0,0
26,17,15,14,3,0,0,0,0,0
26,18,14,24,0,0,0,0,0,0
26,19,23,24,3,3,0,0,0,0
26,20,6,14,3,0,0,0,0,0
26,21,20,30,3,0,0,0,0,0
26,22,22,27,0,3,0,0,0,0
26,23,23,28,0,5,0,0,0,0
26,34,0,3,0,0,0,0,0,0
26,60,3,3,0,0,0,0,0,0
26,64,0,4,0,0,0,0,0,0
26,74,3,0,0,3,0,0,0,0
26,75,8,12,0,0,0,0,0,0
26,125,0,3,3,0,0,0,0,0
27,7,3,3,0,0,0,0,0,0
27,8,7,6,0,0,0,0,0,0
27,9,10,14,5,0,0,0,0,0
27,11,17,19,6,3,0,0,0,0
27,12,7,13,3,0,0,0,0,0
27,13,0,4,0,0,0,0,0,0
27,14,6,7,4,3,0,0,0,0
27,15,14,14,0,3,0,0,0,0
27,16,21,19,5,4,0,0,0,0
27,17,23,12,4,4,0,0,0,0
27,18,8,9,3,3,0,0,0,0
27,19,0,13,0,0,0,0,0,0
27,20,4,16,0,0,0,0,0,0
27,21,17,14,3,6,0,0,0,0
27,22,24,22,3,3,0,0,0,0
27,23,10,12,0,3,0,0,0,0
27,24,3,3,0,0,0,0,0,0
27,57,3,3,0,0,0,0,0,0
27,63,0,3,0,0,0,0,0,0
27,64,4,3,0,0,0,0,0,0
27,70,5,6,0,0,0,0,0,0
27,71,19,14,0,5,0,0,0,0
27,72,7,13,0,0,0,0,0,0
27,73,5,13,4,3,0,0,0,0
27,74,10,8,0,3,0,0,0,0
27,75,4,8,3,3,0,0,0,0
27,76,3,4,0,0,0,0,0,0
27,87,0,0,3,0,0,0,0,0
27,91,5,3,0,0,0,0,0,0
27,94,0,3,0,0,0,0,0,0
27,124,4,6,0,0,0,0,0,0
27,125,7,4,0,0,0,0,0,0
28,2,4,3,0,0,0,0,0,0
28,6,3,4,3,0,0,0,0,0
28,7,20,16,3,3,0,0,0,0
28,8,9,13,3,0,0,0,0,0
28,9,6,7,0,0,0,0,0,0
28,10,11,12,0,4,0,0,0,0
28,11,4,14,4,3,0,0,0,0
28,12,14,16,3,7,0,0,0,0
28,13,11,16,0,0,0,0,0,0
28,14,4,5,3,0,0,0,0,0
28,15,4,5,0,0,0,0,0,0
28,16,3,0,0,0,0,0,0,0
28,17,6,9,0,0,0,0,0,0
28,18,19,17,7,5,0,0,0,0
28,19,21,27,5,5,0,0,0,0
28,20,20,22,8,3,0,0,0,0
28,21,38,43,3,3,0,0,0,0
28,22,25,25,4,3,0,0,0,0
28,23,0,3,0,0,0,0,0,0
28,70,3,3,0,0,0,0,0,0
28,71,9,11,3,0,0,0,0,0
28,72,0,8,3,4,0,0,0,0
28,73,3,11,0,3,0,0,0,0
28,74,3,3,3,0,0,0,0,0
28,76,0,3,0,0,0,0,0,0
28,87,0,3,0,0,0,0,0,0
28,125,11,12,4,0,0,0,0,0
29,1,3,4,0,0,0,0,0,0
29,2,0,3,0,0,0,0,0,0
29,5,0,3,0,0,0,0,0,0
29,7,14,25,3,0,0,0,0,0
29,8,12,25,3,3,0,0,0,0
29,9,0,3,0,0,0,0,0,0
29,10,21,9,4,3,0,0,0,0
29,11,27,26,4,7,0,0,0,0
29,12,19,16,5,10,0,0,0,0
29,13,10,12,3,0,0,0,0,0
29,14,4,6,0,0,0,0,0,0
29,15,0,3,0,0,0,0,0,0
29,18,4,7,5,3,0,0,0,0
29,19,34,28,5,6,0,0,0,0
29,20,4,14,6,3,0,0,0,0
29,21,49,45,0,4,0,0,0,0
29,22,16,26,0,4,0,0,0,0
29,23,6,9,3,0,0,0,0,0
29,37,4,0,0,0,0,0,0,0
29,62,3,3,0,0,0,0,0,0
29,70,3,0,0,0,0,0,0,0
29,71,3,6,0,0,0,0,0,0
29,72,3,8,3,0,0,0,0,0
29,83,4,3,0,0,0,0,0,0
29,86,3,3,0,0,0,0,0,0
29,89,0,3,0,0,0,0,0,0
29,107,3,3,0,0,0,0,0,0
29,124,5,7,0,3,0,0,0,0
29,125,5,8,3,0,0,0,0,0
29,126,8,9,3,0,0,0,0,0
29,127,3,3,0,0,0,0,0,0
30,1,4,6,0,0,0,0,0,0
30,4,3,3,0,3,0,0,0,0
30,5,3,3,3,0,0,0,0,0
30,7,3,3,0,0,0,0,0,0
30,8,14,4,6,5,0,0,0,0
30,9,30,18,4,7,0,0,0,0
30,10,3,3,0,0,0,0,0,0
30,11,10,21,0,0,0,0,0,0
30,12,11,9,3,0,0,0,0,0
30,13,10,8,5,5,0,0,0,0
30,14,23,18,3,4,0,0,0,0
30,19,6,3,0,0,0,0,0,0
30,20,3,8,3,3,0,0,0,0
30,21,22,30,10,0,0,0,0,0
30,22,22,15,0,0,0,0,0,0
30,23,5,7,0,0,0,0,0,0
30,42,0,3,0,0,0,0,0,0
30,45,0,3,0,0,0,0,0,0
30,57,0,3,0,0,0,0,0,0
30,73,5,3,0,3,0,0,0,0
30,74,16,8,0,0,0,0,0,0
30,78,0,3,0,0,0,0,0,0
30,79,3,3,0,0,0,0,0,0
30,80,0,3,0,0,0,0,0,0
30,81,3,3,0,0,0,0,0,0
30,83,3,3,3,0,0,0,0,0
30,124,3,4,0,0,0,0,0,0
31,3,0,3,0,0,0,0,0,0
31,9,13,9,4,4,0,0,0,0
31,10,7,3,0,0,0,0,0,3
31,11,7,18,0,0,0,0,0,0
31,12,14,12,3,3,0,0,0,0
31,13,11,13,5,3,0,0,0,0
31,14,4,14,0,0,0,0,0,0
31,15,0,4,0,0,0,0,0,0
31,16,3,0,0,0,0,0,0,0
31,17,7,10,0,0,0,0,0,0
31,22,14,11,0,0,0,0,0,0
31,23,3,3,0,0,0,0,0,0
31,45,3,3,0,0,0,0,0,0
31,71,0,3,0,0,0,0,0,0
31,72,5,10,0,3,0,0,0,0
31,73,11,6,0,3,0,0,0,0
31,74,3,0,0,0,0,0,0,0
31,77,3,10,0,0,0,0,0,0
31,78,3,6,0,0,0,0,0,0
31,79,3,4,0,0,0,0,0,0
31,82,6,3,0,0,0,0,0,0
31,83,0,3,0,0,0,0,0,0
32,3,0,3,0,0,0,0,0,0
32,7,0,3,0,0,0,0,0,0
32,8,0,4,0,0,0,0,0,0
32,10,3,7,3,3,0,0,0,0
32,11,7,34,3,3,0,0,0,0
32,12,6,13,0,0,0,0,0,0
32,13,0,4,3,0,0,0,0,0
32,14,5,10,3,0,0,0,0,0
32,15,8,8,3,3,0,0,0,0
32,16,3,10,0,0,0,0,0,0
32,17,10,22,0,0,0,0,0,0
32,18,4,12,3,0,0,0,0,0
32,19,0,3,0,0,0,0,0,0
32,23,0,0,0,3,0,0,0,0
32,25,0,3,0,0,0,0,0,0
32,63,0,3,0,0,0,0,0,0
32,68,0,3,0,0,0,0,0,0
32,71,5,7,0,0,0,0,0,0
32,72,7,6,3,0,0,0,0,0
32,73,0,4,0,0,0,0,0,0
32,74,3,5,0,0,0,0,0,0
32,75,6,3,0,0,0,0,0,0
32,76,13,10,0,0,0,0,0,0
32,77,11,12,0,0,0,0,0,0
32,78,0,8,0,0,0,0,0,0
32,79,3,3,0,0,0,0,0,0
33,1,3,4,0,0,0,0,0,0
33,9,4,3,0,0,0,0,0,0
33,10,6,3,0,3,0,0,0,0
33,11,3,3,0,3,0,0,0,0
33,12,3,4,0,0,0,0,0,0
33,13,26,36,4,9,0,0,0,0
33,14,3,3,0,0,0,0,0,0
33,15,57,8,3,3,0,0,0,0
33,16,14,20,0,3,0,0,0,0
33,17,18,16,0,3,0,0,0,0
33,24,0,3,0,0,0,0,0,0
33,25,7,6,0,0,0,0,0,0
33,39,3,4,0,0,0,0,0,0
33,54,0,3,0,0,0,0,0,0
33,57,3,0,0,0,0,0,0,0
33,59,0,3,0,0,0,0,0,0
33,68,3,0,0,0,0,0,0,0
33,71,0,3,0,0,0,0,0,0
33,72,4,16,0,0,0,0,0,0
33,74,7,10,0,3,0,0,0,0
33,76,10,20,0,0,0,0,0,0
33,77,8,6,0,0,0,0,0,0
33,78,6,4,0,0,0,0,0,0
33,79,8,6,0,0,0,0,0,0
34,0,0,3,0,0,0,0,0,0
34,9,5,10,3,0,0,0,0,0
34,10,13,19,0,3,0,0,0,0
34,11,6,8,0,0,0,0,0,0
34,12,3,3,0,0,0,0,0,0
34,13,3,4,0,0,0,0,0,0
34,14,4,5,0,0,0,0,0,0
34,15,3,3,0,0,0,0,0,0
34,16,11,18,3,4,0,0,0,0
34,17,7,7,0,0,0,0,0,0
34,22,0,3,0,0,0,0,0,0
34,27,4,3,3,0,0,0,0,0
34,53,4,3,0,3,0,0,0,0
34,72,8,13,0,0,0,0,0,0
34,73,3,3,0,0,0,0,0,0
34,74,8,11,3,0,0,0,0,0
34,76,10,9,0,0,0,0,0,0
34,77,4,10,0,0,0,0,0,0
34,78,0,6,0,0,0,0,0,0
34,79,0,3,0,0,0,0,0,0
35,9,8,16,0,0,0,0,0,0
35,10,11,14,0,0,0,0,0,0
35,11,15,10,4,5,0,0,0,0
35,12,3,4,0,0,0,0,0,0
35,13,0,3,0,0,0,0,0,0
35,64,3,0,0,0,0,0,0,0
35,72,10,8,0,0,0,0,0,0
35,73,5,7,0,0,0,0,0,0
35,74,3,6,0,0,0,0,0,0
36,1,3,3,0,0,0,0,0,0
36,2,3,3,0,0,0,0,0,0
36,5,3,0,0,0,0,0,0,0
36,9,4,8,0,0,0,0,0,0
36,10,8,14,4,0,0,0,0,0
36,11,0,5,0,0,0,0,0,0
36,12,7,14,3,0,0,0,0,0
36,13,0,3,0,0,0,0,0,0
36,17,3,3,0,3,0,0,0,0
36,29,4,0,0,0,0,0,0,0
36,30,0,4,0,0,0,0,0,0
36,54,0,3,0,0,0,0,0,0
37,9,0,3,0,0,0,0,0,0
37,10,8,14,0,0,0,0,0,0
37,11,7,11,0,0,0,0,0,0
37,12,15,22,0,0,0,0,0,0
37,13,11,14,0,0,0,0,0,0
37,38,0,3,0,0,0,0,0,0
38,10,6,6,0,3,0,0,0,0
38,11,6,16,5,0,0,0,0,0
38,12,23,29,0,0,0,0,0,0
38,13,13,14,0,0,0,0,0,0
38,21,3,3,0,0,0,0,0,0
38,49,3,0,0,0,0,0,0,0
38,124,3,0,0,0,0,0,0,0
39,5,0,3,0,0,0,0,0,0
39,7,0,0,0,3,0,0,0,0
39,8,3,3,0,0,0,0,0,0
39,11,6,4,0,0,0,0,0,0
39,12,3,4,0,0,0,0,0,0
39,43,0,3,0,0,0,0,0,0
39,78,0,3,0,0,0,0,0,0
40,7,4,4,0,0,0,0,0,0
40,16,0,3,0,0,0,0,0,0
40,22,0,3,0,0,0,0,0,0
40,32,0,3,0,0,0,0,0,0
40,95,0,3,0,0,0,0,0,0
40,98,3,3,0,0,0,0,0,0
41,8,3,3,0,0,0,0,0,0
41,9,0,3,0,0,0,0,0,0
41,39,0,3,0,0,0,0,0,0
41,41,0,3,0,0,0,0,0,0
41,68,3,4,0,0,0,0,0,0
41,99,0,3,0,0,0,0,0,0
41,102,3,4,0,0,0,0,0,0
41,118,0,0,0,3,0,0,0,0
41,119,5,0,0,0,0,0,0,0
42,8,0,3,0,0,0,0,0,0
42,9,3,3,0,0,0,0,0,0
42,32,0,3,0,0,0,0,0,0
42,39,0,3,0,0,0,0,0,0
42,65,0,3,0,0,0,0,0,0
42,74,0,3,0,0,0,0,0,0
42,78,0,3,0,0,0,0,0,0
42,101,0,3,0,0,0,0,0,0
42,102,8,5,0,3,0,0,0,0
42,103,3,3,0,0,0,0,0,0
42,115,0,3,0,0,0,0,0,0
42,119,0,3,0,0,0,0,0,0
42,120,0,3,0,0,0,0,0,0
42,121,3,4,0,0,0,0,0,0
43,0,3,0,0,0,0,0,0,0
43,8,0,3,0,0,0,0,0,0
43,15,0,3,0,0,0,0,0,0
43,35,0,3,0,0,0,0,0,0
43,41,0,4,0,0,0,0,0,0
43,64,0,0,0,3,0,0,0,0
43,65,3,0,0,0,0,0,0,0
43,102,4,10,0,0,0,0,0,0
43,103,5,6,0,0,0,0,0,0
43,111,0,3,0,0,0,0,0,0
43,120,0,3,0,0,0,0,0,0
43,121,0,3,0,0,0,0,0,0
43,122,3,3,0,0,0,0,0,0
44,3,3,3,0,0,0,0,0,0
44,8,0,4,0,0,0,0,0,0
44,15,3,3,0,0,0,0,0,0
44,68,0,3,0,0,0,0,0,0
44,78,0,3,0,0,0,0,0,0
44,102,3,4,0,0,0,0,0,0
44,103,10,7,0,3,0,0,0,0
44,112,0,3,0,0,0,0,0,0
44,113,0,3,0,0,0,0,0,0
44,119,0,3,0,0,0,0,0,0
44,121,5,11,3,4,0,0,0,0
44,122,3,6,0,0,0,0,0,0
44,123,3,4,0,0,0,0,0,0
45,1,0,3,0,0,0,0,0,0
45,3,3,4,0,0,0,0,0,0
45,32,0,3,0,0,0,0,0,0
45,68,4,4,0,0,0,0,0,0
45,71,0,0,3,0,0,0,0,0
45,72,3,4,0,0,0,0,0,0
45,78,3,0,0,0,0,0,0,0
45,103,6,8,3,3,0,0,0,0
45,104,8,4,0,3,0,0,0,0
45,105,0,3,0,0,0,0,0,0
45,111,0,4,0,0,0,0,0,0
45,112,0,0,0,3,0,0,0,0
45,119,0,4,0,0,0,0,0,0
45,120,7,8,0,0,0,0,0,0
45,121,6,8,0,0,0,0,0,0
46,4,0,0,0,3,0,0,0,0
46,7,3,0,0,0,0,0,0,0
46,59,0,3,0,0,0,0,0,0
46,63,0,3,0,0,0,0,0,0
46,64,0,3,0,0,0,0,0,0
46,78,3,0,0,0,0,0,0,0
46,83,3,0,0,0,0,0,0,0
46,99,0,4,0,0,0,0,0,0
46,100,4,4,0,0,0,0,0,0
46,102,3,10,0,0,0,0,0,0
46,103,5,12,0,3,0,0,0,0
46,104,6,0,0,3,0,0,0,0
46,105,4,4,0,0,0,0,0,0
46,112,0,6,0,0,0,0,0,0
46,113,3,7,0,5,0,0,0,0
46,119,3,0,0,0,0,0,0,0
46,120,11,16,0,0,0,0,0,0
47,4,0,4,0,0,0,0,0,0
47,5,4,3,0,0,0,0,0,0
47,6,0,3,0,0,0,0,0,0
47,7,5,4,0,3,0,0,0,0
47,75,3,6,0,0,0,0,0,0
47,76,0,3,0,0,0,0,0,0
47,100,4,3,0,0,0,0,0,0
47,101,3,13,0,0,0,0,0,0
47,102,4,7,0,0,0,0,0,0
47,103,0,4,0,0,0,0,0,0
47,113,3,3,0,0,0,0,0,0
47,114,0,3,0,0,0,0,0,0
47,117,3,3,0,0,0,0,0,0
47,119,4,6,0,0,0,0,0,0
47,120,10,14,0,0,0,0,0,0
48,7,3,4,0,0,0,0,0,0
48,9,4,6,0,0,0,0,0,0
48,20,0,3,0,0,0,0,0,0
48,25,3,0,0,0,0,0,0,0
48,70,3,4,0,0,0,0,0,0
48,74,0,3,0,0,0,0,0,0
48,75,4,7,0,0,0,0,0,0
48,101,4,3,0,0,0,0,0,0
48,102,0,4,0,0,0,0,0,0
48,103,3,3,0,0,0,0,0,0
48,110,4,4,0,0,0,0,0,0
48,111,6,10,0,0,0,0,0,0
48,112,8,10,0,3,0,0,0,0
48,117,6,16,0,0,0,0,0,0
48,118,4,3,0,0,0,0,0,0
48,120,4,8,0,0,0,0,0,0
48,124,0,3,0,0,0,0,0,0
49,6,0,3,0,0,0,0,0,0
49,9,0,0,3,0,0,0,0,0
49,14,3,0,0,0,0,0,0,0
49,17,0,3,0,0,0,0,0,0
49,49,0,3,0,0,0,0,0,0
49,69,0,3,0,0,0,0,0,0
49,73,3,3,0,0,0,0,0,0
49,75,3,3,0,0,0,0,0,0
49,102,3,3,0,0,0,0,0,0
49,111,8,4,0,3,0,0,0,0
49,112,4,4,0,0,0,0,0,0
49,114,3,0,0,3,0,0,0,0
49,115,0,3,0,0,0,0,0,0
49,117,5,9,0,0,0,0,0,0
49,118,5,6,3,0,0,0,0,0
49,119,9,10,0,3,0,0,0,0
49,126,4,10,0,0,0,0,0,0
50,5,0,3,0,0,0,0,0,0
50,14,0,3,0,0,0,0,0,0
50,46,0,3,0,0,0,0,0,0
50,47,3,3,0,0,0,0,0,0
50,58,0,3,0,0,0,0,0,0
50,60,0,4,0,0,0,0,0,0
50,73,3,4,0,0,0,0,0,0
50,75,6,6,0,0,0,0,0,0
50,76,0,3,0,0,0,0,0,0
50,111,0,6,0,0,0,0,0,0
50,112,5,3,0,0,0,0,0,0
50,115,3,3,0,0,0,0,0,0
50,116,4,6,0,0,0,0,0,0
50,117,0,4,0,0,0,0,0,0
50,118,6,5,0,3,0,0,0,0
50,119,6,9,0,3,0,0,0,0
50,124,0,3,0,0,0,0,0,0
50,126,3,0,0,0,0,0,0,0
51,41,6,0,0,0,0,0,0,0
51,44,0,3,0,0,0,0,0,0
51,110,3,8,0,0,0,0,0,0
51,111,15,11,0,4,0,0,0,0
51,112,4,4,0,0,0,0,0,0
51,113,0,3,0,0,0,0,0,0
51,115,0,3,0,0,0,0,0,0
51,116,5,13,0,3,0,0,0,0
51,119,3,0,0,0,0,0,0,0
52,31,0,3,0,0,0,0,0,0
52,35,3,6,0,0,0,0,0,0
52,57,6,0,0,0,3,0,0,0
52,59,0,3,0,3,0,0,0,0
52,82,0,3,0,0,0,0,0,0
52,114,0,3,0,0,0,0,0,0
52,115,0,3,0,0,0,0,0,0
52,116,13,10,0,3,0,0,0,0
52,117,3,8,0,0,0,0,0,0
52,118,3,0,0,0,0,0,0,0
52,124,0,6,0,0,0,0,0,0
53,35,9,12,0,0,0,0,0,0
53,39,0,4,0,0,0,0,0,0
53,40,3,3,0,0,0,0,0,0
53,44,6,3,3,0,0,0,0,0
53,45,0,4,0,0,0,0,0,0
53,47,0,3,0,0,0,0,0,0
53,56,0,3,0,0,0,0,0,0
53,58,0,3,0,0,0,0,0,0
53,78,0,3,0,0,0,0,0,0
53,90,3,3,0,0,0,0,0,0
53,103,3,0,0,0,0,0,0,0
53,115,3,6,0,3,0,0,0,0
53,116,12,21,0,0,0,0,0,0
53,117,4,12,3,0,0,0,0,0
53,122,3,0,0,0,0,0,0,0
53,123,0,4,0,0,0,0,0,0
53,124,3,4,0,0,0,0,0,0
54,2,0,3,0,0,0,0,0,0
54,26,3,3,0,3,0,0,0,0
54,29,0,3,0,0,0,0,0,0
54,34,0,3,0,0,0,0,0,0
54,35,4,8,0,0,0,0,0,0
54,36,5,10,0,0,0,0,0,0
54,37,3,0,0,0,0,0,0,0
54,38,3,6,0,3,0,0,0,0
54,39,5,8,0,3,0,0,0,0
54,60,3,0,0,0,0,0,0,0
54,62,0,4,0,0,0,0,0,0
54,65,3,3,0,0,0,0,0,0
54,106,3,3,0,0,0,0,0,0
54,114,4,0,0,0,0,0,0,0
54,115,0,3,0,0,0,0,0,0
54,116,8,14,0,3,0,0,0,0
54,117,3,7,0,0,0,0,0,0
55,0,0,6,3,0,0,0,0,0
55,39,3,3,0,0,0,0,0,0
55,117,6,7,0,0,0,0,0,0
56,0,3,4,0,0,0,0,0,0
56,41,3,6,0,0,0,0,0,0
56,42,3,0,0,0,0,0,0,0
56,43,0,3,0,0,0,0,0,0
56,45,4,4,0,0,0,0,0,0
56,46,4,8,0,0,0,0,0,0
56,121,0,3,0,0,0,0,0,0
57,32,0,3,0,0,0,0,0,0
57,43,9,4,0,0,0,0,0,0
57,44,8,8,0,0,0,0,0,0
57,45,17,12,0,0,0,0,0,0
57,46,12,18,0,0,0,0,0,0
57,47,5,10,3,0,0,0,0,0
57,48,3,4,0,3,0,0,0,0
57,77,3,3,0,0,0,0,0,0
57,79,3,3,0,0,0,0,0,0
57,88,3,3,0,0,0,0,0,0
57,120,3,3,0,0,0,0,0,0
57,122,0,3,0,0,0,0,0,0
58,37,3,0,0,0,0,0,0,0
58,45,14,17,0,0,0,0,0,0
58,46,8,22,0,0,0,0,0,0
58,47,8,15,0,0,0,0,0,0
58,75,42,0,0,0,0,0,0,0
58,120,3,0,0,0,0,0,0,0
59,37,3,4,0,0,0,0,0,0
59,38,0,4,0,0,0,0,0,0
59,39,3,0,0,0,0,0,0,0
59,46,20,11,0,3,0,0,0,0
59,47,3,8,0,0,0,0,0,0
59,48,3,6,0,0,0,0,0,0
59,65,0,3,0,0,0,0,0,0
59,87,0,3,0,0,0,0,0,0
59,88,0,4,0,0,0,0,0,0
60,8,3,0,0,3,0,0,0,0
60,34,0,3,0,0,0,0,0,0
60,35,3,3,0,0,0,0,0,0
60,36,6,6,0,3,0,0,0,0
60,37,7,4,0,4,0,0,0,0
60,38,0,6,0,0,0,0,0,0
60,43,3,0,0,0,0,0,0,0
60,47,0,3,0,0,0,0,0,0
60,48,4,3,0,0,0,0,0,0
60,52,0,3,0,0,0,0,0,0
60,64,3,3,0,0,0,0,0,0
60,89,3,4,0,0,0,0,0,0
60,97,0,3,0,0,0,0,0,0
61,29,5,3,0,0,0,0,0,0
61,36,0,4,0,0,0,0,0,0
61,37,3,7,0,0,0,0,0,0
61,38,9,10,0,0,0,0,0,0
61,39,6,9,0,0,0,0,0,0
61,46,0,3,0,0,0,0,0,0
61,48,0,3,0,0,0,0,0,0
61,88,3,3,0,3,0,0,0,0
61,89,4,0,0,0,0,0,0,0
61,97,3,4,0,0,0,0,0,0
61,98,5,9,0,0,0,0,0,0
61,99,0,3,0,0,0,0,0,0
61,100,3,6,0,0,0,0,0,0
61,101,3,4,0,0,0,0,0,0
62,35,3,4,0,0,0,0,0,0
62,36,0,6,0,0,0,0,0,0
62,37,0,12,0,0,0,0,0,0
62,39,6,11,0,0,0,0,0,0
62,52,0,3,0,0,0,0,0,0
62,91,0,3,0,0,0,0,0,0
62,94,4,4,0,0,0,0,0,0
62,95,3,5,0,0,0,0,0,0
62,97,5,3,0,0,0,0,0,0
62,102,5,4,0,3,0,0,0,0
62,105,3,0,0,0,0,0,0,0
62,115,5,3,0,0,0,0,0,0
62,116,3,6,0,0,0,0,0,0
62,118,7,3,0,0,0,0,0,0
62,119,3,0,0,0,0,0,0,0
63,7,3,3,0,0,0,0,0,0
63,9,3,3,0,0,0,0,0,0
63,37,3,6,3,0,0,0,0,0
63,38,0,4,0,0,0,0,0,0
63,39,9,10,0,3,0,0,0,0
63,40,3,0,0,3,0,0,0,0
63,41,3,3,0,0,0,0,0,0
63,42,0,3,0,0,0,0,0,0
63,79,4,0,0,0,0,0,0,0
63,80,7,4,0,0,0,0,0,0
63,94,5,3,0,0,0,0,0,0
63,95,7,8,0,0,0,0,0,0
63,96,0,4,0,0,0,0,0,0
63,97,3,0,0,0,0,0,0,0
63,99,3,3,0,0,0,0,0,0
63,100,3,3,0,0,0,0,0,0
63,101,0,4,0,0,0,0,0,0
63,102,0,3,3,0,0,0,0,0
63,104,3,3,0,0,0,0,0,0
63,116,6,6,0,0,0,0,0,0
64,32,3,6,0,0,0,0,0,0
64,36,0,3,0,0,0,0,0,0
64,37,4,4,3,0,0,0,0,0
64,38,13,19,0,3,0,0,0,0
64,39,3,14,0,0,0,0,0,0
64,55,6,3,0,0,0,0,0,0
64,79,3,3,0,0,0,0,0,0
64,94,4,4,0,0,0,0,0,0
64,95,0,3,0,0,0,0,0,0
64,100,3,3,0,0,0,0,0,0
64,101,3,0,0,0,0,0,0,0
64,102,4,4,0,0,0,0,0,0
64,118,0,3,0,0,0,0,0,0
65,6,3,3,0,0,0,0,0,0
65,32,3,4,3,0,0,0,0,0
65,36,7,6,0,0,0,0,0,0
65,57,3,3,0,0,0,0,0,0
65,80,0,3,0,0,0,0,0,0
65,82,0,3,0,0,0,0,0,0
65,100,3,3,0,0,0,0,0,0
65,101,0,3,0,0,0,0,0,0
66,33,3,4,0,0,0,0,0,0
66,34,4,8,0,3,0,0,0,0
66,35,0,4,0,0,0,0,0,0
66,36,0,6,0,0,0,0,0,0
66,80,0,3,0,0,0,0,0,0
66,81,3,3,0,0,0,0,0,0
66,103,3,3,0,0,0,0,0,0
66,117,3,3,0,0,0,0,0,0
67,21,3,3,0,0,0,0,0,0
67,34,3,4,0,0,0,0,0,0
67,35,9,8,0,3,0,0,0,0
67,36,0,6,0,0,0,0,0,0
67,37,0,3,0,0,0,0,0,0
67,38,3,6,0,0,0,0,0,0
67,81,4,4,3,0,0,0,0,0
67,103,0,3,0,0,0,0,0,0
67,105,0,3,0,0,0,0,0,0
68,19,0,4,0,0,0,0,0,0
68,26,3,3,0,0,0,0,0,0
68,32,0,0,0,3,0,0,0,0
68,33,3,0,0,0,0,0,0,0
68,34,3,3,4,0,0,0,0,0
68,35,8,4,3,0,0,0,0,0
68,36,7,12,3,3,0,0,0,0
68,37,3,4,0,0,0,0,0,0
68,39,6,3,0,0,0,0,0,0
68,41,4,0,0,0,0,0,0,0
68,81,3,4,0,0,0,0,0,0
68,99,0,0,3,0,0,0,0,0
68,104,3,0,0,0,0,0,0,0
68,113,4,6,0,0,0,0,0,0
68,116,0,3,0,0,0,0,0,0
68,117,6,3,0,3,0,0,0,0
69,31,3,4,0,4,0,0,0,0
69,32,3,4,0,0,0,0,0,0
69,33,3,5,3,0,0,0,0,0
69,34,10,13,0,3,0,0,0,0
69,35,14,17,0,3,0,0,0,0
69,36,9,12,3,3,0,0,0,0
69,38,0,3,0,0,0,0,0,0
69,82,0,3,0,0,0,0,0,0
69,101,3,4,0,0,0,0,0,0
69,108,3,4,0,0,0,0,0,0
69,109,4,8,0,3,0,0,0,0
69,110,4,4,0,3,0,0,0,0
69,116,0,4,0,0,0,0,0,0
69,117,3,7,0,0,0,0,0,0
69,118,0,3,0,0,0,0,0,0
70,24,3,3,0,0,0,0,0,0
70,29,3,0,0,0,0,0,0,0
70,32,7,8,0,0,0,0,0,0
70,33,9,16,0,0,0,0,0,0
70,34,24,23,0,3,0,0,0,0
70,35,7,12,3,0,0,0,0,0
70,36,5,10,3,0,0,0,0,0
70,37,6,6,0,0,0,0,0,0
70,40,5,3,0,0,4,0,0,0
70,41,3,3,0,0,0,0,0,0
70,77,3,3,0,0,0,0,0,0
70,83,0,3,0,3,0,0,0,0
70,84,0,3,0,0,0,0,0,0
70,87,0,4,0,0,0,0,0,0
70,109,16,8,0,6,0,0,0,0
70,110,17,12,0,3,0,0,0,0
70,111,3,0,0,0,0,0,0,0
71,12,4,4,0,0,0,0,0,0
71,29,3,3,0,0,0,0,0,0
71,30,0,3,0,0,0,0,0,0
71,33,19,24,0,0,0,0,0,0
71,34,17,19,0,3,0,0,0,0
71,35,19,19,0,0,0,0,0,0
71,36,3,5,0,0,0,0,0,0
71,68,0,3,0,0,0,0,0,0
71,69,3,3,0,3,0,0,0,0
71,76,0,9,0,0,0,0,0,0
71,82,4,6,0,0,0,0,0,0
71,84,3,3,0,3,0,0,0,0
71,88,3,4,0,0,0,0,0,0
71,109,4,8,3,0,0,0,0,0
71,110,12,16,0,0,0,0,0,0
71,111,9,20,3,0,0,0,0,0
71,112,6,13,0,0,0,0,0,0
72,30,0,3,0,0,0,0,0,0
72,33,9,10,0,0,0,0,0,0
72,34,21,36,0,0,0,0,0,0
72,35,18,19,0,3,0,0,0,0
72,36,11,13,3,4,0,0,0,0
72,37,0,4,0,0,0,0,0,0
72,69,0,3,0,0,0,0,0,0
72,70,3,3,0,0,0,0,0,0
72,71,0,4,0,0,0,0,0,0
72,72,0,3,0,0,0,0,0,0
72,73,5,3,0,0,0,0,0,0
72,75,0,3,0,0,0,0,0,0
72,76,8,8,0,0,0,0,0,0
72,83,3,3,0,0,0,0,0,0
72,110,10,15,3,0,0,0,0,0
72,111,8,12,0,0,0,0,0,0
72,112,4,11,0,0,0,0,0,0
72,113,9,6,3,4,0,0,0,0
73,32,9,11,0,0,0,0,0,0
73,33,9,16,0,0,0,0,0,0
73,34,11,15,0,0,0,0,0,0
73,35,12,10,0,0,0,0,0,0
73,43,4,3,0,0,0,0,0,0
73,72,0,3,0,0,0,0,0,0
73,74,0,4,0,0,0,0,0,0
73,75,3,4,0,0,0,0,0,0
73,83,5,6,0,0,0,0,0,0
73,85,0,3,0,3,0,0,0,0
73,111,4,10,3,0,0,0,0,0
73,112,4,6,0,0,0,0,0,0
73,113,7,8,3,3,0,0,0,0
73,114,5,10,4,0,0,0,0,0
74,12,3,0,0,0,0,0,0,0
74,32,0,3,0,0,0,0,0,0
74,33,0,3,0,0,0,0,0,0
74,36,3,0,0,0,0,0,0,0
74,76,3,3,3,0,0,0,0,0
74,81,7,3,0,0,0,0,0,0
74,82,5,8,0,0,0,0,0,0
74,83,4,14,0,0,0,0,0,0
74,112,6,6,3,0,0,0,0,0
74,113,4,6,3,0,0,0,0,0
74,114,13,6,0,0,0,0,0,0
74,115,8,11,3,0,0,0,0,0
74,116,4,3,0,3,0,0,0,0
75,29,0,3,0,0,0,0,0,0
75,76,3,4,0,4,0,0,0,0
75,80,3,3,0,0,0,0,0,0
75,81,41,33,4,8,0,0,0,0
75,82,41,42,0,7,0,0,0,0
75,83,37,28,0,6,0,0,0,0
75,84,0,4,3,0,0,0,0,0
75,87,3,3,0,0,0,0,0,0
75,110,3,12,0,0,0,0,0,0
75,111,7,11,3,0,0,0,0,0
75,113,6,10,0,3,0,0,0,0
75,114,3,10,0,0,0,0,0,0
75,115,5,12,0,0,0,0,0,0
75,116,11,12,3,0,0,0,0,0
76,2,3,0,0,0,0,0,0,0
76,3,3,4,0,0,0,0,0,0
76,19,3,4,0,0,0,0,0,0
76,36,0,3,0,0,0,0,0,0
76,72,0,3,0,0,0,0,0,0
76,76,0,4,0,3,0,0,0,0
76,77,5,11,0,0,0,0,0,0
76,81,39,39,0,6,0,0,0,0
76,82,23,28,5,0,0,0,0,0
76,83,24,28,0,6,0,0,0,0
76,84,4,3,0,0,0,0,0,0
76,87,0,3,0,0,0,0,0,0
76,110,6,16,3,0,0,0,0,0
76,111,3,12,0,0,0,0,0,0
76,112,5,5,0,4,0,0,0,0
76,113,4,4,3,0,0,0,0,0
76,114,10,12,3,3,0,0,0,0
76,115,15,17,4,0,0,0,0,0
76,116,8,12,0,0,0,0,0,0
76,117,18,20,0,0,0,0,0,0
77,36,3,4,0,0,0,0,0,0
77,77,3,6,3,0,0,0,0,0
77,81,22,13,0,4,0,0,0,0
77,82,62,31,0,11,0,0,0,0
77,83,22,27,0,3,0,0,0,0
77,89,0,3,0,0,0,0,0,0
77,110,4,12,0,3,0,0,0,0
77,111,13,14,3,0,3,0,0,0
77,112,9,10,0,7,0,0,0,0
77,113,12,14,3,0,0,0,0,0
77,114,7,10,3,0,0,0,0,0
77,115,13,18,0,3,0,0,0,0
77,116,12,20,0,0,0,0,0,0
77,117,3,8,0,0,0,0,0,0
78,2,0,3,0,0,0,0,0,0
78,77,20,12,3,3,0,0,0,0
78,78,6,4,0,3,0,0,0,0
78,81,4,7,0,5,0,0,0,0
78,82,26,24,3,9,0,0,0,0
78,83,46,34,3,9,0,0,0,0
78,84,5,8,0,0,0,0,0,0
78,88,3,0,0,0,0,0,0,0
78,110,5,4,0,0,0,0,0,0
78,111,23,28,0,3,0,0,0,0
78,112,15,20,0,4,0,0,0,0
78,113,7,11,0,0,0,0,0,0
78,114,11,14,0,3,0,0,0,0
79,2,0,3,0,0,0,0,0,0
79,56,3,4,0,0,0,0,0,0
79,78,16,13,3,0,0,0,0,0
79,79,7,18,0,0,0,0,0,0
79,80,8,16,0,3,0,0,0,0
79,81,4,20,0,0,0,0,0,0
79,82,20,28,0,0,0,0,0,0
79,83,23,18,0,3,0,0,0,0
79,84,7,17,0,3,0,0,0,0
79,110,6,4,0,0,0,0,0,0
79,111,4,7,0,0,0,0,0,0
79,112,4,4,0,0,0,0,0,0
79,120,4,5,0,0,0,0,0,0
79,121,7,3,0,0,0,0,0,0
79,122,0,3,0,0,0,0,0,0
80,51,3,3,0,0,0,0,0,0
80,55,0,3,0,0,0,0,0,0
80,78,3,3,0,0,0,0,0,0
80,79,10,10,0,4,0,0,0,0
80,80,9,21,0,3,3,0,0,0
80,81,13,30,0,0,0,0,0,0
80,82,7,12,3,4,0,0,0,0
80,83,6,8,0,0,0,0,0,0
80,84,4,4,0,0,0,0,0,0
80,87,3,3,0,0,0,0,0,0
80,111,12,10,0,0,0,0,0,0
80,112,25,27,0,4,0,0,0,0
80,122,11,5,0,0,0,0,0,0
80,123,0,3,0,0,0,0,0,0
81,2,3,3,0,0,0,0,0,0
81,17,0,3,0,0,0,0,0,0
81,47,3,3,0,0,0,0,0,0
81,53,4,8,0,0,0,0,0,0
81,56,0,3,0,0,0,0,0,0
81,57,0,3,0,0,0,0,0,0
81,80,4,4,3,0,0,0,0,0
81,81,5,4,0,3,0,0,0,0
81,110,6,8,0,3,0,0,0,0
81,111,10,12,0,3,0,0,0,0
81,112,21,24,0,3,0,0,0,0
81,113,3,3,0,0,0,0,0,0
81,118,7,9,0,3,0,0,0,0
81,121,5,4,0,0,0,0,0,0
81,122,9,10,0,0,0,0,0,0
81,123,13,16,0,0,0,0,0,0
81,127,5,6,0,0,0,0,0,0
82,18,3,3,0,0,0,0,0,0
82,32,3,3,0,0,0,0,0,0
82,37,0,3,0,0,0,0,0,0
82,56,0,3,0,0,0,0,0,0
82,69,3,3,0,0,0,0,0,0
82,70,3,4,0,0,0,0,0,0
82,71,3,3,0,0,0,0,0,0
82,73,3,3,0,0,0,0,0,0
82,74,0,3,0,0,0,0,0,0
82,75,11,14,0,0,0,0,0,0
82,76,0,3,0,0,0,0,0,0
82,77,3,3,0,0,0,0,0,0
82,78,12,10,3,3,0,0,0,0
82,79,23,18,3,3,0,0,0,0
82,80,27,17,3,11,0,0,0,0
82,81,6,8,3,3,0,0,0,0
82,82,9,6,0,3,0,0,0,0
82,83,0,3,3,0,0,0,0,0
82,84,16,16,3,5,0,0,0,0
82,85,6,6,3,3,0,0,0,0
82,86,26,19,3,9,0,0,0,0
82,87,0,17,0,0,0,0,0,0
82,88,14,11,0,4,0,0,0,0
82,89,10,13,5,3,0,0,0,0
82,90,13,23,4,0,0,0,0,0
82,91,29,32,3,9,0,0,0,0
82,111,19,11,3,3,0,0,0,0
82,112,3,4,0,0,0,0,0,0
82,113,10,8,0,0,0,0,0,0
82,117,0,3,0,0,0,0,0,0
82,118,5,4,3,0,0,0,0,0
82,119,6,8,0,0,0,0,0,0
82,120,6,12,0,0,0,0,0,0
82,122,0,3,0,0,0,0,0,0
82,124,0,6,0,0,0,0,0,0
82,125,3,4,0,0,0,0,0,0
82,126,12,6,0,3,0,0,0,0
82,127,3,6,0,0,0,0,0,0
83,2,3,0,0,0,0,0,0,0
83,30,0,4,0,0,0,0,0,0
83,64,3,3,0,0,0,0,0,0
83,70,9,12,0,0,0,0,0,0
83,71,10,4,0,3,0,0,0,0
83,72,8,8,0,0,0,0,0,0
83,73,10,6,0,4,0,0,0,0
83,74,4,6,0,0,0,0,0,0
83,75,6,16,0,0,0,0,0,0
83,76,18,11,3,4,0,0,0,0
83,77,7,13,3,0,0,0,0,0
83,78,4,10,3,0,0,0,0,0
83,79,8,13,0,3,0,0,0,0
83,80,7,24,4,3,0,0,0,0
83,81,5,16,4,0,0,0,0,0
83,82,16,13,3,3,0,0,0,0
83,84,45,27,0,5,0,0,0,0
83,85,7,12,3,3,0,0,0,0
83,86,15,12,0,3,0,0,0,0
83,87,13,12,5,3,0,0,0,0
83,88,16,12,4,4,0,0,0,0
83,89,4,16,0,0,0,0,0,0
83,90,13,23,3,3,0,0,0,0
83,91,24,27,0,9,0,0,0,0
83,92,24,32,7,4,0,0,0,0
83,93,4,5,0,0,0,0,0,0
83,109,0,3,0,0,0,0,0,0
83,111,5,10,0,0,0,0,0,0
83,112,16,20,0,4,0,0,0,0
83,113,9,18,0,0,0,0,0,0
83,114,6,20,0,3,0,0,0,0
83,116,0,3,0,0,0,0,0,0
83,117,3,12,3,0,0,0,0,0
83,118,11,10,0,0,0,0,0,0
83,119,6,4,0,0,0,0,0,0
83,124,3,4,0,0,0,0,0,0
83,125,16,11,0,3,0,0,0,0
84,50,0,3,0,0,0,0,0,0
84,51,4,4,0,0,0,0,0,0
84,69,3,12,0,0,0,0,0,0
84,70,3,17,3,0,0,0,0,0
84,71,4,10,0,0,0,0,0,0
84,72,10,19,0,3,0,0,0,0
84,73,10,18,3,0,0,0,0,0
84,74,16,20,3,5,0,0,0,0
84,75,9,20,3,0,0,0,0,0
84,76,10,20,0,3,0,0,0,0
84,77,12,13,3,4,0,0,0,0
84,78,18,19,3,0,0,0,0,0
84,79,8,10,3,3,0,0,0,0
84,80,8,23,9,4,0,0,0,0
84,81,13,21,6,3,0,0,0,0
84,82,13,7,3,0,0,0,0,0
84,83,24,27,3,4,0,0,0,0
84,84,12,5,3,3,0,0,0,0
84,85,7,7,5,5,3,0,0,0
84,86,4,4,0,0,0,0,0,0
84,87,21,32,3,3,0,0,0,0
84,88,12,19,3,3,0,0,0,0
84,89,10,11,5,5,0,0,0,0
84,90,13,20,3,3,0,0,0,0
84,91,21,34,0,0,0,0,0,0
84,92,15,28,0,0,0,0,0,0
84,93,8,12,3,0,0,0,0,0
84,105,0,3,0,0,0,0,0,0
84,108,0,4,0,0,0,0,0,0
84,114,3,5,0,3,0,0,0,0
84,115,6,12,5,3,0,0,0,0
84,116,7,14,0,0,0,0,0,0
84,117,17,22,0,3,0,0,0,0
84,118,6,8,0,0,0,0,0,0
84,123,3,6,0,0,0,0,0,0
84,124,5,6,0,0,0,0,0,0
84,125,3,8,0,0,0,0,0,0
84,127,3,3,0,0,0,0,0,0
85,28,4,4,3,0,0,0,0,0
85,32,3,4,0,0,0,0,0,0
85,50,0,6,0,0,0,0,0,0
85,51,3,0,0,0,0,0,0,0
85,55,3,3,0,0,0,0,0,0
85,69,15,17,0,0,0,0,0,0
85,70,15,19,0,0,0,0,0,0
85,71,17,19,0,0,0,0,0,0
85,72,27,16,0,6,0,0,0,0
85,73,20,20,0,3,0,0,0,0
85,74,12,14,3,3,0,0,0,0
85,75,12,17,5,5,0,0,0,0
85,76,16,11,3,8,0,0,0,0
85,77,15,16,4,3,0,0,0,0
85,78,12,12,5,3,0,0,0,0
85,79,16,23,4,3,0,0,0,0
85,80,14,12,0,0,0,0,0,0
85,83,23,17,3,3,0,0,0,0
85,84,29,6,4,4,0,0,0,0
85,85,19,18,3,6,0,0,0,0
85,86,46,41,8,8,0,0,0,0
85,87,35,27,5,5,0,0,0,0
85,88,10,13,0,3,0,0,0,0
85,89,6,18,3,3,0,0,0,0
85,90,21,32,3,4,0,0,0,0
85,91,19,30,0,6,0,0,0,0
85,92,38,40,0,0,0,0,0,0
85,93,5,10,0,0,0,0,0,0
85,100,3,4,0,0,0,0,0,0
85,104,3,3,0,0,0,0,0,0
85,106,3,3,0,0,0,0,0,0
85,107,0,3,0,0,0,0,0,0
85,108,0,3,0,0,0,0,0,0
85,109,3,3,0,0,0,0,0,0
85,110,3,8,0,0,0,0,0,0
85,111,10,16,0,0,0,0,0,0
85,112,7,7,0,0,0,0,0,0
85,115,0,4,0,0,0,0,0,0
85,117,0,4,0,0,0,0,0,0
85,118,8,17,3,4,0,0,0,0
85,119,6,7,0,3,0,0,0,0
85,121,11,6,0,0,3,0,0,0
85,122,11,16,0,0,0,0,0,0
85,123,0,4,0,0,0,0,0,0
85,127,3,3,0,0,0,0,0,0
86,2,0,6,0,0,0,0,0,0
86,3,6,6,0,0,0,0,0,0
86,50,0,3,0,0,0,0,0,0
86,51,3,6,0,0,0,0,0,0
86,53,0,6,0,0,0,0,0,0
86,54,3,8,0,0,0,0,0,0
86,65,0,3,0,0,0,0,0,0
86,66,0,3,0,0,0,0,0,0
86,69,15,20,0,0,0,0,0,0
86,70,9,8,0,0,0,0,0,0
86,71,14,24,3,4,0,0,0,0
86,72,15,34,4,0,0,0,0,0
86,73,12,9,5,5,0,0,0,0
86,74,12,17,0,0,0,0,0,0
86,75,16,19,3,0,0,0,0,0
86,76,10,15,6,5,0,0,0,0
86,77,12,18,3,3,0,0,0,0
86,78,3,26,0,0,0,0,0,0
86,79,14,21,0,0,0,0,0,0
86,80,8,16,3,3,0,0,0,0
86,81,0,4,0,0,0,0,0,0
86,82,17,21,6,3,0,0,0,0
86,83,20,22,6,4,0,0,0,0
86,84,12,18,3,3,0,0,0,0
86,85,12,11,0,3,0,0,0,0
86,86,16,20,4,0,0,0,0,0
86,87,8,12,0,3,0,0,0,0
86,88,4,6,3,0,0,0,0,0
86,89,7,20,0,0,0,0,0,0
86,90,23,23,3,4,0,0,0,0
86,91,18,21,3,9,0,0,0,0
86,101,3,0,0,0,0,0,0,0
86,102,0,3,0,0,0,0,0,0
86,103,3,3,0,0,0,0,0,0
86,104,0,3,0,0,0,0,0,0
86,105,3,4,0,0,0,0,0,0
86,106,0,3,0,0,0,0,0,0
86,110,0,3,0,0,0,0,0,0
86,111,3,3,0,0,0,0,0,0
86,112,4,3,0,0,0,0,0,0
86,119,16,6,3,0,0,0,0,0
86,120,3,6,0,0,0,0,0,0
86,121,3,7,0,0,0,0,0,0
86,122,0,3,0,0,0,0,0,0
87,2,8,4,0,0,0,0,0,0
87,52,0,3,0,0,0,0,0,0
87,53,3,0,0,0,0,0,0,0
87,66,0,3,0,0,0,0,0,0
87,69,7,11,6,3,0,0,0,0
87,70,14,20,0,0,0,0,0,0
87,71,9,24,3,0,0,0,0,0
87,72,17,28,7,14,0,0,0,0
87,73,11,9,12,7,0,0,0,0
87,74,6,4,4,3,0,0,0,0
87,75,0,4,0,0,0,0,0,0
87,76,0,3,0,0,0,0,0,0
87,80,5,4,0,0,0,0,0,0
87,81,6,16,3,0,0,0,0,0
87,82,5,6,3,0,0,0,0,0
87,83,26,17,7,6,0,0,0,0
87,84,18,14,4,3,0,0,0,0
87,85,19,19,7,7,0,0,0,0
87,86,4,6,6,3,0,0,0,0
87,87,21,25,0,5,0,0,0,0
87,88,4,12,0,0,0,0,0,0
87,89,12,21,3,3,0,0,0,0
87,90,35,43,3,4,0,0,0,0
87,91,27,24,3,4,0,0,0,0
87,92,0,4,0,0,0,0,0,0
87,102,8,0,0,0,0,0,0,0
87,103,3,4,0,0,0,0,0,0
87,104,3,4,0,0,0,0,0,0
87,119,5,4,3,3,0,0,0,0
87,120,5,8,0,0,0,0,0,0
87,122,0,3,0,0,0,0,0,0
87,124,3,4,0,0,0,0,0,0
87,125,0,3,0,0,0,0,0,0
88,2,6,16,0,0,0,0,0,0
88,3,3,0,0,0,0,0,0,0
88,17,4,0,0,0,0,0,0,0
88,33,0,3,0,0,0,0,0,0
88,36,3,4,0,0,0,0,0,0
88,69,4,16,4,0,0,0,0,0
88,70,4,12,3,0,0,0,0,0
88,71,31,25,3,4,0,0,0,0
88,72,28,26,3,5,3,0,0,0
88,73,12,20,3,3,0,0,0,0
88,74,4,10,0,0,0,0,0,0
88,82,0,0,3,0,0,0,0,0
88,83,3,3,3,0,0,0,0,0
88,84,4,8,0,0,0,0,0,0
88,85,9,14,3,0,0,0,0,0
88,86,12,22,3,3,0,0,0,0
88,87,19,19,3,3,0,0,0,0
88,88,11,14,3,0,0,0,0,0
88,89,4,9,4,0,0,0,0,0
88,90,8,4,0,3,0,0,0,0
88,119,3,3,4,0,0,0,0,0
88,120,3,4,3,0,0,0,0,0
88,122,0,3,0,0,0,0,0,0
89,2,8,12,3,3,0,0,0,0
89,3,0,3,0,0,0,0,0,0
89,68,0,3,0,0,0,0,0,0
89,69,0,3,0,0,0,0,0,0
89,72,70,64,9,10,0,0,0,0
89,73,12,36,0,0,0,0,0,0
89,74,12,8,0,3,0,0,0,0
89,75,3,3,0,0,0,0,0,0
89,82,21,22,17,5,0,0,0,0
89,83,7,6,0,0,0,0,0,0
89,84,9,3,3,4,0,0,0,0
89,85,13,29,4,3,0,0,0,0
89,86,19,20,3,3,0,0,0,0
89,87,13,23,3,3,0,0,0,0
89,88,7,11,3,0,0,0,0,0
89,89,3,0,0,0,0,0,0,0
89,103,0,3,0,0,0,0,0,0
89,104,5,10,3,0,0,0,0,0
89,105,0,6,0,0,0,0,0,0
89,119,0,3,0,0,0,0,0,0
89,123,3,0,0,0,0,0,0,0
89,124,3,0,0,3,0,0,0,0
90,1,0,3,0,0,0,0,0,0
90,2,3,4,0,0,0,0,0,0
90,35,0,3,0,0,0,0,0,0
90,36,0,7,0,0,0,0,0,0
90,46,3,0,0,0,0,0,0,0
90,61,0,3,0,0,0,0,0,0
90,72,18,7,3,4,0,0,0,0
90,73,51,31,5,7,0,0,0,0
90,74,16,23,4,0,0,0,0,0
90,75,4,3,0,0,0,0,0,0
90,81,0,7,0,0,0,0,0,0
90,82,14,23,3,3,0,0,0,0
90,84,7,25,5,3,0,0,0,0
90,85,11,15,0,3,0,0,0,0
90,86,8,22,0,0,0,0,0,0
90,87,9,15,4,3,0,0,0,0
90,88,3,8,3,0,0,0,0,0
90,95,6,6,0,4,0,0,0,0
90,97,0,4,0,0,0,0,0,0
90,98,3,6,0,0,0,0,0,0
90,103,3,16,3,3,0,0,0,0
90,104,5,21,4,0,0,0,0,0
90,105,9,15,3,3,0,0,0,0
90,106,8,8,0,0,0,0,0,0
90,107,6,8,0,0,0,0,0,0
90,112,0,3,0,0,0,0,0,0
90,127,0,3,0,0,0,0,0,0
91,6,0,4,0,0,0,0,0,0
91,7,3,3,0,0,0,0,0,0
91,18,0,3,0,0,0,0,0,0
91,35,3,4,0,0,0,0,0,0
91,36,5,11,0,0,0,0,0,0
91,62,3,3,0,0,0,0,0,0
91,74,5,4,0,0,0,0,0,0
91,75,8,3,0,0,0,0,0,0
91,76,8,13,3,0,0,0,0,0
91,77,24,19,0,5,0,0,0,0
91,78,8,9,0,4,0,0,0,0
91,79,3,4,0,0,0,0,0,0
91,80,4,4,0,0,0,0,0,0
91,81,3,12,3,3,0,0,0,0
91,86,5,10,0,0,0,0,0,0
91,87,9,14,0,0,0,0,0,0
91,88,0,6,0,0,0,0,0,0
91,94,3,3,0,0,0,0,0,0
91,95,4,8,0,0,0,0,0,0
91,97,3,0,0,0,0,0,0,0
91,102,12,13,69,4,0,0,0,0
91,103,8,10,0,0,0,0,0,0
91,104,8,16,0,0,0,0,0,0
91,105,4,18,0,0,0,0,0,0
91,106,0,3,0,0,0,0,0,0
91,107,15,10,3,3,0,0,0,0
91,108,0,3,0,0,0,0,0,0
91,109,4,10,0,0,0,0,0,0
91,110,0,10,0,0,0,0,0,0
91,111,4,6,3,0,0,0,0,0
91,112,4,9,0,0,0,0,0,0
91,126,3,4,0,0,0,0,0,0
92,1,0,3,0,0,0,0,0,0
92,2,6,8,0,0,0,0,0,0
92,26,3,3,0,0,0,0,0,0
92,36,5,4,0,3,0,0,0,0
92,37,3,4,0,0,0,0,0,0
92,76,3,18,0,3,0,0,0,0
92,81,0,4,0,0,0,0,0,0
92,82,13,8,0,0,0,0,0,0
92,83,11,3,0,0,0,0,0,0
92,84,3,0,0,0,0,0,0,0
92,86,10,14,4,6,0,0,0,0
92,87,6,10,0,0,0,0,0,0
92,94,0,0,0,3,0,0,0,0
92,105,3,3,3,0,0,0,0,0
92,106,6,7,3,3,0,0,0,0
92,107,11,13,0,5,0,0,0,0
92,108,0,6,0,0,0,0,0,0
92,109,24,22,0,5,0,0,0,0
92,110,8,9,0,3,0,0,0,0
92,111,3,0,0,0,0,0,0,0
92,112,16,4,21,8,0,0,0,0
92,113,3,5,0,0,0,0,0,0
92,118,3,0,0,0,0,0,0,0
92,119,5,3,3,0,0,0,0,0
93,0,10,11,0,0,0,0,0,0
93,1,5,6,0,0,0,0,0,0
93,2,3,3,3,0,0,0,0,0
93,3,13,6,3,3,0,0,0,0
93,4,5,7,0,0,0,0,0,0
93,9,0,3,0,0,0,0,0,0
93,11,0,3,0,0,0,0,0,0
93,19,0,3,0,0,0,0,0,0
93,24,0,3,0,0,0,0,0,0
93,26,3,3,0,0,0,0,0,0
93,27,0,3,0,0,0,0,0,0
93,28,0,3,0,0,0,0,0,0
93,29,3,4,0,0,0,0,0,0
93,36,5,10,0,3,0,0,0,0
93,37,6,10,0,0,0,0,0,0
93,38,3,4,0,0,0,0,0,0
93,40,0,3,0,0,0,0,0,0
93,46,4,8,0,0,0,0,0,0
93,70,0,3,0,0,0,0,0,0
93,81,7,8,0,0,0,0,0,0
93,82,3,3,0,0,0,0,0,0
93,83,14,14,3,0,0,0,0,0
93,84,5,10,3,3,0,0,0,0
93,85,16,21,5,5,0,0,0,0
93,86,16,25,0,0,0,0,0,0
93,87,6,8,0,0,0,0,0,0
93,88,10,8,3,3,0,0,0,0
93,89,3,0,0,0,0,0,0,0
93,90,21,11,0,3,0,0,0,0
93,94,0,3,0,0,0,0,0,0
93,104,0,4,0,0,0,0,0,0
93,105,4,8,3,0,0,0,0,0
93,106,10,20,0,0,0,0,0,0
93,107,15,24,3,0,0,0,0,0
93,108,6,15,0,0,0,0,0,0
93,109,5,17,0,0,0,0,0,0
93,111,6,3,0,0,0,0,0,0
93,113,4,6,3,0,0,0,0,0
93,117,5,11,4,0,0,0,0,0
93,118,12,16,0,0,0,0,0,0
93,119,22,20,0,3,0,0,0,0
93,120,10,6,0,3,0,0,0,0
94,0,8,7,0,3,0,0,0,0
94,1,8,22,0,3,0,0,0,0
94,2,5,16,0,0,0,0,0,0
94,3,7,16,0,0,0,0,0,0
94,4,17,16,0,0,0,0,0,0
94,8,0,3,0,0,0,0,0,0
94,12,0,3,0,0,0,0,0,0
94,21,4,3,0,0,0,0,0,0
94,27,6,3,0,0,0,0,0,0
94,34,3,3,0,0,0,0,0,0
94,35,7,12,0,0,0,0,0,0
94,36,0,6,0,0,0,0,0,0
94,37,3,12,0,3,0,0,0,0
94,38,6,10,0,3,0,0,0,0
94,39,0,3,0,0,0,0,0,0
94,80,3,4,0,3,0,0,0,0
94,81,4,3,0,0,0,0,0,0
94,82,4,4,0,0,0,0,0,0
94,83,11,15,3,3,0,0,0,0
94,84,7,14,0,0,0,0,0,0
94,85,5,21,6,4,0,0,0,0
94,86,8,11,0,0,0,0,0,0
94,87,10,8,0,0,0,0,0,0
94,104,3,3,0,0,0,0,0,0
94,105,0,6,0,0,0,0,0,0
94,106,11,15,0,0,0,0,0,0
94,107,12,18,0,0,0,0,0,0
94,108,19,26,0,0,0,0,0,0
94,109,5,10,0,0,0,0,0,0
94,111,14,7,0,7,3,0,0,0
94,112,12,11,0,5,0,0,0,0
94,113,18,6,0,3,0,0,0,0
94,114,12,12,3,3,0,0,0,0
94,115,7,5,0,0,0,0,0,0
94,116,4,12,0,0,0,0,0,0
94,117,4,12,3,0,0,0,0,0
94,118,9,18,5,0,0,0,0,0
94,119,27,24,0,3,0,0,0,0
94,120,4,4,0,0,0,0,0,0
94,124,0,3,0,0,0,0,0,0
95,0,13,20,0,0,0,0,0,0
95,1,6,14,0,0,0,0,0,0
95,2,5,10,0,0,0,0,0,0
95,3,3,4,0,0,0,0,0,0
95,4,7,10,0,0,0,0,0,0
95,5,3,0,0,0,0,0,0,0
95,43,0,3,0,0,0,0,0,0
95,72,0,3,0,0,0,0,0,0
95,73,11,11,0,5,0,0,0,0
95,74,10,12,0,3,0,0,0,0
95,75,0,8,0,0,0,0,0,0
95,76,3,4,0,0,0,0,0,0
95,77,8,13,3,3,0,0,0,0
95,78,20,10,4,6,0,0,0,0
95,79,3,4,3,0,0,0,0,0
95,80,7,4,3,5,0,0,0,0
95,81,11,7,0,4,0,0,0,0
95,82,11,14,22,5,0,0,0,0
95,83,15,14,3,0,0,0,0,0
95,84,8,14,4,0,0,0,0,0
95,85,19,16,0,0,0,0,0,0
95,86,3,13,47,6,0,0,0,0
95,105,5,14,3,0,0,0,0,0
95,106,8,20,0,3,0,0,0,0
95,107,14,28,0,0,0,0,0,0
95,108,21,29,0,3,0,0,0,0
95,109,3,8,0,0,0,0,0,0
95,111,3,6,0,0,0,0,0,0
95,112,3,10,0,0,0,0,0,0
95,113,11,15,3,0,0,0,0,0
95,114,6,4,0,3,0,0,0,0
95,115,6,14,4,0,0,0,0,0
95,116,7,12,3,0,0,0,0,0
95,117,10,12,0,4,0,0,0,0
95,118,13,15,0,0,0,0,0,0
95,119,14,20,0,3,0,0,0,0
96,0,4,7,0,0,0,0,0,0
96,1,0,0,3,3,0,0,0,0
96,25,0,4,0,0,0,0,0,0
96,39,5,3,0,3,0,0,0,0
96,60,0,3,0,0,0,0,0,0
96,63,0,3,0,0,0,0,0,0
96,64,4,8,0,0,0,0,0,0
96,65,0,3,0,0,0,0,0,0
96,71,4,7,0,3,0,0,0,0
96,72,18,19,3,5,0,0,0,0
96,73,30,40,3,3,0,0,0,0
96,74,13,19,0,3,0,0,0,0
96,75,5,16,3,3,0,0,0,0
96,76,27,44,8,7,0,0,0,0
96,77,0,10,0,0,0,0,0,0
96,78,9,3,3,0,0,0,0,0
96,80,4,5,0,0,0,0,0,0
96,81,9,10,0,3,0,0,0,0
96,82,8,16,7,0,0,0,0,0
96,83,7,10,0,0,0,0,0,0
96,84,10,19,3,3,0,0,0,0
96,85,8,8,3,0,0,0,0,0
96,86,5,12,3,0,0,0,0,0
96,105,5,13,3,0,0,0,0,0
96,106,3,11,0,0,0,0,0,0
96,107,18,29,0,0,0,0,0,0
96,108,25,31,3,0,0,0,0,0
96,109,3,12,0,0,0,0,0,0
96,110,3,4,0,0,0,0,0,0
96,113,3,3,0,0,0,0,0,0
96,114,0,4,0,0,0,0,0,0
96,115,9,16,4,0,0,0,0,0
96,116,18,9,0,3,0,0,0,0
96,117,18,18,3,0,0,0,0,0
96,118,8,14,0,3,0,0,0,0
96,119,24,20,0,0,0,0,0,0
96,120,12,20,0,0,0,0,0,0
96,121,8,5,0,0,0,0,0,0
96,122,3,3,0,0,0,0,0,0
97,0,3,3,0,0,0,0,0,0
97,2,0,3,0,0,0,0,0,0
97,22,3,0,0,0,0,0,0,0
97,27,0,3,0,0,0,0,0,0
97,35,0,4,0,0,0,0,0,0
97,36,3,3,0,0,0,0,0,0
97,57,0,3,0,0,0,0,0,0
97,65,6,4,0,0,0,0,0,0
97,66,3,4,0,0,0,0,0,0
97,69,3,8,0,0,0,0,0,0
97,70,3,12,0,0,0,0,0,0
97,71,5,3,3,0,0,0,0,0
97,72,3,6,0,0,0,0,0,0
97,73,14,20,0,0,0,0,0,0
97,74,16,21,3,5,0,0,0,0
97,75,4,20,3,4,0,0,0,0
97,76,10,3,0,3,0,0,0,0
97,77,8,9,3,0,0,0,0,0
97,80,12,16,0,5,0,0,0,0
97,81,20,19,3,4,0,0,0,0
97,82,19,24,6,6,0,0,0,0
97,83,9,9,7,3,0,0,0,0
97,84,6,12,0,0,0,0,0,0
97,85,6,13,0,0,0,0,0,0
97,86,3,3,0,0,0,0,0,0
97,106,0,4,0,0,0,0,0,0
97,107,6,20,3,0,0,0,0,0
97,108,24,30,3,3,0,0,0,0
97,109,8,18,0,3,0,0,0,0
97,110,5,8,0,0,0,0,0,0
97,113,13,14,0,3,0,0,0,0
97,114,12,17,0,0,0,0,0,0
97,115,0,15,3,0,0,0,0,0
97,116,8,26,0,0,0,0,0,0
97,117,8,17,0,3,0,0,0,0
97,118,10,5,5,0,0,0,0,0
97,119,10,10,0,3,0,0,0,0
97,125,3,3,0,0,0,0,0,0
97,126,0,3,0,0,0,0,0,0
98,0,3,4,0,0,0,0,0,0
98,1,4,3,0,0,0,0,0,0
98,22,3,3,0,0,0,0,0,0
98,29,0,3,0,0,0,0,0,0
98,36,0,3,0,0,0,0,0,0
98,71,6,8,0,0,0,0,0,0
98,72,6,12,0,0,0,0,0,0
98,73,6,4,0,0,0,0,0,0
98,74,22,37,3,3,0,0,0,0
98,75,12,8,0,7,0,0,0,0
98,76,3,4,0,0,0,0,0,0
98,80,5,16,6,3,0,0,0,0
98,81,41,22,10,10,0,0,0,0
98,82,3,10,4,0,0,0,0,0
98,83,4,18,3,0,0,0,0,0
98,84,16,16,3,0,0,0,0,0
98,85,3,4,0,3,0,0,0,0
98,110,3,3,3,0,0,0,0,0
98,113,0,6,0,0,0,0,0,0
98,114,9,11,4,5,0,0,0,0
98,115,9,18,3,3,0,0,0,0
98,116,9,20,0,5,0,0,0,0
98,117,3,4,0,0,0,0,0,0
98,118,12,6,3,5,0,0,0,0
98,119,11,8,0,0,0,0,0,0
98,126,0,3,0,0,0,0,0,0
99,0,5,8,3,0,0,0,0,0
99,1,0,3,0,0,0,0,0,0
99,2,0,3,0,0,0,0,0,0
99,19,3,3,0,0,0,0,0,0
99,21,0,3,0,0,0,0,0,0
99,34,0,3,0,0,0,0,0,0
99,37,3,4,0,0,0,0,0,0
99,52,0,3,0,0,0,0,0,0
99,54,3,3,0,0,0,0,0,0
99,71,3,0,0,0,0,0,0,0
99,72,9,13,0,0,0,0,0,0
99,73,3,4,0,0,0,0,0,0
99,74,0,3,0,0,0,0,0,0
99,80,0,4,0,0,0,0,0,0
99,81,12,17,5,3,0,0,0,0
99,82,38,30,0,8,0,0,0,0
99,83,10,7,6,0,0,0,0,0
99,84,10,10,3,3,0,0,0,0
99,85,3,7,0,0,0,0,0,0
99,110,3,7,0,0,0,0,0,0
99,114,7,5,3,3,0,0,0,0
99,115,15,16,0,3,0,0,0,0
99,116,6,15,11,3,0,0,0,0
99,117,16,16,0,0,0,0,0,0
99,118,8,22,3,3,0,0,0,0
99,119,10,11,3,3,0,0,0,0
99,120,10,14,0,0,0,0,0,0
99,121,0,6,0,0,0,0,0,0
99,122,0,3,0,0,0,0,0,0
100,0,3,4,0,0,0,0,0,0
100,1,4,4,0,0,0,0,0,0
100,2,10,3,0,3,0,0,0,0
100,48,0,3,0,0,0,0,0,0
100,52,0,3,0,0,0,0,0,0
100,72,6,5,0,3,0,0,0,0
100,81,17,16,7,8,0,0,0,0
100,82,12,11,4,5,0,0,0,0
100,83,10,21,3,3,0,0,0,0
100,84,10,4,3,0,0,0,0,0
100,114,4,6,0,0,0,0,0,0
100,115,3,4,0,0,0,0,0,0
100,116,9,12,0,0,0,0,0,0
100,117,15,18,0,0,0,0,0,0
100,118,18,25,0,4,0,0,0,0
100,119,11,18,4,0,0,0,0,0
100,120,8,6,0,0,0,0,0,0
100,121,9,21,3,0,0,0,0,0
100,122,3,3,0,0,0,0,0,0
101,1,12,8,0,0,0,0,0,0
101,2,0,4,0,0,0,0,0,0
101,21,0,4,0,0,0,0,0,0
101,22,0,3,0,0,0,0,0,0
101,56,0,4,0,0,0,0,0,0
101,80,3,3,0,0,0,0,0,0
101,81,7,8,0,0,0,0,0,0
101,82,8,16,0,3,0,0,0,0
101,83,13,12,3,3,0,0,0,0
101,116,3,8,0,0,0,0,0,0
101,117,10,16,0,0,0,0,0,0
101,118,13,13,3,4,0,0,0,0
101,119,4,19,5,0,0,0,0,0
101,120,3,18,0,0,0,0,0,0
101,121,0,16,3,3,3,0,0,0
101,122,3,8,0,3,0,0,0,0
101,124,3,0,0,0,0,0,0,0
102,1,3,4,0,0,0,0,0,0
102,3,3,3,0,0,0,0,0,0
102,21,3,0,0,0,0,0,0,0
102,22,0,3,0,0,0,0,0,0
102,50,0,3,0,0,0,0,0,0
102,56,0,3,0,0,0,0,0,0
102,69,6,8,0,0,0,0,0,0
102,70,0,4,0,0,0,0,0,0
102,71,5,4,0,0,0,0,0,0
102,80,6,12,0,3,0,0,0,0
102,81,3,8,0,0,0,0,0,0
102,82,5,6,0,0,0,0,0,0
102,83,0,3,0,0,0,0,0,0
102,118,3,7,3,0,0,0,0,0
102,119,8,12,6,0,0,0,0,0
102,120,4,15,4,0,0,0,0,0
102,121,9,17,4,3,0,0,0,0
102,122,6,12,0,0,0,0,0,0
103,0,3,3,0,0,0,0,0,0
103,1,16,3,0,0,0,0,0,0
103,2,3,3,0,0,0,0,0,0
103,4,5,3,0,0,0,0,0,0
103,8,3,3,0,0,0,0,0,0
103,18,3,0,0,0,0,0,0,0
103,21,4,3,0,0,0,0,0,0
103,50,7,12,0,5,0,0,0,0
103,57,3,3,0,0,0,0,0,0
103,67,0,3,0,0,0,0,0,0
103,69,0,6,0,0,0,0,0,0
103,70,18,20,0,0,0,0,0,0
103,71,6,0,0,4,0,0,0,0
103,80,3,6,0,0,0,0,0,0
103,81,14,12,3,0,0,0,0,0
103,118,0,3,0,0,0,0,0,0
103,119,5,12,0,4,0,0,0,0
103,120,5,20,0,3,0,0,0,0
103,121,11,22,0,0,0,0,0,0
103,122,12,14,0,3,0,0,0,0
103,127,0,6,0,0,0,0,0,0
104,0,3,3,0,0,0,0,0,0
104,2,3,8,0,0,0,0,0,0
104,4,0,3,0,0,0,0,0,0
104,5,0,3,0,0,0,0,0,0
104,6,0,3,0,0,0,0,0,0
104,7,3,0,0,0,0,0,0,0
104,8,0,3,0,0,0,0,0,0
104,18,3,0,0,0,0,0,0,0
104,63,0,3,0,0,0,0,0,0
104,67,0,3,0,0,0,0,0,0
104,68,5,8,0,0,0,0,0,0
104,69,0,6,0,3,0,0,0,0
104,70,3,8,3,0,0,0,0,0
104,71,0,3,0,0,0,0,0,0
104,78,0,3,0,0,0,0,0,0
104,79,4,6,0,0,0,0,0,0
104,80,3,3,0,0,0,0,0,0
104,81,0,3,0,0,0,0,0,0
104,119,3,6,0,0,0,0,0,0
104,120,7,20,0,5,0,0,0,0
104,121,12,20,0,4,0,0,0,0
104,122,13,14,0,0,0,0,0,0
104,123,8,18,0,0,0,0,0,0
104,124,5,12,0,0,0,0,0,0
104,126,0,6,0,0,0,0,0,0
104,127,14,10,0,3,0,0,0,0
105,0,3,0,0,0,0,0,0,0
105,2,3,3,0,0,0,0,0,0
105,5,0,3,0,0,0,0,0,0
105,27,0,4,0,0,0,0,0,0
105,28,3,3,0,0,0,0,0,0
105,46,0,3,0,0,0,0,0,0
105,61,0,4,0,0,0,0,0,0
105,62,3,0,0,0,0,0,0,0
105,64,0,3,0,0,0,0,0,0
105,67,3,3,0,0,0,0,0,0
105,70,0,3,0,0,0,0,0,0
105,75,3,4,0,0,0,0,0,0
105,76,3,13,0,0,0,0,0,0
105,77,6,16,0,0,0,0,0,0
105,78,4,6,0,0,0,0,0,0
105,119,6,6,0,0,0,0,0,0
105,120,31,23,0,4,0,0,0,0
105,121,10,15,0,5,0,0,0,0
105,122,3,11,0,0,0,0,0,0
105,123,11,28,3,0,0,0,0,0
105,124,15,24,3,3,0,0,0,0
105,125,11,11,3,3,0,0,0,0
105,126,16,28,3,3,0,0,0,0
105,127,0,3,0,0,0,0,0,0
106,15,3,0,0,3,0,0,0,0
106,16,3,4,3,0,0,0,0,0
106,20,3,3,0,0,0,0,0,0
106,22,0,4,0,0,0,0,0,0
106,25,0,3,0,0,0,0,0,0
106,26,3,3,0,0,0,0,0,0
106,35,0,3,0,0,0,0,0,0
106,46,0,3,0,0,0,0,0,0
106,49,3,0,0,0,0,0,0,0
106,51,3,4,0,0,0,0,0,0
106,52,3,3,0,0,0,0,0,0
106,62,3,3,0,0,0,0,0,0
106,64,3,3,0,0,0,0,0,0
106,75,3,7,3,0,0,0,0,0
106,76,3,3,0,0,0,0,0,0
106,122,0,3,0,0,0,0,0,0
106,123,13,17,3,0,0,0,0,0
106,124,10,21,0,3,0,0,0,0
106,125,8,6,4,0,0,0,0,0
106,126,18,13,3,7,0,0,0,0
106,127,21,23,3,0,0,0,0,0
107,0,3,6,3,0,0,0,0,0
107,21,3,3,0,0,0,0,0,0
107,22,0,3,0,0,0,0,0,0
107,34,3,3,0,0,0,0,0,0
107,47,0,3,0,0,0,0,0,0
107,50,3,3,0,0,0,0,0,0
107,51,0,3,0,0,0,0,0,0
107,52,0,6,0,0,0,0,0,0
107,53,0,3,0,3,0,0,0,0
107,64,0,3,0,0,0,0,0,0
107,122,0,3,0,0,0,0,0,0
107,123,10,8,0,4,0,0,0,0
107,124,3,6,0,3,0,0,0,0
107,126,8,14,3,0,0,0,0,0
107,127,14,12,3,0,0,0,0,0
108,0,11,12,0,0,0,0,0,0
108,1,0,3,0,0,0,0,0,0
108,16,0,3,0,0,0,0,0,0
108,18,3,3,0,0,0,0,0,0
108,20,3,3,0,0,0,0,0,0
108,21,0,3,0,0,0,0,0,0
108,34,3,3,3,0,0,0,0,0
108,37,0,3,0,0,0,0,0,0
108,127,4,3,0,0,0,0,0,0
109,0,0,3,0,0,0,0,0,0
109,1,0,3,0,0,0,0,0,0
109,10,3,3,0,0,0,0,0,0
109,13,0,3,0,0,0,0,0,0
109,14,3,3,0,0,0,0,0,0
109,15,3,3,0,0,0,0,0,0
109,16,3,3,0,0,0,0,0,0
109,20,5,9,3,0,0,0,0,0
109,21,6,5,0,3,0,0,0,0
109,30,3,4,0,0,0,0,0,0
109,45,3,3,0,0,0,0,0,0
109,52,3,3,0,3,0,0,0,0
109,63,3,3,0,0,0,0,0,0
109,117,3,4,0,0,0,0,0,0
110,35,0,4,0,0,0,0,0,0
110,37,9,3,0,4,0,0,0,0
110,63,3,4,0,0,0,0,0,0
110,116,0,3,0,0,0,0,0,0
110,117,3,0,0,0,0,0,0,0
111,50,3,3,0,0,0,0,0,0
111,51,0,3,0,0,0,0,0,0
111,61,3,3,0,0,0,0,0,0
111,117,0,3,0,0,0,0,0,0
112,32,0,3,0,0,0,0,0,0
112,37,3,4,0,0,0,0,0,0
112,45,3,8,0,0,0,0,0,0
112,46,3,0,0,3,0,0,0,0
112,50,3,4,0,0,0,0,0,0
112,56,0,3,0,0,0,0,0,0
112,110,0,0,3,0,0,0,0,0
113,5,3,3,0,0,0,0,0,0
113,45,9,12,0,3,0,0,0,0
113,46,3,3,0,0,0,0,0,0
113,48,3,4,0,0,0,0,0,0
113,57,3,3,0,0,0,0,0,0
113,58,3,3,0,0,0,0,0,0
113,117,3,6,0,0,0,0,0,0
113,118,0,5,0,0,0,0,0,0
114,22,0,3,0,0,0,0,0,0
114,45,20,13,0,0,0,0,0,0
114,48,10,12,0,0,0,0,0,0
114,49,0,4,4,0,0,0,0,0
114,50,3,4,0,0,0,0,0,0
114,113,0,3,0,0,0,0,0,0
114,117,11,14,0,0,0,0,0,0
115,33,0,3,0,0,0,0,0,0
115,43,4,4,0,0,0,0,0,0
115,44,11,17,0,3,0,0,0,0
115,45,8,10,0,0,0,0,0,0
115,47,4,3,0,0,0,0,0,0
115,48,3,3,0,0,0,0,0,0
115,50,12,13,0,3,0,0,0,0
115,59,0,4,0,0,0,0,0,0
115,113,0,6,0,0,0,0,0,0
115,114,12,5,0,0,0,0,0,0
115,115,4,8,0,0,0,0,0,0
115,117,8,6,3,0,0,0,0,0
116,3,0,3,0,0,0,0,0,0
116,18,0,3,0,0,0,0,0,0
116,19,0,3,0,0,0,0,0,0
116,20,0,3,0,0,0,0,0,0
116,21,3,4,0,3,0,0,0,0
116,35,0,3,0,0,0,0,0,0
116,43,0,3,0,0,0,0,0,0
116,44,18,16,0,0,0,0,0,0
116,45,7,6,0,5,0,0,0,0
116,57,0,3,0,0,0,0,0,0
116,58,4,0,0,0,0,0,0,0
116,113,0,0,0,3,0,0,0,0
116,114,3,6,0,0,0,0,0,0
116,115,3,3,3,0,0,0,0,0
116,116,0,3,0,0,0,0,0,0
116,117,0,8,0,0,0,0,0,0
117,13,3,3,0,0,0,0,0,0
117,14,3,5,0,0,0,0,0,0
117,15,0,3,0,0,0,0,0,0
117,30,3,6,0,0,0,0,0,0
117,31,3,4,0,0,0,0,0,0
117,35,3,4,0,0,0,0,0,0
117,36,6,12,0,0,0,0,0,0
117,37,3,0,0,3,0,0,0,0
117,39,0,3,0,0,0,0,0,0
117,40,3,6,0,0,0,0,0,0
117,41,3,6,0,0,0,0,0,0
117,42,3,3,0,0,0,0,0,0
117,43,7,5,0,3,0,0,0,0
117,44,0,10,0,0,0,0,0,0
117,45,3,16,0,0,0,0,0,0
117,46,11,8,0,0,0,0,0,0
117,77,0,3,0,0,0,0,0,0
117,113,0,3,0,0,0,0,0,0
117,116,3,4,0,0,0,0,0,0
117,117,3,4,0,0,0,0,0,0
118,3,3,4,0,0,0,0,0,0
118,10,0,3,0,3,0,0,0,0
118,12,0,3,0,0,0,0,0,0
118,13,0,3,0,0,0,0,0,0
118,30,0,6,0,0,0,0,0,0
118,31,6,12,3,0,0,0,0,0
118,32,3,10,0,0,0,0,0,0
118,33,11,16,3,0,0,0,0,0
118,34,0,13,0,0,0,0,0,0
118,35,11,16,0,0,0,0,0,0
118,36,10,19,0,0,0,0,0,0
118,37,11,15,0,3,0,0,0,0
118,38,7,6,0,0,0,0,0,0
118,39,0,3,0,0,0,0,0,0
118,40,12,13,3,3,0,0,0,0
118,41,4,3,0,0,0,0,0,0
118,43,0,3,0,0,0,0,0,0
118,44,5,4,0,0,0,0,0,0
118,45,15,18,3,0,0,0,0,0
118,46,9,8,0,0,0,0,0,0
118,77,10,12,0,0,0,0,0,0
118,78,0,3,0,0,0,0,0,0
118,114,3,4,0,0,0,0,0,0
118,116,6,14,0,0,0,0,0,0
119,1,0,3,0,0,0,0,0,0
119,11,3,0,0,0,0,0,0,0
119,35,16,19,0,3,0,0,0,0
119,36,5,8,4,0,0,0,0,0
119,37,6,6,3,0,0,0,0,0
119,38,0,3,0,0,0,0,0,0
119,39,3,6,0,0,0,0,0,0
119,40,5,9,0,0,0,0,0,0
119,41,8,11,0,0,0,0,0,0
119,44,3,4,0,0,0,0,0,0
119,45,0,0,0,3,0,0,0,0
119,57,0,3,0,0,0,0,0,0
119,75,3,4,0,0,0,0,0,0
119,76,8,14,0,0,0,0,0,0
119,77,4,6,0,0,0,0,0,0
119,78,9,12,0,0,0,0,0,0
119,114,3,6,0,0,0,0,0,0
119,116,4,6,0,0,0,0,0,0
119,117,4,6,0,3,0,0,0,0
120,3,0,3,0,0,0,0,0,0
120,35,7,13,0,0,0,0,0,0
120,36,11,11,0,0,3,0,0,0
120,41,8,5,0,0,0,0,0,0
120,42,3,3,0,0,0,0,0,0
120,43,0,0,0,3,0,0,0,0
120,45,10,10,0,3,0,0,0,0
120,49,5,4,0,0,0,0,0,0
120,50,8,4,3,3,0,0,0,0
120,56,3,0,0,0,0,0,0,0
120,75,0,3,0,0,0,0,0,0
120,76,4,4,0,0,0,0,0,0
120,77,3,6,0,0,0,0,0,0
120,98,3,3,0,0,0,0,0,0
120,112,0,4,0,0,0,0,0,0
120,117,0,3,0,0,0,0,0,0
120,118,0,3,0,0,0,0,0,0
121,43,4,6,0,0,0,0,0,0
121,44,0,3,0,0,0,0,0,0
121,45,9,10,0,0,0,0,0,0
121,48,7,13,0,0,0,0,0,0
121,49,5,8,3,0,0,0,0,0
121,50,10,11,3,4,0,0,0,0
121,69,3,3,0,0,0,0,0,0
121,75,0,3,0,0,0,0,0,0
121,77,6,7,0,0,0,0,0,0
121,96,5,5,0,3,0,0,0,0
121,97,0,3,0,0,0,0,0,0
121,98,3,3,0,0,0,0,0,0
121,115,3,4,0,0,0,0,0,0
122,6,3,3,0,0,0,0,0,0
122,43,6,3,0,0,0,0,0,0
122,45,4,6,0,0,0,0,0,0
122,46,4,4,0,0,0,0,0,0
122,47,5,4,0,0,0,0,0,0
122,53,3,4,0,0,0,0,0,0
122,60,3,3,0,0,0,0,0,0
122,74,4,3,0,0,0,0,0,0
122,99,4,0,0,0,0,0,0,0
122,108,0,3,0,0,0,0,0,0
122,112,0,3,0,0,0,0,0,0
122,113,3,4,0,0,0,0,0,0
122,117,3,4,0,0,0,0,0,0
123,6,0,3,0,0,0,0,0,0
123,31,0,3,0,0,0,0,0,0
123,43,4,8,0,0,0,0,0,0
123,44,5,8,0,0,0,0,0,0
123,45,5,6,3,3,0,0,0,0
123,113,6,6,0,3,0,0,0,0
124,29,3,6,0,0,0,0,0,0
124,30,3,4,0,0,0,0,0,0
124,31,0,3,0,0,0,0,0,0
124,43,4,6,0,0,0,0,0,0
124,69,6,5,0,3,0,0,0,0
124,73,3,6,0,0,0,0,0,0
124,74,0,3,0,0,0,0,0,0
124,112,3,8,0,0,0,0,0,0
124,113,5,6,0,0,0,0,0,0
125,15,0,3,0,0,0,0,0,0
125,28,5,3,0,0,0,0,0,0
125,29,0,3,0,0,0,0,0,0
125,68,0,4,3,5,0,0,0,0
125,69,3,3,3,0,0,0,0,0
125,71,3,3,0,0,0,0,0,0
125,72,4,3,0,0,0,0,0,0
125,73,0,4,0,0,0,0,0,0
125,74,0,6,3,0,0,0,0,0
125,75,0,6,0,0,0,0,0,0
125,76,0,3,0,0,0,0,0,0
125,108,3,3,0,0,0,0,0,0
125,111,0,3,0,0,0,0,0,0
125,112,0,4,0,0,0,0,0,0
125,113,3,8,0,3,0,0,0,0
126,28,3,4,0,0,0,0,0,0
126,32,3,3,0,0,0,0,0,0
126,48,3,4,0,0,0,0,0,0
126,49,3,0,0,0,0,0,0,0
126,71,0,3,0,0,0,0,0,0
126,72,6,8,0,0,0,0,0,0
126,73,3,4,0,0,0,0,0,0
126,75,4,9,0,0,0,0,0,0
126,76,7,14,0,0,0,0,0,0
126,108,6,10,0,0,0,0,0,0
126,109,3,6,0,0,0,0,0,0
126,110,3,0,0,0,0,0,0,0
126,111,9,13,0,3,0,0,0,0
126,112,0,8,0,0,0,0,0,0
127,21,0,3,0,3,0,0,0,0
127,27,3,3,0,0,0,0,0,0
127,72,4,0,0,3,0,0,0,0
127,73,11,17,3,0,0,0,0,0
127,74,3,8,3,0,0,0,0,0
127,75,8,12,0,0,0,0,0,0
127,76,10,12,0,0,0,0,0,0
127,77,3,9,0,0,0,0,0,0
127,78,3,3,0,0,0,0,0,0
127,107,3,4,0,0,0,0,0,0
127,108,0,3,3,0,0,0,0,0
127,109,5,10,0,0,0,0,0,0
127,110,0,4,0,0,0,0,0,0
127,111,3,4,0,0,0,0,0,0
127,114,0,3,0,0,0,0,0,0
127,115,3,4,0,3,0,0,0,0