x,y,1,2
0,68,16,25
0,69,45,43
0,70,23,33
0,71,28,34
0,72,4,8
1,55,4,3
1,66,5,3
1,67,14,16
1,68,48,43
1,69,16,20
1,70,25,20
1,71,26,22
1,72,11,11
2,59,3,4
2,64,3,6
2,66,14,11
2,67,18,20
2,68,27,30
2,69,31,36
2,70,32,26
2,71,8,10
3,59,7,7
3,60,3,3
3,67,16,17
3,68,47,44
3,69,18,19
3,72,3,3
3,91,3,3
4,60,7,6
4,66,3,6
4,67,11,10
4,68,11,12
4,69,9,17
5,18,3,4
5,20,3,3
5,57,3,0
5,60,3,3
5,69,4,7
5,74,0,3
5,75,14,13
6,13,0,3
6,19,4,3
6,21,3,4
6,22,0,3
6,58,3,5
6,60,3,0
6,70,3,5
6,74,15,16
6,75,43,55
6,76,10,11
6,109,3,3
7,13,3,4
7,24,3,3
7,27,13,14
7,67,13,12
7,68,11,10
7,69,8,4
7,70,22,21
7,71,34,53
7,72,62,68
7,73,14,19
7,74,73,96
7,75,91,99
7,76,18,22
7,96,0,3
7,110,3,3
8,19,3,6
8,27,8,6
8,35,3,5
8,36,5,7
8,66,11,12
8,67,12,14
8,68,17,13
8,69,27,32
8,70,34,46
8,71,25,26
8,72,3,4
8,73,87,84
8,74,85,95
8,75,59,71
8,76,16,20
8,125,3,0
9,29,6,4
9,35,14,16
9,36,62,66
9,37,144,136
9,65,15,12
9,66,32,35
9,67,35,31
9,68,49,44
9,69,33,27
9,70,34,32
9,71,73,86
9,72,49,57
9,73,73,60
9,74,63,55
9,75,63,65
9,76,20,18
9,119,3,5
10,29,3,3
10,30,19,19
10,34,6,4
10,35,52,46
10,36,56,58
10,37,82,79
10,38,33,33
10,65,15,13
10,66,54,50
10,67,44,48
10,68,39,35
10,69,50,45
10,70,55,43
10,72,25,32
10,73,13,12
10,74,52,59
10,75,82,96
10,76,11,10
10,91,10,9
10,94,4,3
10,119,10,13
11,28,5,4
11,31,6,5
11,33,0,3
11,34,9,8
11,35,20,22
11,36,62,65
11,37,38,49
11,38,63,71
11,66,29,22
11,67,43,35
11,68,53,43
11,69,43,42
11,70,21,20
11,74,102,98
11,75,138,188
11,76,6,8
11,92,20,17
11,93,14,23
11,94,3,5
11,119,7,16
12,34,11,9
12,35,18,15
12,36,31,45
12,37,48,43
12,38,29,30
12,67,16,23
12,68,31,23
12,69,23,23
12,70,9,11
12,71,3,0
12,72,15,26
12,74,58,76
12,75,3,0
12,93,0,3
12,119,4,5
12,120,24,25
13,35,8,12
13,36,10,8
13,38,3,5
13,69,3,0
13,70,10,7
13,73,160,63
13,74,134,74
13,105,3,5
13,119,0,3
13,120,13,14
13,121,25,16
13,122,13,18
13,123,19,29
13,124,13,20
14,36,7,7
14,39,26,26
14,69,10,18
14,117,3,3
14,119,3,3
14,120,13,14
14,121,33,37
14,122,7,8
15,36,30,29
15,62,10,16
15,65,26,0
15,80,3,3
15,115,9,0
15,116,15,15
15,118,3,0
15,121,6,3
15,122,19,13
16,36,5,7
16,37,4,4
16,50,0,3
16,61,8,7
16,62,16,22
16,63,33,42
16,64,18,17
16,65,9,9
16,66,14,8
16,69,3,0
16,104,3,3
16,105,12,7
17,37,6,6
17,50,8,5
17,51,0,3
17,52,3,5
17,53,0,3
17,61,9,9
17,62,26,28
17,63,52,51
17,64,51,62
17,65,65,75
17,66,27,19
17,68,7,7
17,103,3,4
17,115,6,7
17,116,5,6
17,117,3,3
18,34,3,7
18,36,15,11
18,50,3,0
18,51,14,12
18,52,3,3
18,53,15,14
18,61,13,10
18,62,49,49
18,63,15,13
18,64,12,10
18,65,64,83
18,66,68,87
18,67,24,20
18,68,10,9
18,69,19,15
18,74,3,4
18,75,13,14
18,76,20,16
18,101,0,3
18,102,3,3
18,103,3,0
18,104,10,5
18,115,14,16
18,116,3,3
18,117,6,5
18,120,15,9
18,121,43,31
18,122,8,9
18,123,14,16
18,124,15,14
19,36,4,4
19,37,4,5
19,51,8,11
19,52,22,15
19,53,16,15
19,54,6,7
19,58,0,3
19,59,3,3
19,61,9,9
19,62,38,49
19,63,15,17
19,64,47,54
19,65,20,16
19,66,48,57
19,67,74,72
19,68,15,21
19,69,22,20
19,75,35,30
19,76,49,42
19,77,30,37
19,78,0,3
19,80,17,9
19,81,21,22
19,82,7,11
19,83,8,8
19,84,4,8
19,85,37,20
19,86,232,92
19,100,3,5
19,101,11,15
19,102,4,0
19,103,8,9
19,104,15,13
19,105,8,7
19,115,3,3
19,116,20,25
19,117,6,6
19,120,0,4
19,121,32,47
19,122,30,39
19,123,43,49
19,124,12,15
20,32,3,3
20,52,6,7
20,53,13,14
20,54,10,18
20,55,5,5
20,56,3,3
20,58,4,0
20,59,7,3
20,61,13,16
20,62,37,44
20,63,22,24
20,64,18,22
20,65,49,63
20,66,44,48
20,67,53,43
20,68,8,12
20,69,61,45
20,73,9,10
20,74,17,27
20,75,21,20
20,76,67,63
20,77,11,16
20,78,30,33
20,79,19,18
20,80,79,30
20,81,16,22
20,82,32,25
20,83,12,12
20,84,26,23
20,85,33,19
20,86,58,49
20,87,246,146
20,88,155,73
20,97,17,14
20,98,7,6
20,100,6,8
20,101,12,6
20,102,15,13
20,103,24,35
20,104,15,21
20,105,4,0
20,106,14,17
20,110,4,3
20,111,14,13
20,113,0,3
20,116,20,21
20,120,0,3
20,121,70,74
20,122,38,40
20,123,49,44
21,53,4,3
21,54,16,13
21,55,17,17
21,56,19,16
21,62,18,24
21,63,22,23
21,64,15,11
21,65,16,23
21,66,42,53
21,68,6,7
21,69,14,8
21,72,34,35
21,73,44,47
21,74,61,58
21,75,26,24
21,76,66,63
21,77,9,8
21,78,62,52
21,79,23,20
21,80,23,26
21,81,20,16
21,82,15,20
21,83,32,28
21,84,10,17
21,85,24,31
21,86,17,19
21,87,10,4
21,98,23,34
21,99,14,19
21,100,24,22
21,101,10,10
21,102,8,10
21,103,17,17
21,104,7,12
21,106,22,19
21,107,13,60
21,109,4,5
21,110,22,17
21,111,25,25
21,120,23,28
21,121,43,47
21,122,51,59
21,123,21,24
22,49,4,7
22,52,3,4
22,53,13,14
22,54,10,9
22,55,12,14
22,56,7,4
22,57,5,5
22,62,3,0
22,63,11,15
22,64,25,37
22,65,11,16
22,66,34,37
22,67,14,19
22,72,15,14
22,73,25,27
22,74,5,5
22,75,47,56
22,76,43,41
22,77,4,6
22,78,30,35
22,79,69,72
22,80,54,47
22,81,87,191
22,83,16,19
22,84,10,12
22,85,24,25
22,86,17,16
22,98,8,9
22,99,32,34
22,100,40,38
22,101,24,36
22,102,33,32
22,103,18,28
22,104,16,14
22,105,19,15
22,106,18,19
22,107,10,9
22,108,12,6
22,109,13,17
22,110,3,0
22,120,26,23
22,121,39,39
22,122,17,18
22,123,3,3
23,52,3,3
23,54,4,8
23,55,7,7
23,56,16,17
23,57,21,22
23,58,16,14
23,59,5,0
23,63,4,0
23,64,9,10
23,65,28,34
23,66,10,13
23,67,36,32
23,71,4,3
23,73,6,4
23,74,13,12
23,75,16,22
23,76,21,22
23,77,3,0
23,78,5,6
23,79,57,66
23,80,63,55
23,81,21,30
23,83,25,29
23,84,25,25
23,85,19,14
23,86,26,22
23,89,21,15
23,98,7,3
23,99,3,0
23,100,15,16
23,101,3,4
23,102,38,43
23,103,26,26
23,104,6,9
23,105,9,9
23,106,9,10
23,107,7,12
23,108,7,10
23,109,6,6
23,112,8,10
23,113,6,5
23,120,3,7
23,121,12,21
23,122,20,21
24,44,3,3
24,46,3,3
24,55,4,4
24,56,19,17
24,57,20,17
24,58,19,22
24,59,7,10
24,60,3,0
24,66,8,11
24,68,7,8
24,69,41,48
24,70,64,55
24,71,40,34
24,74,12,13
24,75,23,14
24,76,34,34
24,77,10,9
24,78,58,27
24,80,3,0
24,81,5,3
24,82,37,34
24,83,25,22
24,84,16,18
24,85,39,42
24,89,6,3
24,90,22,15
24,91,14,22
24,92,20,23
24,96,19,24
24,97,24,21
24,98,31,82
24,99,11,15
24,100,5,5
24,102,38,36
24,103,28,29
24,104,17,12
24,105,13,18
24,106,7,9
24,107,7,7
24,113,19,17
24,114,12,12
24,119,5,3
24,120,22,24
24,122,7,6
24,123,18,25
24,124,14,7
25,44,5,7
25,46,3,0
25,57,10,15
25,58,13,11
25,60,6,73
25,62,3,5
25,63,3,3
25,66,107,120
25,67,60,59
25,68,70,78
25,69,74,68
25,70,22,27
25,71,141,72
25,72,19,9
25,74,16,16
25,75,20,20
25,76,36,34
25,77,34,24
25,78,45,42
25,81,8,6
25,82,25,35
25,83,24,20
25,84,12,9
25,90,7,6
25,91,13,10
25,95,12,12
25,96,39,49
25,97,17,18
25,98,24,23
25,99,12,12
25,100,65,59
25,101,56,68
25,102,11,11
25,103,38,33
25,104,17,20
25,105,11,13
25,106,18,24
25,107,8,7
25,108,12,16
25,114,6,6
25,115,18,26
25,116,14,13
25,117,11,7
25,118,7,10
25,119,12,10
25,120,21,28
25,121,42,47
25,122,42,43
25,123,38,48
25,124,10,7
26,43,3,3
26,44,5,4
26,45,6,8
26,47,4,3
26,52,18,20
26,53,10,7
26,54,3,0
26,57,6,9
26,58,22,17
26,59,17,45
26,60,7,8
26,61,23,27
26,62,27,23
26,63,10,12
26,66,19,20
26,67,15,20
26,68,18,22
26,69,62,56
26,70,97,99
26,71,17,24
26,72,62,33
26,73,11,11
26,74,8,11
26,75,46,27
26,76,27,28
26,77,26,29
26,78,14,14
26,79,4,4
26,81,9,6
26,82,24,26
26,83,34,31
26,84,3,3
26,89,4,5
26,95,8,15
26,96,8,11
26,97,16,18
26,98,21,21
26,99,21,16
26,100,53,55
26,101,4,7
26,102,19,28
26,103,15,18
26,104,10,11
26,105,12,21
26,106,20,21
26,107,22,29
26,108,8,19
26,112,3,3
26,113,16,14
26,114,28,26
26,115,24,32
26,116,3,6
26,117,11,19
26,118,21,18
26,119,17,19
26,120,18,25
26,121,24,33
26,122,25,27
26,123,56,53
26,124,23,32
27,43,0,3
27,44,4,5
27,45,3,4
27,46,5,7
27,47,3,3
27,48,5,5
27,52,4,7
27,53,6,10
27,54,0,5
27,56,3,0
27,58,0,3
27,59,16,17
27,60,22,31
27,61,18,24
27,62,30,27
27,63,32,36
27,64,4,9
27,67,32,31
27,68,36,35
27,69,26,40
27,70,91,58
27,71,150,91
27,72,29,109
27,73,24,21
27,74,16,14
27,75,39,40
27,76,18,17
27,77,32,22
27,78,18,12
27,79,13,5
27,81,3,0
27,82,13,20
27,83,27,27
27,88,28,16
27,89,50,56
27,96,19,27
27,97,21,19
27,98,28,24
27,99,8,11
27,100,47,54
27,101,38,30
27,102,19,22
27,103,30,33
27,104,22,24
27,105,16,13
27,106,17,10
27,107,0,3
27,108,3,3
27,109,16,14
27,110,7,9
27,112,41,44
27,113,21,20
27,114,13,15
27,115,25,37
27,116,52,78
27,117,23,28
27,118,27,24
27,120,16,10
27,121,18,18
27,122,16,18
27,123,25,24
27,124,16,19
28,45,15,12
28,46,9,6
28,47,11,13
28,48,9,7
28,49,13,12
28,50,12,13
28,52,17,22
28,53,12,13
28,60,14,14
28,61,53,54
28,62,47,52
28,63,23,23
28,64,20,16
28,67,18,20
28,68,39,33
28,69,41,41
28,70,31,29
28,71,229,102
28,73,28,25
28,74,23,23
28,75,17,16
28,76,17,10
28,77,21,29
28,78,49,33
28,79,38,17
28,83,15,7
28,86,3,0
28,87,4,3
28,89,4,3
28,90,3,3
28,92,4,3
28,95,3,3
28,96,12,12
28,97,21,19
28,98,40,37
28,99,10,8
28,100,40,61
28,101,68,70
28,102,132,140
28,103,21,38
28,104,56,58
28,105,30,27
28,106,18,30
28,107,16,13
28,108,15,10
28,109,31,36
28,110,0,3
28,111,15,10
28,112,24,35
28,113,27,30
28,114,7,9
28,115,3,3
28,116,3,5
28,117,24,27
28,118,29,30
28,121,6,6
28,122,16,20
28,123,11,15
29,45,7,6
29,46,13,14
29,47,7,6
29,49,18,18
29,50,9,11
29,51,3,4
29,52,17,23
29,53,26,29
29,54,10,14
29,60,5,5
29,61,24,44
29,62,42,45
29,63,25,29
29,64,29,28
29,65,8,9
29,67,28,28
29,68,39,37
29,69,52,34
29,70,66,60
29,71,9,9
29,73,152,101
29,74,51,46
29,75,118,68
29,76,9,10
29,77,25,9
29,78,5,4
29,79,47,36
29,82,9,6
29,83,3,7
29,85,4,4
29,92,3,4
29,96,5,3
29,97,27,31
29,98,48,48
29,99,40,63
29,100,29,36
29,101,42,39
29,102,12,18
29,103,19,19
29,104,83,111
29,105,0,3
29,106,18,27
29,107,15,14
29,108,11,10
29,109,15,18
29,110,6,7
29,111,14,14
29,112,15,19
29,113,27,24
29,114,23,18
29,116,10,6
29,117,15,15
29,118,24,24
29,119,28,30
30,42,0,3
30,47,7,9
30,48,10,11
30,49,14,8
30,50,3,0
30,51,3,0
30,53,26,21
30,54,15,19
30,55,4,6
30,61,6,7
30,62,20,20
30,63,49,60
30,64,0,17
30,65,6,7
30,66,11,11
30,67,39,29
30,68,26,29
30,69,68,89
30,70,83,82
30,73,16,16
30,74,45,44
30,75,70,66
30,76,42,36
30,77,5,4
30,78,45,33
30,90,8,3
30,92,3,0
30,93,10,7
30,94,21,18
30,95,17,11
30,96,17,23
30,97,29,27
30,99,7,12
30,102,58,56
30,103,21,18
30,104,57,57
30,105,38,55
30,106,16,14
30,107,8,13
30,108,14,16
30,109,7,9
30,110,4,5
30,111,16,14
30,112,11,16
30,113,21,22
30,114,23,31
30,116,18,21
30,117,23,18
30,118,20,22
30,119,53,65
30,120,29,36
31,42,3,3
31,45,3,0
31,47,6,6
31,48,4,4
31,49,9,10
31,50,3,0
31,51,8,11
31,52,18,16
31,53,4,5
31,54,28,27
31,55,15,19
31,58,3,0
31,63,12,7
31,64,31,25
31,65,43,55
31,66,51,109
31,67,40,57
31,68,75,78
31,69,70,78
31,70,126,111
31,71,14,21
31,72,41,16
31,73,25,31
31,74,44,59
31,75,42,45
31,76,56,47
31,77,12,6
31,87,91,30
31,88,45,30
31,89,189,57
31,102,0,3
31,103,40,46
31,104,31,42
31,106,0,3
31,107,11,15
31,108,7,9
31,109,3,3
31,110,7,10
31,111,19,21
31,112,34,32
31,113,29,31
31,114,10,16
31,115,28,38
31,116,16,21
31,117,20,19
31,118,26,27
31,119,11,10
31,120,42,48
31,122,0,3
32,41,6,5
32,44,3,4
32,45,6,4
32,46,18,19
32,47,6,7
32,48,26,26
32,49,7,12
32,50,12,13
32,51,3,6
32,52,7,7
32,53,25,27
32,54,19,17
32,55,5,6
32,59,3,0
32,62,9,10
32,63,23,26
32,64,25,32
32,65,17,14
32,66,68,89
32,67,50,55
32,68,9,8
32,69,90,85
32,70,79,66
32,71,125,92
32,72,99,83
32,73,58,50
32,74,51,43
32,75,124,72
32,76,83,62
32,77,65,43
32,78,0,4
32,82,40,25
32,83,198,55
32,86,64,45
32,87,87,70
32,88,73,34
32,89,16,22
32,90,259,125
32,92,3,5
32,101,3,0
32,102,20,35
32,103,28,34
32,104,15,17
32,105,3,0
32,107,0,3
32,108,5,6
32,110,9,17
32,111,8,8
32,112,20,21
32,113,25,28
32,114,29,33
32,115,39,48
32,116,19,23
32,117,19,19
32,118,36,41
32,119,38,36
32,120,31,21
33,43,6,6
33,44,3,6
33,45,8,7
33,46,10,13
33,48,9,8
33,49,17,20
33,50,12,13
33,51,6,16
33,52,20,17
33,53,21,21
33,54,25,24
33,55,22,25
33,56,9,7
33,60,0,4
33,61,9,4
33,62,90,50
33,63,25,21
33,64,45,56
33,65,5,7
33,66,22,13
33,67,66,55
33,68,73,73
33,69,26,41
33,70,30,19
33,71,84,70
33,72,145,104
33,73,36,40
33,75,83,71
33,76,3,3
33,78,3,3
33,81,48,16
33,82,35,27
33,83,116,89
33,84,17,33
33,86,36,30
33,87,71,38
33,88,134,82
33,89,198,99
33,90,17,13
33,93,6,4
33,103,27,35
33,104,8,8
33,110,14,14
33,111,12,12
33,112,8,13
33,113,16,16
33,114,16,22
33,115,10,10
33,116,16,19
33,117,48,40
33,118,37,32
33,119,14,18
34,40,3,0
34,44,8,8
34,45,3,4
34,46,25,26
34,47,6,7
34,48,9,16
34,49,6,7
34,50,18,23
34,51,5,6
34,52,8,9
34,53,12,19
34,54,20,19
34,55,13,18
34,56,12,17
34,57,15,9
34,62,82,52
34,63,27,25
34,64,99,101
34,65,38,118
34,66,7,16
34,68,71,77
34,69,123,109
34,70,94,67
34,71,179,155
34,72,105,112
34,73,124,104
34,74,117,100
34,75,116,83
34,76,99,67
34,77,56,42
34,81,11,10
34,82,34,32
34,83,106,81
34,84,46,70
34,85,13,0
34,86,77,48
34,87,23,18
34,88,68,62
34,89,38,39
34,90,8,9
34,93,11,9
34,94,4,0
34,97,3,3
34,101,3,4
34,102,36,33
34,103,50,48
34,104,3,3
34,110,8,8
34,111,26,36
34,112,42,43
34,113,11,14
34,114,19,13
34,115,44,34
34,116,45,34
34,117,8,12
34,122,0,3
34,127,25,13
35,41,0,3
35,45,4,8
35,46,22,22
35,47,7,15
35,50,11,12
35,51,9,9
35,53,4,4
35,54,17,20
35,55,6,11
35,56,16,13
35,63,62,83
35,64,22,36
35,65,45,63
35,66,27,49
35,67,13,14
35,68,142,124
35,69,33,28
35,70,69,63
35,71,122,95
35,72,111,127
35,73,69,42
35,74,108,113
35,75,142,100
35,76,103,54
35,77,27,9
35,82,160,64
35,83,159,86
35,84,172,79
35,85,70,41
35,86,21,15
35,87,69,49
35,88,62,66
35,89,7,9
35,94,0,3
35,95,3,4
35,103,19,20
35,108,3,3
35,110,3,4
35,111,11,14
35,112,81,82
35,113,59,70
35,114,10,9
35,115,8,10
35,121,3,0
35,123,5,7
35,124,3,3
35,126,3,3
35,127,3,3
36,40,3,3
36,41,8,6
36,42,3,3
36,44,3,6
36,45,6,9
36,46,7,6
36,47,9,9
36,51,7,4
36,52,14,18
36,53,7,10
36,55,9,18
36,56,17,19
36,57,20,32
36,62,47,58
36,63,4,14
36,65,91,51
36,66,117,124
36,67,38,34
36,68,98,77
36,69,175,123
36,70,135,125
36,71,80,100
36,72,132,116
36,73,92,76
36,74,98,91
36,75,90,67
36,76,106,88
36,77,92,47
36,80,18,19
36,81,77,50
36,82,60,40
36,83,142,87
36,84,147,54
36,85,126,88
36,86,66,50
36,87,12,12
36,111,23,25
36,112,21,33
36,123,0,3
36,124,3,3
37,37,4,3
37,41,5,4
37,46,3,3
37,47,13,16
37,48,0,4
37,52,12,9
37,53,14,22
37,54,11,11
37,55,7,11
37,56,16,13
37,57,56,49
37,58,43,45
37,59,10,11
37,60,3,6
37,61,87,101
37,62,84,81
37,63,17,19
37,64,11,8
37,65,79,80
37,66,25,27
37,67,52,38
37,68,29,33
37,69,126,109
37,70,164,120
37,71,156,146
37,72,90,76
37,73,140,119
37,74,105,206
37,75,46,61
37,76,134,90
37,80,119,52
37,81,124,109
37,82,31,22
37,83,54,46
37,84,43,46
37,85,73,53
37,86,31,44
37,100,9,5
37,104,3,0
37,113,3,0
38,40,13,12
38,41,0,3
38,42,3,5
38,47,13,11
38,52,13,10
38,53,18,18
38,54,23,24
38,55,4,7
38,57,53,58
38,58,7,12
38,59,120,62
38,60,40,50
38,61,66,74
38,62,70,83
38,63,37,27
38,64,36,18
38,65,115,123
38,66,74,71
38,67,86,88
38,68,120,98
38,69,142,107
38,70,12,11
38,71,111,94
38,72,69,68
38,73,23,49
38,74,39,59
38,75,118,94
38,76,88,86
38,77,3,0
38,79,5,4
38,80,126,79
38,81,55,54
38,82,47,42
38,83,64,49
38,84,60,48
38,85,44,34
38,102,7,7
39,37,6,3
39,38,10,6
39,39,8,10
39,40,16,13
39,41,26,29
39,44,0,4
39,45,7,6
39,46,3,3
39,47,13,11
39,48,14,11
39,49,11,28
39,50,15,77
39,51,3,3
39,52,23,20
39,53,18,22
39,54,13,12
39,55,23,30
39,59,49,76
39,60,64,77
39,61,105,109
39,62,39,39
39,64,40,28
39,65,83,73
39,66,128,114
39,67,150,108
39,68,86,69
39,69,121,87
39,70,158,129
39,71,18,3
39,72,43,47
39,73,39,45
39,74,71,78
39,75,63,64
39,76,131,102
39,77,17,14
39,79,72,51
39,80,75,46
39,81,46,32
39,82,39,33
39,83,46,27
39,84,44,26
39,85,36,0
39,105,3,3
39,108,3,5
39,115,7,5
40,37,10,8
40,38,4,6
40,39,15,11
40,40,10,9
40,41,13,22
40,42,20,19
40,43,6,5
40,44,19,19
40,45,9,10
40,46,16,9
40,47,10,12
40,48,18,13
40,49,3,8
40,52,7,5
40,53,14,18
40,54,39,62
40,55,28,24
40,60,11,12
40,61,19,38
40,62,66,85
40,63,70,55
40,64,3,7
40,65,35,30
40,67,3,7
40,68,75,62
40,69,49,36
40,70,67,42
40,71,26,18
40,72,61,40
40,73,22,18
40,74,68,53
40,75,6,3
40,76,44,44
40,77,52,32
40,78,116,114
40,79,128,108
40,80,135,122
40,81,81,72
40,83,27,31
40,84,79,86
40,85,13,7
40,86,0,3
40,93,10,7
40,94,3,0
40,115,14,11
40,116,3,0
41,17,3,0
41,20,11,10
41,31,4,0
41,36,8,13
41,37,8,9
41,38,21,26
41,39,25,16
41,40,5,12
41,41,17,20
41,42,21,13
41,43,25,25
41,44,7,15
41,46,3,6
41,47,18,16
41,48,25,27
41,49,16,22
41,50,28,27
41,51,15,20
41,52,22,25
41,53,21,21
41,54,45,48
41,55,16,27
41,56,36,40
41,57,36,42
41,58,16,20
41,59,20,24
41,61,80,66
41,62,91,100
41,63,59,49
41,65,11,5
41,66,50,40
41,67,46,40
41,68,10,10
41,69,40,52
41,70,126,87
41,71,119,89
41,72,50,63
41,73,39,32
41,74,21,14
41,75,73,36
41,76,57,48
41,77,14,15
41,78,72,54
41,79,133,107
41,80,61,64
41,81,10,15
41,82,28,17
41,83,51,48
41,84,67,63
41,92,3,5
41,93,10,14
41,94,29,90
41,103,3,3
41,105,5,5
41,114,0,3
42,17,9,8
42,18,9,8
42,19,3,3
42,31,3,3
42,32,0,3
42,35,6,8
42,36,9,15
42,37,16,14
42,38,9,7
42,40,5,9
42,41,14,17
42,42,42,48
42,43,18,26
42,44,40,139
42,45,7,13
42,46,42,38
42,47,28,28
42,48,14,14
42,49,16,18
42,50,9,17
42,51,28,23
42,52,26,29
42,53,21,25
42,54,40,40
42,55,15,14
42,56,33,39
42,57,11,11
42,58,69,69
42,59,52,58
42,60,96,94
42,61,90,83
42,63,19,17
42,65,38,39
42,66,15,25
42,67,55,48
42,68,73,62
42,69,62,73
42,71,11,6
42,72,22,15
42,73,37,34
42,74,7,11
42,75,22,16
42,76,52,43
42,77,56,49
42,78,24,19
42,79,95,78
42,80,134,102
42,81,116,101
42,82,134,100
42,83,52,36
42,84,3,8
42,90,12,11
42,91,10,6
42,92,6,6
42,93,32,28
42,94,13,15
42,95,4,3
42,98,6,3
42,99,5,10
42,100,4,3
42,101,0,3
42,111,3,3
42,112,0,3
43,17,3,5
43,28,0,3
43,32,3,3
43,33,0,3
43,36,10,6
43,37,8,7
43,38,11,13
43,40,4,7
43,41,3,3
43,42,30,32
43,43,9,16
43,44,9,11
43,45,16,17
43,46,9,15
43,47,35,38
43,48,11,17
43,49,19,19
43,50,15,7
43,51,23,37
43,52,56,65
43,53,40,49
43,54,76,84
43,55,35,39
43,56,54,60
43,57,46,61
43,58,33,41
43,60,142,163
43,61,160,134
43,62,99,86
43,63,55,43
43,64,34,28
43,66,28,28
43,67,66,59
43,68,47,98
43,69,83,84
43,72,58,40
43,73,37,36
43,74,19,13
43,75,50,32
43,76,46,29
43,77,64,39
43,78,73,38
43,79,52,45
43,80,122,85
43,81,23,26
43,82,111,61
43,83,4,5
43,84,16,7
43,85,3,0
43,87,0,3
43,89,4,5
43,90,34,35
43,91,20,17
43,92,29,43
43,93,30,33
43,106,3,3
44,31,0,3
44,35,0,3
44,40,4,3
44,41,7,8
44,42,6,7
44,43,13,17
44,44,20,20
44,45,7,8
44,46,8,16
44,47,16,21
44,48,16,21
44,49,13,18
44,50,21,18
44,51,59,72
44,52,46,53
44,53,52,68
44,54,47,56
44,55,25,35
44,56,38,45
44,57,66,60
44,58,105,83
44,59,76,75
44,60,106,87
44,61,101,107
44,63,164,128
44,64,109,94
44,67,32,36
44,68,93,103
44,69,83,81
44,70,48,41
44,71,10,12
44,72,128,96
44,73,10,7
44,74,13,23
44,75,69,36
44,76,101,76
44,77,48,34
44,78,86,57
44,79,82,46
44,80,114,79
44,81,66,60
44,82,49,49
44,83,99,92
44,84,3,4
44,85,8,7
44,86,22,14
44,87,23,10
44,88,3,3
44,90,3,6
44,91,18,24
44,92,31,35
44,93,42,41
44,94,15,14
44,101,3,3
44,114,3,3
44,126,9,9
45,31,4,5
45,40,7,4
45,42,0,3
45,43,12,10
45,44,15,19
45,45,10,11
45,46,17,23
45,47,9,13
45,48,9,11
45,49,9,13
45,50,14,14
45,51,20,25
45,52,21,20
45,53,7,9
45,55,60,46
45,56,72,58
45,57,14,16
45,58,75,101
45,59,101,93
45,60,8,11
45,61,24,21
45,62,81,93
45,63,129,123
45,64,95,114
45,65,63,58
45,67,6,7
45,68,96,80
45,69,51,54
45,70,83,79
45,71,96,71
45,72,36,29
45,73,25,12
45,74,51,30
45,75,40,32
45,76,35,37
45,77,19,15
45,78,93,65
45,79,99,73
45,80,52,56
45,81,39,51
45,82,46,43
45,83,47,53
45,84,55,59
45,85,27,38
45,86,25,45
45,87,25,25
45,88,10,14
45,89,22,22
45,90,7,10
45,91,16,16
45,92,24,26
45,93,24,22
45,94,29,23
45,97,4,3
45,114,3,3
45,126,0,4
45,127,3,3
46,43,3,0
46,45,6,11
46,46,19,27
46,47,9,10
46,48,25,26
46,49,18,23
46,50,6,15
46,51,18,22
46,52,18,24
46,53,14,15
46,54,3,3
46,56,33,33
46,57,141,132
46,58,87,75
46,59,73,77
46,60,55,70
46,61,35,24
46,62,104,109
46,63,133,94
46,64,38,42
46,65,73,64
46,66,50,47
46,67,41,45
46,68,111,74
46,69,71,68
46,70,71,58
46,71,151,143
46,72,87,73
46,73,97,74
46,74,31,30
46,75,30,39
46,76,63,57
46,77,46,40
46,78,96,55
46,79,84,80
46,80,50,58
46,83,13,17
46,84,23,25
46,85,13,11
46,86,14,16
46,87,9,12
46,88,34,35
46,89,24,27
46,90,36,32
46,91,22,26
46,92,12,24
46,93,18,28
46,94,9,9
46,114,7,3
46,123,4,7
47,32,11,8
47,33,11,12
47,34,9,8
47,35,9,7
47,47,4,5
47,48,12,11
47,49,14,15
47,56,21,30
47,57,63,57
47,58,27,23
47,59,54,62
47,60,40,48
47,61,0,3
47,62,45,50
47,63,19,21
47,64,57,55
47,65,112,108
47,66,33,13
47,67,63,43
47,68,73,56
47,69,44,42
47,70,64,56
47,71,86,87
47,72,63,58
47,73,134,118
47,74,4,3
47,75,47,26
47,76,57,40
47,77,44,60
47,78,117,76
47,79,52,47
47,82,3,3
47,83,11,14
47,84,32,33
47,85,57,60
47,86,28,18
47,87,26,33
47,88,33,37
47,89,32,29
47,90,15,24
47,91,18,26
47,92,23,34
47,93,17,30
47,94,7,7
47,114,22,29
47,115,3,3
47,119,3,3
47,120,3,0
47,121,14,9
47,125,0,3
47,126,9,11
47,127,15,16
48,31,4,3
48,34,8,7
48,35,3,3
48,49,3,3
48,55,3,3
48,56,38,38
48,57,0,4
48,59,17,21
48,60,9,10
48,62,20,16
48,63,11,11
48,64,36,45
48,65,58,54
48,66,19,19
48,67,29,32
48,68,68,50
48,69,45,34
48,70,71,55
48,71,31,26
48,72,39,38
48,73,87,75
48,74,33,26
48,75,67,53
48,76,157,99
48,77,105,63
48,78,45,33
48,79,14,12
48,84,4,5
48,85,31,23
48,86,26,34
48,87,14,19
48,88,18,22
48,89,20,19
48,90,6,12
48,92,12,13
48,93,11,16
48,101,3,0
48,105,3,3
48,113,3,3
48,114,9,10
48,115,12,9
48,116,16,14
48,119,11,10
48,120,21,18
48,121,13,15
48,122,35,47
48,123,5,6
48,125,12,11
48,126,21,27
48,127,23,34
49,48,26,20
49,51,3,4
49,53,102,17
49,54,16,29
49,55,18,21
49,56,47,58
49,57,37,42
49,58,24,20
49,59,14,18
49,60,14,20
49,61,23,47
49,62,7,7
49,63,4,85
49,65,18,5
49,66,5,0
49,67,43,27
49,68,71,86
49,69,77,68
49,70,25,30
49,71,119,98
49,72,48,53
49,73,66,67
49,74,19,7
49,75,50,30
49,76,66,53
49,77,83,44
49,78,100,52
49,79,39,101
49,82,3,3
49,86,3,3
49,87,15,18
49,88,32,35
49,89,12,11
49,100,3,0
49,106,0,3
49,113,0,3
49,114,3,4
49,115,7,7
49,120,10,12
49,121,5,7
49,122,25,19
49,123,40,34
49,124,24,23
49,125,22,27
49,126,19,24
49,127,6,6
50,42,3,3
50,48,21,17
50,49,9,12
50,50,29,38
50,51,21,23
50,52,14,22
50,53,22,33
50,54,25,30
50,55,21,25
50,56,53,56
50,57,32,52
50,58,34,42
50,59,24,29
50,60,17,19
50,61,38,43
50,62,45,47
50,64,17,26
50,65,17,9
50,66,98,98
50,68,129,113
50,69,54,57
50,70,81,82
50,71,91,90
50,72,52,37
50,73,65,59
50,74,102,82
50,75,82,72
50,76,117,88
50,77,167,101
50,78,142,127
50,79,117,113
50,80,55,70
50,85,5,3
50,87,14,16
50,88,19,11
50,89,12,10
50,90,29,22
50,101,3,0
50,103,3,3
50,105,3,4
50,113,0,3
50,114,0,3
50,115,0,3
50,123,12,7
50,124,16,20
50,125,34,29
50,126,27,38
50,127,46,39
51,40,5,3
51,45,7,10
51,46,5,5
51,47,17,13
51,48,26,29
51,49,21,25
51,51,69,66
51,52,3,4
51,53,37,44
51,54,36,47
51,55,30,31
51,56,27,32
51,57,28,27
51,58,9,12
51,59,19,17
51,60,35,37
51,61,45,47
51,62,43,42
51,63,25,28
51,64,6,7
51,65,80,78
51,66,82,63
51,67,51,28
51,68,116,99
51,69,119,97
51,70,138,142
51,71,146,117
51,72,113,114
51,73,93,68
51,74,172,111
51,75,122,84
51,76,139,93
51,77,90,70
51,78,52,54
51,79,129,99
51,80,57,34
51,81,95,75
51,82,42,42
51,83,51,64
51,84,235,169
51,85,33,22
51,86,22,20
51,87,57,66
51,88,17,20
51,89,41,41
51,90,37,48
51,91,12,12
51,113,3,3
51,125,23,28
51,126,16,20
51,127,14,12
52,40,3,4
52,43,3,3
52,44,18,18
52,45,21,14
52,46,4,3
52,48,6,8
52,49,7,9
52,50,16,18
52,52,4,4
52,53,26,28
52,54,24,26
52,55,19,22
52,56,13,12
52,57,0,3
52,59,3,0
52,61,5,6
52,62,23,27
52,63,8,9
52,65,17,17
52,66,196,105
52,67,45,46
52,68,85,62
52,69,81,103
52,70,106,84
52,71,79,95
52,72,127,84
52,73,52,46
52,74,119,89
52,75,122,121
52,76,133,103
52,77,64,68
52,78,85,85
52,79,80,56
52,80,133,95
52,81,94,93
52,82,52,66
52,83,34,35
52,85,0,3
52,86,0,3
52,87,22,32
52,88,53,79
52,89,31,33
52,90,21,15
52,99,0,3
52,102,3,3
52,103,6,4
52,113,4,12
52,126,3,3
52,127,21,19
53,43,19,18
53,44,24,30
53,45,21,26
53,46,9,17
53,47,7,6
53,50,3,3
53,51,3,0
53,55,3,3
53,56,8,7
53,62,3,0
53,65,31,21
53,66,69,68
53,67,92,89
53,68,73,65
53,70,29,25
53,71,31,27
53,72,136,121
53,73,145,115
53,74,98,85
53,75,169,179
53,76,246,215
53,77,22,31
53,78,154,105
53,79,12,15
53,80,89,69
53,82,28,32
53,86,5,5
53,87,5,0
53,89,14,12
53,91,3,0
53,93,3,0
53,96,3,0
53,103,4,5
53,113,3,4
53,127,12,11
54,43,5,5
54,44,7,6
54,45,10,12
54,46,16,27
54,47,11,13
54,48,14,11
54,49,14,14
54,50,48,50
54,51,33,44
54,52,6,14
54,54,10,7
54,55,34,30
54,56,32,29
54,57,23,30
54,58,9,9
54,60,0,3
54,67,40,56
54,68,88,73
54,69,96,117
54,70,88,104
54,71,118,89
54,72,23,27
54,73,118,91
54,74,104,83
54,75,70,51
54,76,93,61
54,77,109,125
54,78,94,87
54,79,13,16
54,80,188,69
54,82,35,39
54,87,5,7
54,90,0,3
54,103,527,0
55,44,3,3
55,45,11,8
55,46,16,18
55,47,16,13
55,48,24,18
55,49,12,11
55,50,10,19
55,51,16,21
55,52,11,9
55,53,19,17
55,54,14,15
55,55,14,13
55,56,20,15
55,57,15,15
55,58,0,3
55,59,4,6
55,65,27,42
55,66,94,84
55,67,131,106
55,68,126,103
55,69,94,89
55,70,120,96
55,71,59,51
55,73,38,18
55,76,13,11
55,77,34,31
55,78,63,66
55,79,55,60
55,80,59,50
55,81,64,42
55,96,3,0
56,41,3,0
56,45,9,8
56,46,14,9
56,47,20,15
56,48,3,3
56,51,15,14
56,52,14,18
56,53,24,27
56,54,30,22
56,55,23,29
56,56,19,16
56,57,32,41
56,58,45,39
56,59,21,24
56,60,9,7
56,64,18,23
56,65,106,129
56,66,46,56
56,67,86,80
56,68,80,85
56,69,18,16
56,70,67,65
56,71,11,21
56,72,24,17
56,73,43,53
56,76,3,0
56,81,51,31
56,82,35,41
56,97,3,0
57,22,3,3
57,23,8,7
57,47,5,6
57,51,3,3
57,52,9,8
57,53,24,31
57,54,31,31
57,55,35,31
57,56,41,44
57,57,35,54
57,58,31,35
57,59,30,28
57,60,24,24
57,61,3,0
57,64,36,45
57,65,62,70
57,66,140,129
57,67,94,98
57,68,65,55
57,69,118,99
57,70,116,108
57,71,184,127
57,72,89,66
57,73,69,48
57,76,3,0
57,77,37,13
57,80,21,19
57,81,66,111
57,82,89,95
57,83,45,29
57,85,3,0
57,93,4,3
57,94,0,5
57,95,3,3
57,101,3,0
58,23,9,16
58,53,13,12
58,54,26,25
58,55,23,26
58,56,31,32
58,57,4,7
58,58,47,61
58,59,22,29
58,60,26,28
58,61,18,24
58,62,5,8
58,63,39,42
58,64,15,13
58,65,36,49
58,66,87,83
58,67,49,56
58,68,41,30
58,69,47,45
58,70,17,11
58,71,134,114
58,72,149,84
58,73,19,14
58,74,4,4
58,77,79,49
58,78,106,88
58,81,25,19
58,82,43,56
58,83,91,86
58,84,22,22
58,103,11,20
58,113,5,3
58,123,4,3
59,15,3,3
59,23,6,4
59,54,20,20
59,55,14,22
59,56,15,20
59,57,27,29
59,58,22,19
59,59,16,18
59,60,25,22
59,61,33,37
59,62,36,34
59,63,41,59
59,64,23,20
59,65,75,74
59,66,105,116
59,67,80,81
59,68,106,122
59,69,101,84
59,70,88,100
59,71,128,91
59,72,155,87
59,73,17,12
59,74,62,56
59,75,46,43
59,77,76,66
59,78,47,34
59,79,211,112
59,82,7,9
59,83,22,19
59,84,30,34
59,93,3,0
60,16,3,3
60,56,20,23
60,57,23,19
60,58,31,37
60,59,21,30
60,60,25,34
60,61,10,12
60,62,14,16
60,63,8,8
60,64,5,6
60,66,105,107
60,67,110,135
60,68,28,28
60,69,162,112
60,70,19,14
60,71,134,96
60,72,103,90
60,73,86,114
60,74,56,48
60,75,58,63
60,76,37,50
60,77,82,53
60,78,51,30
60,79,137,97
60,84,39,34
60,85,3,4
60,88,7,12
60,89,9,8
60,90,3,0
60,95,3,3
61,55,3,0
61,56,25,35
61,57,18,25
61,58,26,24
61,59,33,32
61,60,7,7
61,62,4,3
61,64,11,6
61,66,4,5
61,67,83,58
61,69,164,133
61,70,134,96
61,71,101,86
61,72,74,65
61,73,103,104
61,74,108,87
61,75,85,62
61,76,41,44
61,77,111,104
61,78,96,55
61,79,47,15
61,85,20,26
61,86,24,15
61,87,9,4
61,89,3,0
61,91,3,3
61,102,3,3
61,105,3,0
62,56,9,13
62,57,23,17
62,58,19,26
62,59,5,8
62,62,9,8
62,63,31,27
62,64,11,12
62,66,70,73
62,67,19,27
62,68,74,74
62,69,113,86
62,70,143,112
62,71,136,129
62,72,37,48
62,73,44,35
62,74,25,32
62,75,79,76
62,76,23,30
62,77,119,116
62,85,47,55
62,86,85,103
62,87,78,74
62,88,65,74
62,89,7,11
62,94,5,3
62,98,5,3
62,100,5,5
62,102,5,5
62,107,3,3
62,108,3,0
62,127,3,0
63,12,3,0
63,57,5,8
63,58,11,12
63,61,5,7
63,62,23,28
63,63,35,35
63,64,19,15
63,65,21,18
63,66,47,57
63,67,71,56
63,68,24,30
63,69,158,152
63,70,88,74
63,71,160,117
63,72,134,112
63,73,56,56
63,74,48,55
63,75,56,80
63,76,43,38
63,77,0,3
63,85,23,20
63,87,14,9
63,88,18,12
63,89,71,75
63,90,29,39
63,91,8,9
63,94,51,65
63,95,12,19
63,96,3,3
63,97,0,4
63,109,3,5
63,122,5,5
63,123,31,30
63,127,16,15
64,5,3,3
64,6,4,3
64,7,7,9
64,8,8,9
64,40,5,3
64,59,3,0
64,61,10,14
64,62,29,26
64,63,29,31
64,64,6,10
64,66,40,118
64,67,41,31
64,68,53,20
64,69,115,74
64,70,97,98
64,71,43,37
64,72,49,46
64,73,115,106
64,74,65,94
64,75,26,28
64,83,12,10
64,84,0,3
64,89,34,25
64,90,20,27
64,91,60,63
64,92,0,3
64,93,100,105
64,94,36,44
64,95,15,15
64,96,13,16
64,101,6,3
64,111,3,0
64,118,12,14
64,119,12,11
64,121,5,4
64,122,12,16
64,123,16,23
64,126,7,10
64,127,23,28
65,3,3,0
65,4,8,10
65,7,0,3
65,8,4,3
65,39,7,9
65,59,6,4
65,60,8,10
65,61,18,25
65,62,6,9
65,63,25,28
65,64,35,29
65,65,29,32
65,66,75,87
65,67,56,55
65,68,18,24
65,69,23,15
65,70,41,20
65,73,27,42
65,74,94,111
65,75,90,71
65,76,15,11
65,90,31,36
65,91,54,72
65,92,12,13
65,93,38,38
65,94,14,12
65,95,0,3
65,96,7,3
65,101,3,3
65,102,18,19
65,103,10,10
65,112,3,3
65,115,4,6
65,116,34,32
65,117,28,31
65,118,14,13
65,119,23,31
65,120,31,27
65,121,30,27
65,122,30,27
65,123,8,12
65,126,23,22
65,127,26,19
66,0,4,3
66,1,14,19
66,2,3,5
66,4,11,16
66,5,8,8
66,41,3,3
66,57,4,5
66,58,3,3
66,60,6,6
66,61,10,17
66,62,28,31
66,63,29,29
66,64,42,66
66,65,89,93
66,66,101,86
66,67,48,34
66,68,47,56
66,70,0,3
66,73,4,6
66,74,51,38
66,75,34,14
66,90,49,28
66,93,33,24
66,94,14,17
66,101,6,5
66,102,20,19
66,114,5,5
66,116,14,15
66,117,12,8
66,118,41,42
66,119,18,17
66,120,29,26
66,121,27,25
66,122,37,41
66,126,33,31
66,127,35,34
67,2,25,34
67,3,68,61
67,4,19,11
67,5,13,18
67,37,4,4
67,38,7,6
67,42,0,6
67,43,3,3
67,44,3,0
67,61,12,10
67,62,38,39
67,63,59,74
67,64,30,43
67,65,60,71
67,66,49,53
67,67,7,12
67,68,35,43
67,74,33,44
67,75,9,11
67,93,4,3
67,100,13,10
67,101,19,23
67,102,5,5
67,116,3,3
67,117,6,3
67,118,22,37
67,119,16,22
67,120,45,43
67,121,21,14
67,122,20,17
67,123,10,7
67,124,3,3
67,125,13,12
67,126,46,53
67,127,15,16
68,2,27,37
68,3,10,15
68,4,9,8
68,5,14,21
68,6,9,3
68,11,3,0
68,36,3,3
68,41,0,3
68,42,7,5
68,61,14,30
68,62,49,50
68,63,29,38
68,64,54,56
68,65,126,161
68,66,89,110
68,67,34,33
68,68,61,52
68,69,15,13
68,72,13,17
68,73,41,38
68,74,6,5
68,75,83,80
68,76,46,40
68,92,0,4
68,93,8,5
68,94,4,3
68,95,0,3
68,99,8,10
68,100,25,29
68,101,19,11
68,102,12,17
68,103,12,19
68,104,19,21
68,117,15,17
68,118,3,0
68,119,57,50
68,120,16,15
68,121,26,24
68,122,8,7
68,123,37,32
68,124,23,24
68,125,35,31
68,126,39,28
68,127,22,20
69,2,26,15
69,5,7,10
69,6,34,30
69,37,3,3
69,38,0,3
69,39,6,4
69,41,4,4
69,42,3,4
69,49,4,3
69,61,5,8
69,62,28,27
69,63,89,79
69,64,71,65
69,65,24,34
69,66,63,75
69,67,61,61
69,68,107,119
69,70,11,9
69,74,82,84
69,75,51,41
69,78,4,3
69,92,8,6
69,93,43,43
69,94,55,46
69,95,92,84
69,96,32,32
69,99,17,12
69,100,23,32
69,101,25,25
69,102,19,15
69,103,15,13
69,104,14,10
69,117,48,44
69,118,17,11
69,119,24,26
69,120,6,4
69,121,34,48
69,122,41,46
69,123,31,23
69,124,27,25
69,125,27,24
69,126,39,31
69,127,49,47
70,2,7,6
70,6,9,9
70,7,8,5
70,31,4,9
70,35,6,4
70,42,3,0
70,43,3,0
70,58,13,11
70,59,23,24
70,60,33,43
70,61,25,26
70,62,16,26
70,63,43,49
70,64,56,64
70,65,100,89
70,66,47,41
70,67,106,110
70,68,60,61
70,69,94,78
70,70,33,27
70,74,49,31
70,75,22,13
70,87,3,3
70,90,14,12
70,91,20,20
70,92,17,28
70,93,17,17
70,94,51,49
70,95,32,41
70,96,52,47
70,97,3,5
70,98,20,18
70,99,18,19
70,100,26,24
70,101,10,19
70,102,15,10
70,103,24,25
70,104,6,8
70,118,11,9
70,119,26,31
70,120,45,45
70,121,26,30
70,122,21,22
70,123,57,58
70,124,54,56
70,125,49,60
70,126,49,51
70,127,43,47
71,3,20,25
71,4,6,7
71,6,5,3
71,7,10,4
71,30,6,3
71,31,3,3
71,34,6,6
71,35,11,11
71,36,0,3
71,56,0,3
71,57,29,30
71,58,60,63
71,59,61,60
71,60,40,31
71,61,19,18
71,62,31,29
71,63,12,10
71,64,30,32
71,65,27,34
71,66,5,11
71,67,36,29
71,69,41,45
71,70,44,46
71,75,7,14
71,89,13,13
71,90,21,25
71,91,26,29
71,92,27,25
71,93,14,15
71,94,49,58
71,95,55,56
71,96,21,19
71,97,35,33
71,98,65,57
71,99,19,28
71,100,7,9
71,101,31,42
71,102,11,7
71,103,41,32
71,104,3,3
71,120,37,36
71,121,20,19
71,122,60,62
71,123,37,41
71,124,44,51
71,125,44,39
71,126,32,43
71,127,38,34
72,3,3,4
72,4,16,25
72,5,8,7
72,6,34,31
72,7,15,17
72,8,9,9
72,30,7,7
72,35,5,3
72,53,12,13
72,54,9,10
72,55,3,0
72,56,9,8
72,57,41,42
72,58,51,56
72,59,17,21
72,60,14,14
72,61,13,14
72,62,25,25
72,63,47,62
72,67,6,5
72,68,5,3
72,78,3,0
72,89,29,24
72,90,18,19
72,91,31,24
72,92,23,31
72,93,40,43
72,94,57,71
72,95,56,67
72,96,75,64
72,97,3,4
72,98,75,51
72,99,30,29
72,100,14,16
72,101,15,17
72,102,11,20
72,103,17,19
72,114,3,3
72,115,8,6
72,116,7,4
72,120,16,9
72,121,49,51
72,122,50,47
72,123,25,33
72,124,21,20
72,125,43,50
72,126,38,31
72,127,56,57
73,4,9,4
73,5,49,65
73,6,38,42
73,7,19,15
73,8,31,39
73,9,3,5
73,29,3,5
73,51,14,19
73,52,41,46
73,53,50,54
73,54,21,18
73,55,4,5
73,56,5,0
73,57,21,28
73,58,38,42
73,59,15,18
73,60,6,5
73,61,46,43
73,62,37,43
73,66,3,3
73,70,3,0
73,78,3,3
73,89,10,10
73,90,36,37
73,91,25,30
73,92,38,39
73,93,13,16
73,94,23,29
73,95,77,25
73,96,85,56
73,97,98,80
73,98,150,127
73,99,57,52
73,100,84,76
73,101,38,39
73,102,30,29
73,103,24,20
73,106,0,4
73,112,16,12
73,115,6,8
73,116,3,3
73,120,5,4
73,121,27,28
73,122,22,29
73,123,5,7
73,124,19,28
73,125,35,38
73,126,34,40
73,127,55,45
74,1,3,0
74,2,3,3
74,4,4,5
74,5,11,9
74,6,26,22
74,7,25,32
74,8,22,21
74,9,8,9
74,19,3,0
74,28,3,3
74,29,4,5
74,45,6,0
74,52,3,0
74,53,22,20
74,54,43,46
74,55,11,9
74,56,45,56
74,57,25,43
74,58,37,47
74,59,17,20
74,60,44,42
74,61,114,110
74,62,28,35
74,80,3,3
74,90,34,31
74,91,44,48
74,92,20,16
74,93,10,7
74,94,57,73
74,95,26,23
74,96,141,125
74,97,26,37
74,98,75,71
74,99,77,95
74,100,46,60
74,101,16,21
74,102,21,24
74,103,10,11
74,104,5,3
74,112,23,26
74,115,4,3
74,116,22,23
74,117,23,21
74,118,10,10
74,121,39,47
74,122,21,15
74,123,13,16
74,125,4,7
74,126,67,81
74,127,60,64
75,6,16,23
75,7,7,10
75,8,14,14
75,9,18,16
75,10,7,11
75,45,19,15
75,46,25,26
75,47,6,8
75,50,0,3
75,55,39,45
75,56,35,44
75,57,43,48
75,58,45,53
75,59,26,20
75,60,29,32
75,61,50,47
75,62,27,25
75,63,64,69
75,66,20,31
75,75,77,54
75,76,3,0
75,81,3,0
75,90,15,16
75,91,30,31
75,92,5,6
75,93,50,58
75,94,28,13
75,95,36,22
75,96,32,34
75,97,4,6
75,98,26,28
75,99,76,81
75,100,55,60
75,101,33,47
75,102,50,51
75,103,4,8
75,111,3,3
75,112,13,16
75,113,4,3
75,115,28,28
75,116,25,28
75,117,4,5
75,118,7,6
75,121,42,43
75,122,34,34
75,123,34,116
75,124,24,29
75,125,33,53
75,126,40,46
75,127,58,74
76,7,14,15
76,8,12,14
76,9,15,14
76,10,24,25
76,11,4,8
76,44,19,16
76,45,28,32
76,46,41,39
76,47,16,21
76,54,34,46
76,55,40,46
76,56,58,63
76,57,43,54
76,58,53,66
76,59,135,94
76,60,9,14
76,61,6,9
76,62,40,37
76,63,19,19
76,64,37,46
76,65,35,37
76,66,31,36
76,74,12,14
76,75,44,51
76,85,3,3
76,86,16,19
76,93,13,21
76,94,28,26
76,95,30,36
76,96,24,22
76,97,4,7
76,98,24,20
76,99,10,14
76,100,13,21
76,101,6,6
76,102,38,51
76,103,12,8
76,110,4,3
76,111,8,12
76,112,23,21
76,113,15,18
76,114,10,10
76,115,13,16
76,119,38,50
76,121,48,55
76,122,28,30
76,123,29,23
76,124,39,72
76,125,51,31
76,126,36,32
76,127,11,8
77,7,15,20
77,8,16,15
77,9,21,26
77,10,20,28
77,11,25,20
77,12,27,22
77,22,0,3
77,26,0,3
77,27,4,3
77,43,6,9
77,44,18,25
77,45,27,30
77,46,16,20
77,53,14,12
77,54,15,17
77,55,24,25
77,56,32,33
77,57,30,43
77,58,49,54
77,59,17,24
77,60,9,6
77,61,16,12
77,62,23,22
77,63,19,20
77,65,5,9
77,66,27,32
77,74,25,28
77,75,17,13
77,77,52,52
77,79,14,21
77,87,5,9
77,94,14,14
77,95,13,18
77,96,20,15
77,97,9,8
77,98,4,4
77,99,25,30
77,100,10,19
77,101,23,26
77,102,6,9
77,103,18,12
77,112,17,16
77,113,12,13
77,114,42,40
77,115,13,8
77,119,21,34
77,120,7,12
77,121,45,42
77,122,64,66
77,123,34,26
77,124,58,63
77,125,8,6
77,126,4,6
78,7,15,9
78,8,10,14
78,9,4,5
78,12,9,10
78,13,25,26
78,14,4,3
78,16,7,6
78,17,9,9
78,21,4,3
78,26,6,5
78,27,3,3
78,43,8,10
78,44,28,22
78,45,92,116
78,46,27,28
78,47,15,12
78,48,3,0
78,52,22,23
78,53,18,17
78,54,16,16
78,55,9,8
78,56,43,40
78,57,54,44
78,58,87,66
78,59,43,47
78,60,53,56
78,61,34,36
78,62,23,26
78,63,28,26
78,64,19,35
78,65,22,24
78,66,15,12
78,74,8,6
78,75,66,59
78,76,65,73
78,77,57,69
78,78,26,18
78,79,9,10
78,85,3,3
78,96,7,11
78,97,17,22
78,98,18,22
78,99,19,23
78,100,5,7
78,110,5,4
78,111,10,15
78,112,22,19
78,113,21,24
78,114,17,18
78,115,51,40
78,116,33,46
78,117,6,6
78,119,5,5
78,120,47,61
78,121,26,33
78,122,54,51
78,123,56,49
78,124,22,22
78,125,21,21
78,126,8,10
78,127,27,31
79,13,3,5
79,14,27,21
79,15,3,5
79,16,6,6
79,17,31,31
79,18,9,7
79,19,5,3
79,24,14,9
79,25,9,10
79,26,16,13
79,41,3,3
79,42,8,10
79,44,50,70
79,45,94,106
79,46,109,125
79,47,125,145
79,48,19,28
79,49,7,5
79,52,60,68
79,53,96,109
79,54,14,14
79,55,13,14
79,56,24,21
79,57,50,46
79,58,41,45
79,59,43,42
79,60,15,18
79,61,11,7
79,65,7,10
79,74,77,52
79,75,62,62
79,76,21,36
79,77,41,43
79,89,4,4
79,90,5,3
79,98,0,3
79,99,4,3
79,110,19,21
79,111,22,19
79,112,13,16
79,113,12,10
79,114,22,16
79,115,34,35
79,116,44,46
79,117,62,46
79,118,24,35
79,119,41,51
79,120,26,28
79,121,27,32
79,122,41,45
79,123,38,41
79,124,14,14
79,125,52,58
79,126,58,57
79,127,47,65
80,14,3,3
80,15,19,27
80,16,25,27
80,17,21,25
80,18,17,19
80,26,6,4
80,41,7,6
80,43,5,3
80,44,22,25
80,45,96,132
80,46,51,61
80,47,35,42
80,48,78,87
80,49,46,45
80,50,9,11
80,51,15,17
80,52,94,92
80,53,86,98
80,54,43,39
80,55,43,21
80,56,3,0
80,57,9,10
80,58,36,44
80,59,45,44
80,60,27,32
80,61,4,3
80,70,19,15
80,74,66,54
80,75,62,71
80,76,96,115
80,77,13,13
80,85,4,3
80,109,13,15
80,110,17,18
80,111,16,20
80,112,31,32
80,113,15,11
80,114,15,14
80,115,27,31
80,116,32,32
80,117,52,59
80,118,7,8
80,119,12,20
80,120,31,31
80,121,3,0
80,122,30,30
80,123,40,37
80,124,7,8
80,125,14,12
80,126,40,55
80,127,63,59
81,15,8,5
81,16,33,29
81,17,27,25
81,18,3,5
81,43,3,0
81,44,24,20
81,45,26,27
81,46,80,82
81,47,78,84
81,48,37,37
81,49,63,71
81,50,45,56
81,51,63,79
81,52,84,75
81,53,46,66
81,54,71,80
81,55,17,17
81,56,3,3
81,60,10,7
81,61,16,14
81,66,3,3
81,70,19,20
81,71,12,18
81,73,24,23
81,74,59,65
81,75,35,26
81,76,16,25
81,77,25,24
81,85,3,3
81,86,3,3
81,110,17,18
81,111,12,14
81,112,46,45
81,113,27,31
81,114,29,35
81,115,50,35
81,116,48,43
81,117,9,11
81,118,19,29
81,119,27,31
81,120,56,55
81,122,49,62
81,123,44,52
81,124,28,27
81,125,27,34
81,126,19,17
81,127,44,38
82,16,19,20
82,17,19,22
82,18,12,20
82,19,9,6
82,44,3,3
82,45,14,13
82,46,13,18
82,47,16,17
82,48,3,3
82,49,92,99
82,50,19,17
82,51,36,31
82,52,102,91
82,53,102,111
82,55,5,5
82,61,29,26
82,65,11,8
82,71,19,17
82,72,27,23
82,73,30,31
82,74,40,43
82,75,41,26
82,76,43,31
82,77,11,16
82,78,42,45
82,79,3,3
82,112,21,24
82,113,33,34
82,114,34,35
82,115,19,24
82,116,41,47
82,117,27,29
82,118,35,28
82,119,30,50
82,120,45,60
82,121,28,31
82,122,36,38
82,123,37,37
82,124,26,22
82,125,40,40
82,126,6,6
82,127,20,27
83,17,15,20
83,18,17,11
83,19,20,19
83,40,14,7
83,41,18,18
83,46,3,3
83,47,16,13
83,48,16,29
83,49,37,54
83,50,58,64
83,51,31,28
83,52,61,93
83,53,10,9
83,63,3,3
83,69,3,3
83,70,5,6
83,71,3,3
83,72,6,7
83,73,6,6
83,74,23,20
83,75,25,26
83,76,61,61
83,77,71,51
83,78,5,9
83,80,3,4
83,108,3,3
83,111,4,3
83,112,21,20
83,113,37,37
83,114,39,31
83,115,4,3
83,117,9,12
83,118,28,72
83,119,32,24
83,120,34,46
83,121,37,36
83,122,68,69
83,123,25,31
84,9,3,0
84,11,16,21
84,12,20,17
84,13,8,11
84,14,3,0
84,18,24,21
84,35,3,3
84,40,30,31
84,41,94,105
84,42,54,41
84,49,3,3
84,50,6,7
84,51,28,22
84,52,19,21
84,62,4,4
84,64,3,3
84,71,17,16
84,72,16,15
84,73,23,20
84,74,30,39
84,75,59,56
84,76,22,19
84,77,43,41
84,78,30,39
84,79,35,58
84,80,62,51
84,94,3,7
84,109,3,0
84,112,30,31
84,113,71,74
84,114,90,112
84,116,15,11
84,118,3,4
84,119,23,15
84,120,30,37
84,121,51,56
85,9,10,7
85,10,7,12
85,11,33,38
85,12,19,16
85,13,28,35
85,14,7,8
85,18,11,19
85,29,0,3
85,39,25,29
85,40,57,50
85,41,47,42
85,42,39,44
85,43,42,52
85,51,20,23
85,52,4,4
85,71,22,23
85,72,17,17
85,73,32,37
85,74,30,25
85,75,30,41
85,76,25,23
85,77,7,6
85,78,50,65
85,79,42,48
85,80,56,57
85,81,25,26
85,111,14,10
85,112,31,36
85,113,23,25
85,115,3,10
85,118,16,13
85,119,16,13
85,120,14,7
85,121,18,16
85,122,7,4
86,10,3,3
86,11,23,31
86,12,19,23
86,13,28,29
86,14,27,20
86,36,3,3
86,38,3,3
86,39,27,32
86,40,47,35
86,41,32,38
86,42,53,59
86,51,4,3
86,59,0,3
86,65,3,3
86,69,4,3
86,70,13,23
86,71,8,8
86,73,3,3
86,74,24,24
86,75,6,11
86,76,23,35
86,77,29,38
86,78,56,49
86,79,66,73
86,80,25,28
86,81,33,38
86,82,23,17
86,116,4,5
86,117,14,16
86,118,37,24
86,119,29,41
86,121,11,9
86,122,4,0
87,10,6,4
87,11,19,24
87,12,18,17
87,13,19,16
87,14,21,26
87,15,6,6
87,20,4,6
87,23,3,0
87,24,3,3
87,35,4,11
87,36,42,40
87,37,38,36
87,38,42,43
87,39,25,29
87,40,31,28
87,41,63,62
87,42,10,11
87,57,5,7
87,69,4,5
87,70,29,28
87,71,23,22
87,72,34,34
87,73,37,49
87,74,32,29
87,75,68,75
87,76,12,20
87,77,23,18
87,78,22,25
87,79,19,10
87,80,35,41
87,81,14,16
87,82,43,40
87,83,6,5
87,111,5,4
87,117,7,5
87,118,25,21
87,119,17,10
87,120,7,3
88,9,11,11
88,10,8,10
88,11,10,5
88,12,31,29
88,13,14,11
88,14,4,8
88,20,3,7
88,33,3,6
88,34,18,12
88,35,22,22
88,36,24,23
88,37,29,32
88,38,34,27
88,39,53,42
88,40,40,41
88,41,12,10
88,46,41,60
88,47,38,35
88,48,8,3
88,49,13,17
88,54,16,0
88,57,5,3
88,69,17,16
88,70,13,20
88,71,11,18
88,72,28,31
88,73,18,16
88,74,50,49
88,75,11,9
88,76,44,33
88,77,5,4
88,78,28,28
88,79,57,54
88,81,51,47
88,82,28,27
88,83,15,10
88,87,3,0
88,94,4,6
88,97,3,0
88,98,6,7
88,113,3,4
88,116,33,25
88,117,35,34
89,8,8,8
89,9,16,17
89,10,49,50
89,11,14,12
89,12,14,8
89,19,5,6
89,20,3,3
89,33,23,26
89,34,30,32
89,35,28,31
89,36,22,26
89,37,44,45
89,38,34,30
89,39,47,46
89,40,36,40
89,46,85,72
89,47,27,27
89,48,53,41
89,49,24,32
89,50,10,11
89,69,14,15
89,70,35,44
89,71,35,38
89,72,51,56
89,73,29,43
89,74,31,33
89,75,8,9
89,76,11,8
89,77,31,43
89,78,28,29
89,79,61,60
89,80,31,31
89,81,49,55
89,82,47,51
89,83,26,20
89,84,22,20
89,85,17,20
89,94,14,21
89,95,7,6
89,97,14,13
89,98,3,0
89,102,8,4
89,103,5,4
89,109,3,3
89,114,3,0
89,115,23,21
89,116,14,15
89,117,7,11
89,118,0,3
90,8,3,0
90,9,13,12
90,10,19,18
90,11,15,19
90,12,26,31
90,31,3,4
90,33,21,23
90,34,18,20
90,35,29,30
90,36,16,14
90,37,15,17
90,38,24,19
90,39,11,9
90,40,5,7
90,44,15,9
90,46,60,86
90,47,21,19
90,48,18,16
90,49,43,47
90,50,22,28
90,51,5,7
90,69,23,16
90,70,29,29
90,71,52,50
90,72,36,30
90,73,37,32
90,74,23,23
90,75,21,24
90,76,40,79
90,77,4,6
90,78,44,50
90,79,17,22
90,80,44,54
90,81,9,11
90,82,62,70
90,83,45,36
90,84,29,24
90,85,24,27
90,86,7,12
90,94,7,8
90,95,11,12
90,96,13,15
90,97,27,27
90,100,17,19
90,101,5,4
90,112,3,4
90,113,30,32
90,114,51,59
90,115,11,12
90,120,6,3
90,121,11,12
91,9,8,8
91,10,0,3
91,12,19,21
91,13,9,11
91,19,3,0
91,29,3,6
91,30,0,3
91,31,5,5
91,32,12,14
91,33,14,19
91,34,10,15
91,35,40,47
91,36,18,32
91,37,33,40
91,38,18,17
91,39,31,29
91,40,15,15
91,41,20,19
91,42,51,59
91,45,10,12
91,47,21,25
91,48,38,48
91,49,17,23
91,50,42,48
91,51,17,17
91,52,18,22
91,56,3,3
91,68,3,3
91,69,20,30
91,70,17,21
91,71,5,4
91,72,22,22
91,73,10,5
91,74,49,54
91,76,21,14
91,77,38,38
91,78,17,15
91,79,55,57
91,80,66,70
91,81,87,89
91,82,46,40
91,83,27,32
91,84,16,18
91,85,39,36
91,86,27,25
91,94,3,3
91,95,44,38
91,96,26,20
91,97,14,14
91,98,30,21
91,99,21,26
91,100,26,26
91,101,15,17
91,102,4,7
91,111,3,0
91,112,28,27
91,113,35,31
91,114,19,25
91,115,24,31
91,118,8,3
92,3,0,3
92,4,4,8
92,7,6,5
92,8,4,5
92,9,3,5
92,10,4,3
92,13,28,26
92,14,15,17
92,18,3,6
92,30,3,3
92,31,3,3
92,32,14,17
92,33,14,13
92,35,17,23
92,36,18,22
92,37,12,15
92,38,20,16
92,39,22,22
92,40,25,35
92,41,24,36
92,42,21,26
92,43,20,23
92,44,21,24
92,45,40,34
92,46,14,19
92,47,20,22
92,48,4,3
92,50,7,5
92,70,6,7
92,71,38,36
92,72,35,36
92,73,13,13
92,74,26,34
92,75,11,8
92,76,33,28
92,77,15,24
92,78,54,66
92,79,19,29
92,80,70,72
92,81,34,37
92,82,21,34
92,83,81,87
92,84,5,5
92,85,47,51
92,86,15,18
92,87,12,13
92,88,15,11
92,93,4,4
92,94,26,35
92,95,42,43
92,96,28,26
92,97,19,20
92,98,36,31
92,99,10,10
92,100,23,27
92,101,3,0
92,111,0,3
92,112,3,3
92,114,23,28
92,115,21,17
92,116,24,32
92,117,13,5
92,122,7,6
92,123,3,6
93,4,8,10
93,5,10,8
93,6,4,4
93,9,3,3
93,14,19,15
93,26,4,3
93,34,3,4
93,35,7,6
93,36,26,37
93,37,28,37
93,38,23,21
93,39,34,36
93,40,31,31
93,41,33,41
93,42,39,41
93,43,26,36
93,44,31,43
93,45,53,53
93,46,39,32
93,47,20,24
93,49,13,11
93,50,17,16
93,51,3,0
93,64,3,0
93,70,48,51
93,71,11,17
93,72,29,34
93,73,24,28
93,74,56,50
93,75,35,30
93,76,28,30
93,77,24,22
93,78,39,37
93,79,27,44
93,80,24,33
93,81,43,48
93,82,32,28
93,83,27,26
93,84,29,30
93,85,23,23
93,86,6,5
93,92,7,9
93,93,16,16
93,94,45,42
93,95,27,36
93,96,19,19
93,97,20,18
93,98,23,22
93,99,20,26
93,114,55,54
93,115,34,37
93,117,4,6
93,118,15,11
93,122,3,3
93,123,7,6
94,5,11,7
94,6,5,3
94,14,13,19
94,26,15,8
94,27,7,9
94,35,13,12
94,36,7,7
94,37,29,34
94,38,16,16
94,39,54,62
94,40,33,31
94,41,7,7
94,42,15,15
94,43,32,37
94,44,36,38
94,45,25,27
94,46,23,21
94,47,15,18
94,48,17,12
94,49,19,24
94,50,26,22
94,69,11,5
94,70,22,19
94,71,43,41
94,72,19,20
94,74,19,18
94,75,30,33
94,76,27,37
94,77,26,26
94,78,34,39
94,79,14,16
94,80,19,18
94,81,56,59
94,82,23,18
94,83,6,3
94,86,12,18
94,92,11,12
94,93,17,6
94,94,38,37
94,95,43,43
94,96,34,30
94,97,19,25
94,98,15,16
94,114,5,7
94,115,5,8
94,118,17,21
94,119,33,30
94,122,3,4
94,123,27,26
95,6,7,12
95,7,7,4
95,14,3,3
95,22,0,3
95,26,5,6
95,34,29,29
95,35,19,18
95,36,43,37
95,37,26,32
95,38,41,48
95,39,28,37
95,40,41,48
95,42,11,19
95,43,25,27
95,44,28,43
95,46,3,4
95,47,20,31
95,48,13,16
95,49,28,28
95,50,23,22
95,58,4,3
95,69,11,11
95,70,31,28
95,71,3,3
95,72,44,37
95,74,22,25
95,75,39,25
95,76,14,10
95,77,41,48
95,78,14,12
95,79,28,30
95,80,45,47
95,81,22,25
95,82,6,5
95,86,15,22
95,93,22,23
95,94,6,6
95,95,18,18
95,96,19,25
95,97,3,3
95,109,3,3
95,114,6,5
95,116,17,15
95,117,32,42
95,118,39,38
95,119,37,36
95,120,28,32
95,123,3,8
95,124,8,11
96,15,4,4
96,22,3,0
96,26,3,3
96,34,45,50
96,35,10,10
96,36,24,31
96,37,39,35
96,38,34,44
96,39,14,32
96,40,33,67
96,41,6,4
96,42,21,19
96,43,21,17
96,44,35,31
96,45,24,32
96,46,21,24
96,47,14,16
96,48,24,27
96,49,26,21
96,50,4,10
96,51,18,26
96,52,5,9
96,69,24,19
96,72,12,23
96,73,13,13
96,74,3,0
96,75,3,0
96,76,25,18
96,77,37,32
96,78,40,57
96,79,3,5
96,80,0,3
96,81,6,4
96,85,4,5
96,86,15,14
96,92,9,12
96,93,26,43
96,94,71,67
96,95,9,10
96,117,25,21
96,118,28,21
96,119,25,35
96,120,39,46
96,121,42,33
96,122,6,7
96,123,14,23
96,124,31,34
96,126,6,6
96,127,16,20
97,8,5,5
97,15,3,3
97,20,9,0
97,22,3,3
97,23,3,3
97,25,3,4
97,34,4,6
97,35,29,27
97,36,28,30
97,37,53,55
97,38,73,80
97,39,32,42
97,40,31,27
97,41,25,36
97,42,45,44
97,43,56,51
97,44,14,18
97,45,18,25
97,46,23,38
97,47,19,32
97,48,23,27
97,49,24,29
97,50,26,33
97,51,12,14
97,52,3,5
97,53,29,21
97,54,3,5
97,73,17,24
97,74,10,8
97,75,12,15
97,76,19,15
97,77,47,34
97,78,3,3
97,79,0,3
97,87,0,3
97,89,3,3
97,90,12,11
97,91,12,15
97,92,11,15
97,93,37,45
97,94,43,41
97,95,40,43
97,117,13,15
97,118,23,21
97,119,10,16
97,120,25,32
97,121,3,0
97,122,52,59
97,123,10,10
97,124,14,11
97,125,14,12
97,126,12,11
97,127,11,13
98,9,3,3
98,15,4,3
98,16,9,9
98,18,6,12
98,22,19,20
98,23,26,34
98,24,3,3
98,35,10,12
98,36,18,20
98,37,51,65
98,38,36,41
98,39,24,33
98,41,12,14
98,42,11,18
98,43,25,29
98,44,50,69
98,45,52,51
98,46,16,23
98,47,35,42
98,48,15,12
98,49,37,39
98,50,44,52
98,51,26,33
98,52,15,23
98,53,13,18
98,54,27,30
98,55,20,22
98,57,0,4
98,72,3,3
98,73,6,3
98,75,9,10
98,76,66,97
98,78,3,3
98,88,3,0
98,90,20,20
98,91,27,27
98,92,34,26
98,93,65,58
98,94,47,50
98,120,21,21
98,121,15,16
98,123,40,45
98,124,16,14
98,125,10,17
98,126,19,22
98,127,11,13
99,16,16,12
99,17,28,30
99,18,41,46
99,19,22,24
99,20,29,34
99,21,21,23
99,22,27,20
99,23,14,14
99,25,5,4
99,35,4,3
99,36,32,30
99,37,16,14
99,38,35,38
99,40,18,13
99,41,12,15
99,43,7,13
99,44,43,68
99,45,53,57
99,46,19,37
99,47,7,6
99,49,17,14
99,50,31,40
99,51,37,54
99,52,46,43
99,53,37,46
99,54,25,29
99,71,3,3
99,72,0,3
99,73,25,21
99,74,16,16
99,75,40,36
99,76,26,21
99,87,4,4
99,89,0,3
99,90,8,9
99,91,33,36
99,92,59,51
99,93,83,84
99,94,4,9
99,121,40,47
99,122,26,22
99,124,37,41
99,125,23,27
99,126,9,4
100,10,3,0
100,16,0,3
100,17,47,53
100,18,36,38
100,19,20,18
100,20,24,14
100,21,22,18
100,22,25,27
100,23,20,25
100,25,3,3
100,34,3,3
100,35,12,17
100,36,37,28
100,37,18,22
100,38,6,5
100,40,5,8
100,42,4,5
100,43,27,32
100,44,28,29
100,45,46,48
100,46,3,7
100,49,3,0
100,50,46,52
100,51,58,56
100,52,13,17
100,53,6,5
100,54,3,3
100,70,11,8
100,71,36,28
100,72,24,21
100,73,36,35
100,74,42,45
100,75,32,28
100,76,28,28
100,77,3,0
100,90,6,5
100,91,10,15
100,92,9,6
100,93,12,6
100,108,0,3
100,110,3,3
100,120,3,0
100,121,25,26
100,122,14,21
100,123,17,18
100,125,27,23
100,126,39,45
100,127,16,7
101,1,4,3
101,2,3,5
101,6,3,0
101,15,3,0
101,16,21,20
101,17,42,42
101,18,10,9
101,19,17,19
101,20,10,10
101,21,34,29
101,22,24,22
101,23,19,17
101,26,3,0
101,35,4,3
101,36,27,23
101,37,10,5
101,39,5,5
101,41,7,8
101,42,36,30
101,43,22,24
101,44,18,15
101,45,11,18
101,50,50,42
101,51,35,39
101,52,3,3
101,55,10,8
101,69,12,12
101,70,34,28
101,71,35,38
101,72,11,12
101,73,10,9
101,74,31,26
101,75,25,27
101,76,28,29
101,77,36,29
101,90,13,13
101,91,4,3
101,92,0,3
101,121,0,3
101,122,11,9
101,123,37,32
101,124,23,32
101,125,13,8
101,126,7,5
101,127,44,50
102,0,14,8
102,1,6,7
102,5,5,5
102,11,3,3
102,15,8,10
102,16,21,20
102,17,32,34
102,18,20,20
102,19,15,16
102,20,13,12
102,21,28,33
102,22,34,90
102,24,6,7
102,28,3,0
102,34,3,3
102,35,4,4
102,36,10,15
102,37,11,8
102,41,15,21
102,42,31,32
102,43,13,14
102,44,37,40
102,45,20,23
102,46,0,3
102,48,3,0
102,49,8,12
102,50,25,24
102,51,43,49
102,53,0,3
102,73,17,12
102,74,38,33
102,75,42,43
102,76,29,23
102,77,32,31
102,78,3,3
102,81,3,4
102,111,3,0
102,122,15,19
102,123,39,45
102,124,21,22
102,125,13,17
102,126,25,28
102,127,43,44
103,0,9,10
103,16,15,19
103,17,70,77
103,18,20,18
103,19,13,15
103,20,22,20
103,21,17,14
103,36,3,3
103,40,13,12
103,41,33,28
103,42,17,21
103,43,21,27
103,44,15,27
103,45,25,25
103,46,21,20
103,47,19,23
103,48,17,20
103,49,22,25
103,50,18,13
103,73,15,14
103,74,18,17
103,75,41,37
103,76,31,33
103,77,18,20
103,78,23,22
103,122,8,9
103,123,27,30
103,124,33,33
103,125,35,30
103,126,13,17
103,127,29,30
104,0,29,25
104,1,21,12
104,16,3,5
104,17,24,22
104,18,26,32
104,19,17,26
104,20,15,20
104,21,0,3
104,23,10,7
104,24,3,0
104,39,5,8
104,40,5,10
104,41,27,27
104,42,47,37
104,43,32,32
104,44,11,19
104,45,23,30
104,46,32,27
104,47,9,13
104,48,4,5
104,69,0,3
104,73,3,4
104,74,45,44
104,75,28,19
104,76,33,36
104,77,20,19
104,78,22,37
104,79,3,3
104,90,3,3
104,123,8,5
104,124,9,7
104,125,21,34
104,126,10,15
104,127,24,24
105,0,40,35
105,1,24,28
105,14,4,4
105,16,3,0
105,17,14,9
105,18,16,28
105,19,14,18
105,20,14,17
105,21,9,8
105,22,3,0
105,29,3,3
105,35,4,4
105,42,36,34
105,43,33,32
105,44,35,25
105,45,19,20
105,46,27,30
105,70,6,6
105,74,45,30
105,75,62,46
105,76,46,41
105,77,21,20
105,78,8,9
105,79,5,7
105,90,3,0
105,124,3,3
105,125,18,21
105,126,23,23
105,127,20,23
106,0,29,35
106,1,38,41
106,2,13,18
106,16,3,0
106,18,6,5
106,19,39,37
106,20,7,8
106,33,3,3
106,41,9,9
106,42,5,4
106,43,6,3
106,44,8,9
106,45,21,20
106,46,24,28
106,47,4,6
106,74,45,48
106,75,30,30
106,76,18,20
106,77,15,12
106,78,10,9
106,79,3,5
106,111,7,5
106,126,7,9
106,127,12,20
107,0,24,27
107,1,29,25
107,2,14,15
107,18,16,19
107,19,31,22
107,21,8,6
107,45,10,13
107,46,20,29
107,47,42,36
107,74,18,21
107,76,5,4
107,77,3,0
107,111,3,4
108,0,20,17
108,1,26,35
108,2,17,24
108,18,23,22
108,19,41,33
108,20,21,16
108,21,10,12
108,22,7,5
108,23,4,8
108,45,12,12
108,46,10,13
108,47,31,39
108,48,18,18
108,51,3,3
108,52,6,4
108,74,24,32
108,75,3,5
108,76,12,9
108,77,3,0
109,2,28,39
109,3,9,9
109,11,4,4
109,18,3,5
109,19,29,19
109,20,11,12
109,21,3,3
109,22,11,12
109,25,8,9
109,26,13,11
109,47,6,8
109,74,14,23
109,75,13,12
110,2,14,13
110,3,12,13
110,11,5,6
110,15,4,4
110,17,3,4
110,18,8,11
110,19,29,37
110,20,4,3
110,22,4,7
110,26,9,6
110,27,6,6
110,28,3,0
110,32,4,3
110,67,3,3
110,74,3,3
110,75,3,0
111,3,18,16
111,4,3,0
111,14,3,3
111,15,3,0
111,16,8,5
111,18,15,13
111,19,20,21
111,21,0,3
111,23,6,3
111,28,21,21
111,29,4,3
111,31,25,27
111,32,25,20
111,33,15,15
111,46,6,3
111,47,21,20
111,85,3,4
112,3,5,4
112,4,9,6
112,17,7,5
112,19,11,9
112,20,7,8
112,29,3,0
112,33,12,8
112,34,21,15
112,35,4,3
112,41,4,4
112,46,3,6
112,47,14,9
112,48,6,10
112,49,5,5
112,72,4,8
113,4,3,3
113,5,3,3
113,15,3,3
113,16,7,5
113,18,0,3
113,19,0,3
113,20,0,3
113,34,5,5
113,35,11,14
113,46,18,13
113,47,12,13
113,48,17,18
113,71,8,10
113,72,6,5
113,82,3,3
114,0,3,5
114,36,22,14
114,37,4,3
114,45,3,3
114,46,11,11
114,47,35,36
114,48,8,13
114,98,3,0
114,109,3,0
115,0,3,3
115,1,0,3
115,13,10,7
115,36,0,3
115,37,8,5
115,45,3,3
115,46,0,3
115,47,3,3
116,0,19,17
116,1,30,23
116,2,3,5
117,0,6,4
117,2,3,3
117,9,5,0
117,38,3,0
117,68,3,0
118,0,11,11
118,10,6,3
118,11,3,3
119,0,21,16
119,28,4,6
119,32,16,14
119,33,16,15
120,1,4,3
120,27,0,4
120,28,5,9
120,29,5,4
120,30,7,9
120,31,11,15
120,32,6,11
120,44,3,3
120,47,3,3
120,48,4,3
120,75,28,25
120,126,4,3
120,127,3,0
121,29,3,3
121,30,36,26
121,31,9,8
121,32,12,21
121,33,24,23
121,34,6,7
121,35,3,4
121,36,4,6
121,44,0,3
121,46,3,3
121,48,4,4
121,66,4,3
121,67,11,11
121,68,0,3
121,74,6,4
121,75,56,54
121,76,11,10
121,97,3,6
121,125,3,0
122,9,3,0
122,29,14,17
122,30,6,8
122,32,3,3
122,33,7,10
122,34,11,8
122,35,19,19
122,46,3,3
122,47,6,5
122,66,0,3
122,67,8,6
122,75,70,72
122,76,27,33
122,77,13,14
122,110,5,3
123,29,3,4
123,34,4,4
123,35,19,16
123,44,3,6
123,47,11,9
123,75,44,45
123,76,36,33
123,77,22,28
123,78,21,27
123,79,3,0
124,22,3,3
124,27,3,4
124,35,9,5
124,36,5,3
124,41,3,3
124,48,7,9
124,75,21,22
124,76,14,16
124,77,18,25
124,78,15,17
124,79,9,17
124,124,3,3
125,13,3,3
125,19,0,3
125,21,5,4
125,22,3,3
125,27,3,0
125,47,3,3
125,48,10,9
125,49,3,0
125,50,3,3
125,52,8,12
125,58,8,11
125,71,0,3
125,76,9,5
125,77,15,11
125,78,19,19
125,79,18,22
125,80,4,5
125,82,3,3
126,7,4,3
126,17,18,17
126,18,10,12
126,19,10,17
126,20,17,18
126,21,25,20
126,22,33,32
126,23,23,22
126,24,14,14
126,25,19,15
126,43,11,10
126,44,3,3
126,58,3,0
126,59,3,0
126,60,12,11
126,61,23,25
126,62,3,4
126,77,12,12
126,78,25,25
126,79,15,13
126,80,13,17
126,81,17,22
126,82,54,44
126,83,4,6
126,124,4,3
127,4,3,3
127,5,3,4
127,7,4,3
127,16,3,3
127,17,8,11
127,18,24,26
127,19,23,25
127,20,12,10
127,21,44,36
127,22,28,39
127,23,27,36
127,24,21,19
127,25,15,21
127,43,25,21
127,50,6,5
127,56,5,3
127,60,8,13
127,61,23,27
127,62,20,22
127,63,0,3
127,65,4,3
127,67,18,17
127,68,31,29
127,69,3,3
127,77,24,18
127,78,25,17
127,79,17,17
127,80,15,17
127,81,22,18
127,82,44,35
127,83,71,67
127,84,5,3
127,87,4,3
127,124,3,0