x,y,1,21,22,23,24
0,68,15,0,0,0,0
0,72,3,0,0,0,0
0,97,3,0,0,0,0
0,98,16,3,0,0,0
0,99,13,0,0,0,0
0,100,24,0,0,0,0
0,101,32,0,0,0,0
0,102,27,0,0,0,0
0,103,24,0,0,0,0
0,104,12,0,0,0,0
0,105,6,0,0,0,0
1,50,3,0,0,0,0
1,51,11,0,0,0,0
1,52,10,0,0,0,0
1,68,11,0,0,0,0
1,69,4,0,0,0,0
1,70,8,0,0,0,0
1,71,8,0,0,0,0
1,72,12,0,0,0,0
1,96,9,0,0,0,0
1,97,20,3,0,0,0
1,98,5,0,0,0,0
1,100,10,0,0,0,0
1,101,16,0,0,0,0
1,102,32,0,0,0,0
1,103,43,0,0,0,0
1,104,6,0,0,0,0
2,51,5,0,0,0,0
2,67,15,0,0,0,0
2,68,18,4,0,0,0
2,69,26,0,0,0,0
2,70,24,0,0,0,0
2,71,13,0,0,0,0
2,72,21,0,0,0,0
2,73,17,0,0,0,0
2,93,8,0,0,0,0
2,97,7,0,0,0,0
2,98,19,0,0,0,0
2,99,5,0,0,0,0
2,100,3,0,0,0,0
2,101,19,0,0,0,0
2,102,43,0,0,0,0
2,103,15,0,0,0,0
2,104,12,0,0,0,0
2,105,5,0,0,0,0
3,49,3,0,0,0,0
3,50,8,0,0,0,0
3,51,3,0,0,0,0
3,67,13,0,0,0,0
3,69,13,0,0,0,0
3,70,16,0,0,0,0
3,72,9,0,0,0,0
3,73,12,0,0,0,3
3,74,3,0,0,0,0
3,98,5,0,0,0,0
3,99,6,0,0,0,0
3,100,4,0,0,0,0
3,101,10,0,0,0,0
3,102,38,0,0,0,0
3,103,37,3,0,0,0
3,104,19,0,0,0,0
3,115,5,0,0,0,0
4,49,9,0,0,0,3
4,67,9,0,0,0,0
4,68,6,0,0,0,0
4,69,23,0,0,0,0
4,70,18,0,0,0,0
4,71,6,0,0,0,0
4,72,20,3,0,3,0
4,73,12,0,0,0,0
4,74,3,0,0,0,0
4,102,17,0,0,0,0
4,103,10,0,0,0,0
4,104,65,0,0,0,0
5,68,16,0,0,0,0
5,69,20,0,0,0,0
5,70,23,0,0,0,0
5,71,34,0,0,0,0
5,72,18,0,0,0,0
5,73,13,0,0,0,0
5,103,5,0,0,0,0
5,104,15,0,0,0,0
5,105,16,0,0,0,0
6,68,15,0,0,0,0
6,69,23,0,0,0,0
6,70,4,0,0,0,0
6,71,32,0,0,0,0
6,72,12,0,0,0,0
6,73,8,0,0,0,0
6,105,20,0,0,0,0
7,8,10,0,0,0,0
7,68,9,0,0,0,0
7,69,26,3,0,0,0
7,70,13,0,0,0,0
7,71,36,0,0,0,0
7,72,12,0,0,0,0
7,104,31,0,0,0,0
7,105,33,0,0,0,0
7,106,18,0,0,0,0
7,107,13,0,0,0,0
7,108,3,0,0,0,0
7,111,4,0,0,0,0
8,8,3,0,0,0,0
8,11,3,0,0,0,0
8,69,7,0,0,0,0
8,104,4,0,0,0,0
8,105,41,0,0,0,0
8,106,40,0,0,0,0
8,108,11,0,0,0,0
8,109,5,0,0,0,0
8,110,29,0,0,0,0
8,111,9,0,0,0,0
9,6,5,0,0,0,0
9,7,3,0,0,0,0
9,8,14,0,0,0,0
9,9,22,0,0,0,0
9,10,11,0,0,0,0
9,69,15,0,0,0,0
9,105,10,0,0,0,0
9,106,19,0,0,0,0
9,107,21,0,0,0,0
9,109,3,0,0,0,0
9,110,13,0,0,0,0
10,6,10,0,0,0,0
10,7,7,0,0,0,0
10,8,19,0,0,0,0
10,9,12,0,0,0,0
10,10,13,0,0,0,0
10,107,12,0,0,0,0
10,108,3,0,0,0,0
11,6,3,0,0,0,0
11,8,5,0,0,0,0
11,9,21,0,0,0,0
11,10,9,0,0,0,0
11,108,16,0,0,0,0
12,8,29,3,0,0,0
12,9,7,0,0,0,0
12,10,5,0,0,0,0
12,108,6,0,0,0,0
13,8,14,0,0,0,0
13,9,13,0,0,0,0
13,10,11,0,0,0,0
13,108,14,0,0,0,0
14,8,15,0,0,0,0
14,9,24,0,0,0,0
14,10,27,3,0,0,0
14,107,4,0,0,0,0
14,108,7,0,0,0,0
14,109,12,0,0,0,0
15,5,5,0,0,0,0
15,6,3,0,0,0,0
15,7,5,0,0,0,0
15,9,9,0,0,0,0
15,10,7,0,0,0,0
15,35,3,0,0,0,0
15,37,9,0,0,0,0
15,38,3,0,0,0,0
15,40,3,0,0,0,0
15,107,8,0,0,0,0
15,109,24,0,0,0,0
15,111,8,0,0,0,0
16,35,11,0,0,0,0
16,36,13,0,0,0,0
16,37,28,0,0,0,0
16,38,10,0,0,0,0
16,39,11,0,0,0,0
16,40,9,0,0,0,0
16,41,3,0,0,0,0
16,106,3,0,0,0,0
16,107,10,0,0,0,0
16,109,18,0,0,0,0
16,110,12,0,0,0,0
16,111,26,3,0,0,0
16,112,3,0,0,0,0
17,36,26,0,0,0,0
17,37,20,0,0,0,0
17,38,23,0,0,0,0
17,39,14,0,0,0,0
17,40,5,0,0,0,0
17,105,3,0,0,0,0
17,106,8,0,0,0,0
17,107,20,0,0,0,0
17,109,20,0,0,0,0
17,110,9,0,0,0,0
17,111,8,0,0,0,0
18,36,13,0,0,0,0
18,37,21,0,0,0,0
18,38,18,0,0,0,0
18,39,8,0,0,0,0
18,107,17,0,0,0,0
18,108,24,0,0,0,0
18,109,3,0,0,0,0
18,111,6,0,0,0,0
19,34,12,0,0,0,0
19,36,30,0,0,0,0
19,37,10,0,0,0,0
19,38,23,0,0,0,0
19,39,6,0,0,0,0
19,107,6,0,0,0,0
20,34,4,0,0,0,0
20,35,9,0,0,0,0
20,36,14,0,0,0,0
20,37,19,0,0,0,0
20,38,12,0,0,0,0
20,39,20,0,0,0,0
21,34,4,0,0,0,0
21,35,10,0,0,0,0
21,36,4,0,0,0,0
21,38,3,0,0,0,0
21,39,3,0,0,0,0
22,10,4,0,0,0,0
29,75,8,0,0,0,0
29,76,6,0,0,0,0
30,75,7,0,0,0,0
30,76,7,0,0,0,0
40,117,4,0,0,0,0
41,109,4,0,0,0,0
41,112,7,0,0,0,0
41,113,5,0,0,0,0
41,114,9,0,0,0,0
41,116,8,0,0,0,0
42,26,6,0,0,0,0
42,73,3,0,0,0,0
42,108,14,0,0,0,0
42,109,41,0,0,0,0
42,112,10,0,0,0,0
42,113,10,0,0,0,0
42,114,11,0,0,0,0
43,23,9,0,0,0,0
43,25,5,0,0,0,0
43,26,14,0,0,0,0
43,27,4,0,0,0,0
43,71,3,0,0,0,0
43,72,7,0,0,0,0
43,73,3,0,0,0,0
43,108,11,0,0,0,0
43,109,37,0,0,0,0
43,110,4,0,0,0,0
43,111,5,0,0,0,0
43,114,3,0,0,0,0
43,115,3,0,0,0,0
44,21,7,0,0,0,0
44,22,35,0,0,0,0
44,23,23,0,0,0,0
44,24,15,0,0,0,0
44,26,6,0,0,0,0
44,71,20,0,0,0,0
44,72,25,0,0,0,0
44,73,3,0,0,0,0
44,74,16,0,0,0,0
44,75,19,0,0,0,0
44,76,9,0,0,0,0
44,107,14,0,0,0,0
44,108,19,0,0,0,3
44,109,15,0,0,0,0
44,110,5,0,0,0,0
44,111,20,0,0,0,0
44,112,8,0,0,0,0
44,113,11,0,0,0,0
44,114,10,0,0,0,0
44,115,5,0,0,0,0
45,20,6,0,0,0,0
45,21,3,0,0,0,0
45,22,15,0,0,0,0
45,23,21,0,0,0,0
45,24,3,0,0,0,0
45,25,7,0,0,0,0
45,71,10,0,0,0,0
45,72,21,0,0,0,0
45,74,24,0,0,0,0
45,75,33,0,0,0,0
45,76,10,0,0,0,0
45,107,13,0,0,0,0
45,108,13,0,0,0,0
45,109,26,0,0,0,0
45,110,30,0,0,0,0
45,111,34,0,0,0,0
45,112,25,0,0,0,3
45,113,26,0,0,0,0
45,114,24,0,0,0,0
45,115,6,0,0,0,0
45,117,5,0,0,0,0
45,118,9,0,0,0,0
45,119,4,0,0,0,0
45,120,7,0,0,0,0
45,121,9,0,0,0,0
46,19,28,0,0,0,0
46,20,3,0,0,0,0
46,21,5,0,0,0,0
46,22,23,0,0,0,0
46,23,4,0,0,0,0
46,24,17,0,0,0,0
46,25,20,0,0,0,0
46,71,24,0,0,0,0
46,72,13,0,0,0,0
46,73,14,0,0,0,0
46,74,17,0,0,0,0
46,75,9,0,0,0,0
46,76,5,0,0,0,0
46,108,27,0,0,0,0
46,109,15,0,0,0,0
46,110,24,0,0,0,0
46,111,13,0,0,0,0
46,112,32,3,0,0,0
46,113,17,0,0,0,0
47,22,12,0,0,0,0
47,23,3,0,0,0,0
47,24,25,0,0,0,0
47,25,18,0,0,0,0
47,70,10,0,0,0,0
47,71,17,0,0,0,0
47,72,4,0,0,0,0
47,73,14,0,0,0,0
47,74,17,0,0,0,0
47,75,29,0,0,0,3
47,110,16,0,0,0,0
47,111,8,0,0,0,0
47,112,16,0,0,0,0
47,113,7,0,0,0,0
48,10,4,0,0,0,0
48,20,3,0,0,0,0
48,21,31,0,0,0,0
48,22,3,0,0,0,0
48,23,10,0,0,0,0
48,24,9,0,0,0,0
48,25,23,0,0,0,0
48,26,24,0,0,0,0
48,27,3,0,0,0,0
48,71,5,0,0,0,0
48,72,3,0,0,0,0
48,73,11,0,0,0,0
48,74,19,0,0,0,3
48,75,57,0,0,0,0
48,110,14,0,0,0,0
48,111,17,0,0,0,0
48,112,10,0,0,0,0
48,113,3,0,0,0,0
48,115,7,0,0,0,0
48,116,3,0,0,0,0
49,8,3,0,0,0,0
49,10,3,0,0,0,0
49,19,12,0,0,0,0
49,20,5,0,0,0,0
49,21,21,0,0,0,0
49,22,4,0,0,0,0
49,23,31,0,0,0,0
49,24,4,0,0,0,0
49,25,14,3,0,0,0
49,26,30,0,0,0,0
49,72,19,0,0,0,0
49,73,13,0,0,0,0
49,74,11,0,0,0,0
49,75,15,0,0,0,0
49,76,13,0,0,0,0
49,77,8,0,0,0,0
49,110,4,0,0,0,0
49,112,12,0,0,0,0
50,8,22,0,0,0,0
50,9,14,0,0,0,0
50,10,11,0,0,0,0
50,11,7,0,0,0,0
50,12,7,0,0,0,0
50,18,10,0,0,0,0
50,19,32,3,3,0,0
50,20,13,0,0,0,0
50,22,10,0,0,0,0
50,23,14,0,0,0,0
50,24,22,0,0,0,0
50,25,21,0,0,0,0
50,26,25,0,0,0,0
50,71,7,0,0,0,0
50,72,18,0,0,0,0
50,73,16,0,0,0,0
50,74,13,0,0,0,0
50,75,18,0,0,0,0
50,76,34,0,0,0,0
50,111,3,0,0,0,0
50,112,27,0,0,0,0
50,113,10,0,0,0,0
50,114,15,0,0,0,0
51,9,3,0,0,0,0
51,10,27,0,0,0,0
51,11,23,0,0,0,0
51,12,29,3,0,0,0
51,13,24,0,0,0,0
51,19,7,0,0,0,0
51,20,3,0,0,0,0
51,24,12,0,0,0,0
51,25,5,0,0,0,0
51,71,4,0,0,0,0
51,74,3,0,0,0,0
51,75,9,0,0,0,0
51,111,23,0,0,0,0
51,112,13,0,0,0,0
51,113,20,0,0,0,0
52,10,6,0,0,0,0
52,11,6,0,0,0,3
52,12,10,0,0,0,0
52,13,10,0,0,0,0
52,19,5,0,0,0,0
52,24,16,3,0,0,0
52,25,3,0,0,0,0
52,112,6,0,0,0,0
53,8,3,0,0,0,0
53,10,13,0,0,0,0
53,11,10,0,0,0,0
53,12,11,0,0,0,0
53,23,8,0,0,0,0
53,24,13,0,0,0,0
53,111,3,0,0,0,0
54,9,8,0,0,0,0
54,10,19,0,0,0,0
54,11,4,0,0,0,0
54,12,31,0,0,0,0
54,13,4,0,0,0,0
54,21,4,0,0,0,0
54,23,19,0,0,0,0
54,61,7,0,0,0,0
55,12,19,0,0,0,0
55,13,18,0,0,0,0
55,14,21,0,0,0,0
55,60,5,0,0,0,0
56,9,4,0,0,0,0
56,10,13,0,0,0,0
56,11,9,0,0,0,0
56,12,25,0,0,0,0
56,13,24,0,0,0,0
56,14,24,0,0,0,0
56,15,5,0,0,0,0
56,59,5,0,0,0,0
56,60,4,0,0,0,0
57,9,4,0,0,0,0
57,10,5,0,0,0,0
57,12,15,4,0,0,0
57,13,3,0,0,0,0
57,52,6,0,0,0,0
57,53,11,0,0,0,0
57,60,3,0,0,0,0
57,124,17,0,0,0,0
57,125,3,0,0,0,0
58,13,4,0,0,0,0
58,53,26,0,3,0,3
58,54,6,0,0,0,0
58,55,7,0,0,0,0
58,58,7,0,0,0,0
58,124,12,0,0,0,0
58,125,35,0,0,0,0
58,126,12,0,0,0,0
59,54,3,0,0,0,0
59,55,41,0,0,0,0
59,56,16,0,0,0,0
59,57,8,0,0,0,0
59,61,3,0,0,0,0
59,63,3,0,0,0,0
59,64,4,0,0,0,0
59,124,32,0,0,0,0
59,125,13,0,0,0,0
59,126,20,0,0,0,0
59,127,14,0,0,0,0
60,52,6,0,0,0,0
60,53,25,0,0,0,0
60,54,23,0,0,0,0
60,55,13,0,0,0,0
60,56,28,0,0,0,0
60,57,23,0,0,0,0
60,58,18,0,0,0,0
60,59,12,0,0,0,0
60,60,5,0,0,0,0
60,61,21,0,0,0,0
60,62,11,0,0,0,0
60,63,17,0,0,0,0
60,64,6,0,0,0,0
60,124,25,0,0,0,0
60,125,7,0,0,0,0
60,126,19,0,0,0,0
60,127,13,0,0,0,0
61,53,7,0,0,0,0
61,54,11,0,0,0,0
61,55,6,0,0,0,0
61,56,28,0,0,0,0
61,57,27,3,0,0,0
61,58,17,0,0,0,0
61,59,13,0,0,0,0
61,61,6,0,0,0,0
61,62,6,0,0,0,0
61,63,29,0,0,0,0
61,64,12,0,0,0,0
61,124,22,0,0,0,0
61,125,24,0,0,0,0
61,126,37,0,0,0,0
61,127,3,0,0,0,0
62,56,4,0,0,0,0
62,57,14,0,0,0,0
62,58,24,0,0,0,0
62,59,3,0,0,0,0
62,60,12,0,0,0,0
62,61,16,0,0,0,0
62,63,18,0,0,0,0
62,113,4,0,0,0,0
62,125,26,3,0,0,0
62,126,51,0,0,0,0
62,127,36,0,0,0,0
63,55,16,0,0,0,0
63,56,19,0,0,0,0
63,60,3,0,0,0,0
63,61,16,0,0,0,0
63,62,8,0,0,0,0
63,125,25,0,0,0,0
63,126,34,0,0,0,0
63,127,27,0,0,0,0
64,31,4,0,0,0,0
64,32,7,0,0,0,0
64,57,7,0,0,0,0
64,125,17,0,0,0,0
64,126,92,0,0,0,0
64,127,13,0,0,0,0
65,32,27,0,0,0,0
65,33,29,0,0,0,0
65,34,14,0,0,0,0
65,35,15,0,0,0,0
65,124,12,0,0,0,0
65,125,13,0,0,0,0
66,31,8,0,0,0,0
66,32,8,0,0,0,0
66,33,9,0,0,0,0
66,34,20,0,0,0,0
66,35,18,0,0,0,0
66,36,6,0,0,0,0
66,125,10,0,0,0,0
66,126,3,0,0,0,0
67,33,14,0,0,0,0
67,34,9,0,0,0,0
67,35,16,0,0,0,0
67,36,3,0,0,0,0
70,85,3,0,0,0,0
71,85,22,0,0,0,0
71,86,4,0,0,0,0
72,85,8,0,0,0,0
72,86,7,0,0,0,0
72,87,23,0,0,0,0
72,89,5,0,0,0,0
73,0,14,0,0,0,0
73,85,11,0,0,0,0
73,86,13,0,0,0,0
73,87,11,0,0,0,0
73,88,14,0,0,0,0
73,89,3,0,0,0,0
74,84,9,0,0,0,0
74,85,14,0,0,0,0
74,86,40,0,0,0,0
74,87,22,0,0,0,0
74,88,7,0,0,0,0
75,0,19,0,0,0,0
75,1,16,0,0,0,0
75,2,8,0,0,0,0
75,84,3,0,0,0,0
75,85,12,0,0,0,0
75,86,20,0,0,0,0
75,87,21,0,0,0,0
75,88,5,0,0,0,0
75,103,3,0,0,0,0
76,0,25,0,0,0,0
76,1,17,0,0,0,0
76,2,18,0,0,0,3
76,3,4,0,0,0,0
76,84,3,0,0,0,0
76,85,21,0,0,0,0
76,86,24,0,0,0,0
76,87,5,0,0,0,0
76,104,3,0,0,0,0
77,0,17,3,0,0,0
77,1,12,0,0,0,0
77,2,9,0,0,0,0
77,3,20,0,0,0,0
77,4,7,0,0,0,0
77,84,3,0,0,0,0
77,86,16,0,0,0,0
77,104,4,0,0,0,0
78,0,26,0,0,0,0
78,1,11,0,0,0,0
78,2,25,0,0,0,0
78,3,23,0,0,0,0
78,4,5,0,0,0,0
78,51,10,0,0,0,0
78,52,10,0,0,0,0
78,86,16,0,0,0,0
78,104,8,0,0,0,0
79,0,16,0,0,0,0
79,1,35,0,0,0,0
79,2,20,0,0,0,0
79,3,10,0,0,0,0
79,4,5,0,0,0,0
79,51,13,0,0,0,0
79,52,22,0,0,0,0
80,0,15,0,0,0,0
80,1,52,0,0,0,0
80,2,60,3,0,0,0
80,3,34,0,0,0,0
80,4,10,0,0,0,0
80,109,3,0,0,0,0
81,0,16,0,0,0,0
81,1,17,0,0,0,0
81,2,35,0,0,0,0
81,3,9,0,0,0,0
81,50,11,0,0,0,0
81,52,15,0,0,0,0
81,86,14,0,0,0,0
81,109,5,0,0,0,0
82,0,39,0,0,0,0
82,1,11,0,0,0,0
82,49,7,0,0,0,0
82,50,23,0,0,0,0
82,52,22,0,0,0,0
82,109,4,0,0,0,0
83,0,15,0,0,0,0
83,1,15,0,0,0,0
83,49,10,0,0,0,0
83,50,12,0,0,0,0
83,51,16,0,0,0,0
83,52,10,0,0,0,0
84,49,3,0,0,0,0
84,50,11,0,0,0,0
84,51,17,0,0,0,0
84,52,9,0,0,0,0
85,50,41,0,0,0,3
85,51,27,0,0,0,0
85,52,7,0,0,0,0
86,50,21,0,0,0,0
86,51,31,3,0,0,0
86,52,6,0,0,0,0
87,50,4,0,0,0,0
87,51,21,0,0,0,0
87,52,19,0,0,0,0
87,68,3,0,0,0,0
88,51,16,0,0,0,0
88,52,8,0,0,0,0
89,50,66,0,0,0,0
89,51,102,0,0,0,0
89,52,83,0,0,0,0
90,51,113,0,0,0,0
90,52,119,0,0,0,0
91,51,64,0,0,0,0
91,52,43,0,0,0,0
95,50,22,0,0,0,0
96,48,14,0,0,0,0
96,49,82,0,0,0,0
96,50,70,0,0,0,5
96,51,3,0,0,0,0
97,19,3,0,0,0,0
97,47,7,0,0,0,0
97,48,52,0,0,0,0
97,49,82,0,0,0,0
97,50,37,0,0,0,0
97,51,3,0,0,0,0
98,20,7,0,0,0,0
98,43,21,0,0,0,0
98,44,6,0,0,0,0
98,45,12,0,0,0,0
98,46,16,0,0,0,0
98,47,10,0,0,0,0
98,48,15,0,0,0,0
98,49,7,0,0,0,0
99,20,4,0,0,0,0
99,21,5,0,0,0,0
99,43,21,0,0,0,0
99,45,13,0,0,0,0
99,46,18,0,0,0,0
99,47,27,0,0,0,0
100,19,3,0,0,0,0
100,20,11,0,0,0,0
100,21,13,0,0,0,0
100,22,15,0,0,0,0
100,23,44,0,0,0,0
100,24,33,0,0,0,0
100,25,8,0,0,0,0
100,44,16,0,0,0,0
100,45,27,0,0,0,0
100,46,43,0,0,0,0
100,47,7,0,0,0,0
101,16,18,0,0,0,0
101,17,12,3,0,0,0
101,19,20,0,0,0,0
101,22,8,0,0,0,0
101,23,56,0,0,0,0
101,24,43,0,0,0,0
101,25,17,0,0,0,0
101,43,14,0,0,0,0
101,45,36,3,0,0,0
101,46,28,0,0,0,0
101,47,18,0,0,0,3
101,48,11,0,0,0,0
102,15,30,0,0,0,3
102,16,23,0,0,0,0
102,17,19,0,0,0,0
102,19,68,0,0,0,0
102,22,12,0,0,0,0
102,23,13,0,0,0,0
102,24,13,0,0,0,0
102,25,9,0,0,0,0
102,26,12,0,0,0,0
102,43,4,0,0,0,0
102,44,28,0,0,0,0
102,45,3,0,0,0,0
102,46,10,0,0,0,0
102,47,3,0,0,0,0
103,15,9,0,0,0,0
103,16,25,0,0,0,0
103,20,3,0,0,0,0
103,22,12,0,0,0,0
103,23,25,0,0,0,0
103,24,11,0,0,0,0
103,25,42,0,0,0,0
103,26,36,0,0,0,0
103,27,16,0,0,0,0
103,42,18,0,0,0,0
103,43,32,0,0,0,0
103,44,16,3,0,0,0
104,16,32,0,0,0,0
104,18,20,0,0,0,0
104,19,8,0,0,0,0
104,20,12,0,0,0,0
104,21,12,0,0,0,0
104,22,9,0,0,0,0
104,23,34,3,0,0,0
104,24,21,0,0,0,0
104,25,18,0,0,0,0
104,26,23,0,0,0,0
104,27,25,0,0,0,0
104,42,44,0,0,0,0
104,43,68,3,0,0,0
104,45,15,0,0,0,0
104,46,29,0,0,0,0
104,47,3,0,0,0,0
105,16,31,0,0,0,0
105,17,20,0,0,0,0
105,18,9,0,0,0,0
105,19,26,0,0,0,0
105,20,29,0,0,0,0
105,21,27,0,0,0,0
105,22,6,0,0,0,0
105,23,22,0,0,0,0
105,24,13,0,0,0,0
105,25,13,0,0,0,0
105,26,7,0,0,0,0
105,27,10,0,0,0,0
105,41,18,0,0,0,0
105,42,47,0,0,0,0
105,43,89,3,0,0,0
105,44,36,0,0,0,0
105,45,30,0,0,0,0
105,46,27,0,0,0,0
105,47,4,0,0,0,0
106,16,23,0,0,0,0
106,17,34,0,0,0,0
106,18,35,0,0,0,0
106,19,16,0,0,0,0
106,20,10,0,0,0,0
106,21,17,0,0,0,0
106,22,4,0,0,0,0
106,23,27,0,0,0,0
106,24,19,0,0,0,0
106,25,23,0,0,0,0
106,26,7,0,0,0,0
106,37,3,0,0,0,0
106,39,3,3,0,0,0
106,41,11,0,0,0,0
106,42,3,0,0,0,0
106,43,14,0,0,0,0
106,44,28,0,0,0,0
106,45,25,0,0,0,0
106,46,35,0,0,0,0
106,47,36,0,0,0,0
106,48,5,0,0,0,0
107,13,6,0,0,0,0
107,14,51,0,0,0,0
107,15,23,0,0,0,0
107,16,3,0,0,0,0
107,17,28,0,0,0,0
107,18,23,0,0,0,0
107,19,30,0,0,0,0
107,20,14,0,0,0,0
107,21,9,0,0,0,0
107,22,12,0,0,0,0
107,23,23,0,0,0,0
107,24,9,0,0,0,0
107,40,3,0,0,0,0
107,45,6,0,0,0,0
107,46,12,0,0,0,0
107,47,10,0,0,0,0
107,48,32,0,0,0,0
107,92,17,0,0,0,0
107,93,6,0,0,0,0
108,13,13,0,0,0,0
108,14,57,0,0,0,0
108,15,17,0,0,0,0
108,16,24,0,0,0,0
108,17,18,0,0,0,0
108,18,26,0,0,0,0
108,19,17,3,0,0,0
108,20,11,0,0,0,0
108,21,25,0,0,0,0
108,22,12,0,0,0,0
108,23,15,0,0,0,0
108,41,26,0,0,0,0
108,42,7,0,0,0,0
108,91,7,0,0,0,0
108,92,27,0,0,0,0
108,93,5,0,0,0,0
108,94,15,0,0,0,0
108,96,7,0,0,0,0
109,14,36,0,0,3,0
109,15,30,0,0,0,0
109,16,37,0,0,0,0
109,17,26,0,0,0,0
109,18,44,0,0,0,0
109,19,7,0,0,0,0
109,20,36,0,0,0,0
109,21,24,0,0,0,0
109,22,35,0,0,0,0
109,23,14,3,0,0,0
109,41,86,0,0,0,0
109,42,45,0,0,0,0
109,43,12,0,0,0,0
109,91,26,0,0,0,0
109,92,26,0,0,0,0
109,93,10,0,0,0,0
109,94,20,0,0,0,0
109,95,5,0,0,0,0
109,96,22,0,0,0,0
109,97,14,0,0,0,0
110,14,4,0,0,0,0
110,15,32,0,0,0,0
110,16,29,0,0,0,0
110,17,21,0,0,0,0
110,18,13,0,0,0,0
110,34,12,0,0,0,0
110,40,58,0,3,0,0
110,41,53,0,0,0,0
110,42,36,0,0,0,0
110,43,11,0,0,0,0
110,91,15,0,0,0,0
110,92,24,0,0,0,0
110,93,8,0,0,0,0
110,94,45,0,0,0,0
110,95,25,0,0,0,0
110,96,30,0,0,0,0
110,97,3,0,0,0,0
111,15,25,0,0,0,0
111,16,17,0,0,0,0
111,34,3,0,0,0,0
111,39,12,0,0,0,0
111,40,33,0,0,0,0
111,41,24,0,0,0,0
111,42,29,0,0,0,0
111,43,13,0,0,0,0
111,92,20,0,0,0,0
111,93,32,0,0,0,0
111,94,14,0,0,0,0
111,95,21,3,0,3,0
111,96,29,0,0,0,0
111,97,6,0,0,0,0
111,98,12,0,0,0,0
111,99,13,0,0,0,0
112,33,5,0,0,0,0
112,34,3,0,0,0,0
112,39,58,0,0,0,0
112,40,42,0,0,0,0
112,41,11,0,0,0,0
112,42,45,0,0,0,0
112,43,8,0,0,0,0
112,92,3,0,0,0,0
112,93,11,0,0,0,0
112,94,20,0,0,0,0
112,95,20,0,0,0,0
112,96,11,0,0,0,0
112,97,4,0,0,0,0
112,99,10,0,0,0,0
112,100,7,0,0,0,0
112,118,5,0,0,0,0
112,124,3,0,0,0,0
112,125,10,0,0,0,0
113,32,3,0,0,0,0
113,33,14,0,3,0,0
113,34,18,0,0,0,0
113,36,17,3,0,0,0
113,37,20,0,0,0,0
113,38,14,3,0,0,0
113,39,61,0,0,0,0
113,40,30,0,0,0,0
113,41,45,0,0,0,0
113,42,94,3,0,0,0
113,43,10,0,0,0,0
113,94,35,0,0,0,0
113,95,4,0,0,0,0
113,96,16,0,0,0,0
113,119,3,0,0,0,0
113,121,20,0,0,0,0
113,122,14,0,0,0,0
113,123,10,0,0,0,0
113,124,28,0,0,0,0
113,125,19,0,0,0,0
114,35,17,0,0,0,0
114,36,11,0,0,0,0
114,37,17,0,0,0,0
114,38,18,0,0,0,0
114,39,47,0,0,0,0
114,40,45,0,0,0,0
114,41,31,0,0,0,0
114,42,15,0,0,0,0
114,43,10,0,0,0,0
114,44,6,0,0,0,0
114,94,22,0,0,0,0
114,96,3,0,0,0,0
114,119,16,0,0,0,0
114,120,33,0,0,0,0
114,121,42,0,0,0,0
114,122,14,0,0,0,0
114,124,11,0,0,0,0
114,125,44,0,0,0,0
114,126,15,0,0,0,0
115,35,14,0,0,0,0
115,36,25,0,0,0,0
115,37,47,0,0,0,0
115,38,12,0,0,0,0
115,39,5,0,0,0,0
115,119,13,0,0,0,0
115,120,3,0,0,0,0
115,121,5,0,0,0,0
115,122,32,0,0,0,0
115,123,12,0,0,0,0
115,124,34,0,0,0,0
115,125,19,0,0,0,0
115,126,5,0,0,0,0
116,34,3,0,0,0,0
116,35,18,0,0,0,0
116,36,29,0,0,0,0
116,37,33,0,0,0,0
116,125,25,0,0,0,0
117,31,5,0,0,0,0
117,33,3,0,0,0,0
117,34,8,0,0,0,0
117,35,34,0,0,0,0
117,36,12,0,0,0,0
117,37,11,3,0,0,0
117,125,21,0,0,0,0
117,126,3,0,0,0,0
118,33,9,0,0,0,0
118,34,9,3,0,0,0
118,35,30,0,0,0,0
118,36,15,0,0,0,0
118,37,17,0,0,0,0
118,124,10,0,0,0,0
118,125,3,0,0,0,0
119,33,4,0,0,0,0
119,34,28,0,0,0,0
119,35,4,0,0,0,0
120,33,12,0,0,0,0
120,34,20,0,0,0,0
121,32,3,0,0,0,0
121,33,12,0,0,0,0
121,50,3,0,0,0,0
121,51,32,0,0,0,0
121,52,11,0,0,0,0
121,53,12,0,0,0,0
121,56,6,0,0,0,0
122,51,17,0,0,0,0
122,52,21,0,0,0,0
122,53,11,0,0,0,0
122,55,7,0,0,0,0
122,56,14,0,0,0,0
123,52,8,0,0,0,0
123,53,17,0,0,0,0
123,54,21,0,0,0,0
123,55,18,0,0,0,0
123,56,7,0,0,0,0
124,52,17,0,0,0,0
124,53,18,0,0,0,0
124,54,8,0,0,0,0
124,55,24,0,0,0,0
124,56,19,0,0,0,0
124,78,16,0,0,0,0
124,80,4,0,0,0,0
124,81,8,0,0,0,0
125,53,12,0,0,0,0
125,54,19,0,0,0,0
125,55,27,0,0,0,0
125,56,13,0,0,0,0
125,78,6,0,0,0,0
125,79,3,0,0,0,0
125,80,14,0,0,0,0
125,81,20,0,0,0,0
126,52,11,0,0,0,0
126,55,12,0,0,0,0
126,56,3,0,0,0,0
126,78,9,0,0,0,0
126,79,5,0,0,0,0
126,80,18,0,0,0,0
126,81,10,0,0,0,0
126,82,29,0,0,0,0
127,78,8,0,0,0,0
127,79,17,0,0,0,0
127,80,33,7,0,0,0
127,81,11,0,0,0,0
127,82,20,0,0,0,0
127,83,5,0,0,0,0
127,96,6,0,0,0,0
127,98,7,0,0,0,0
127,99,35,0,0,0,0
127,100,18,3,0,0,0
127,103,3,0,0,0,0